1	1	1	1	1	1	1.000000000000000000000000000000000000000000000000000000000000000	0
1	1	2	2	1	2	1.000000000000000000000000000000000000000000000000000000000000000	0
1	1	3	3	1	3	1.000000000000000000000000000000000000000000000000000000000000000	0
1	1	4	4	1	4	1.000000000000000000000000000000000000000000000000000000000000000	0
1	1	5	5	1	5	1.000000000000000000000000000000000000000000000000000000000000000	0
1	1	6	6	1	6	1.000000000000000000000000000000000000000000000000000000000000000	0
1	2	1	2	2	2	1.000000000000000000000000000000000000000000000000000000000000000	0
1	2	2	3	2	3	1.000000000000000000000000000000000000000000000000000000000000000	0
1	2	3	1	2	1	1.000000000000000000000000000000000000000000000000000000000000000	0
1	2	4	6	2	6	1.000000000000000000000000000000000000000000000000000000000000000	0
1	2	5	4	2	4	1.000000000000000000000000000000000000000000000000000000000000000	0
1	2	6	5	2	5	1.000000000000000000000000000000000000000000000000000000000000000	0
1	3	1	3	3	3	1.000000000000000000000000000000000000000000000000000000000000000	0
1	3	2	1	3	1	1.000000000000000000000000000000000000000000000000000000000000000	0
1	3	3	2	3	2	1.000000000000000000000000000000000000000000000000000000000000000	0
1	3	4	5	3	5	1.000000000000000000000000000000000000000000000000000000000000000	0
1	3	5	6	3	6	1.000000000000000000000000000000000000000000000000000000000000000	0
1	3	6	4	3	4	1.000000000000000000000000000000000000000000000000000000000000000	0
1	4	1	4	4	4	1.000000000000000000000000000000000000000000000000000000000000000	0
1	4	2	6	4	6	1.000000000000000000000000000000000000000000000000000000000000000	0
1	4	3	5	4	5	1.000000000000000000000000000000000000000000000000000000000000000	0
1	4	4	1	4	1	1.000000000000000000000000000000000000000000000000000000000000000	0
1	4	4	4	4	4	1.000000000000000000000000000000000000000000000000000000000000000	0
1	4	5	3	4	3	1.000000000000000000000000000000000000000000000000000000000000000	0
1	4	5	5	4	5	1.000000000000000000000000000000000000000000000000000000000000000	0
1	4	6	2	4	2	1.000000000000000000000000000000000000000000000000000000000000000	0
1	4	6	6	4	6	1.000000000000000000000000000000000000000000000000000000000000000	0
1	5	1	5	5	5	1.000000000000000000000000000000000000000000000000000000000000000	0
1	5	2	4	5	4	1.000000000000000000000000000000000000000000000000000000000000000	0
1	5	3	6	5	6	1.000000000000000000000000000000000000000000000000000000000000000	0
1	5	4	3	5	3	1.000000000000000000000000000000000000000000000000000000000000000	0
1	5	4	5	5	5	1.000000000000000000000000000000000000000000000000000000000000000	0
1	5	5	2	5	2	1.000000000000000000000000000000000000000000000000000000000000000	0
1	5	5	6	5	6	1.000000000000000000000000000000000000000000000000000000000000000	0
1	5	6	1	5	1	1.000000000000000000000000000000000000000000000000000000000000000	0
1	5	6	4	5	4	1.000000000000000000000000000000000000000000000000000000000000000	0
1	6	1	6	6	6	1.000000000000000000000000000000000000000000000000000000000000000	0
1	6	2	5	6	5	1.000000000000000000000000000000000000000000000000000000000000000	0
1	6	3	4	6	4	1.000000000000000000000000000000000000000000000000000000000000000	0
1	6	4	2	6	2	1.000000000000000000000000000000000000000000000000000000000000000	0
1	6	4	6	6	6	1.000000000000000000000000000000000000000000000000000000000000000	0
1	6	5	1	6	1	1.000000000000000000000000000000000000000000000000000000000000000	0
1	6	5	4	6	4	1.000000000000000000000000000000000000000000000000000000000000000	0
1	6	6	3	6	3	1.000000000000000000000000000000000000000000000000000000000000000	0
1	6	6	5	6	5	1.000000000000000000000000000000000000000000000000000000000000000	0
2	1	1	2	2	1	1.000000000000000000000000000000000000000000000000000000000000000	0
2	1	2	3	2	2	1.000000000000000000000000000000000000000000000000000000000000000	0
2	1	3	1	2	3	1.000000000000000000000000000000000000000000000000000000000000000	0
2	1	4	6	2	4	1.000000000000000000000000000000000000000000000000000000000000000	0
2	1	5	4	2	5	1.000000000000000000000000000000000000000000000000000000000000000	0
2	1	6	5	2	6	1.000000000000000000000000000000000000000000000000000000000000000	0
2	2	1	3	3	2	1.000000000000000000000000000000000000000000000000000000000000000	0
2	2	2	1	3	3	1.000000000000000000000000000000000000000000000000000000000000000	0
2	2	3	2	3	1	1.000000000000000000000000000000000000000000000000000000000000000	0
2	2	4	5	3	6	-1.000000000000000000000000000000000000000000000000000000000000000	0
2	2	5	6	3	4	1.000000000000000000000000000000000000000000000000000000000000000	0
2	2	6	4	3	5	1.000000000000000000000000000000000000000000000000000000000000000	0
2	3	1	1	1	3	1.000000000000000000000000000000000000000000000000000000000000000	0
2	3	2	2	1	1	-0.5000000000000000000000000000000000000000000000000000000000000000	0.8660254037844386467637231707529361834714026269051903140279034897
2	3	3	3	1	2	-0.5000000000000000000000000000000000000000000000000000000000000000	-0.8660254037844386467637231707529361834714026269051903140279034897
2	3	4	4	1	5	1.000000000000000000000000000000000000000000000000000000000000000	0
2	3	5	5	1	6	0.5000000000000000000000000000000000000000000000000000000000000000	0.8660254037844386467637231707529361834714026269051903140279034897
2	3	6	6	1	4	0.5000000000000000000000000000000000000000000000000000000000000000	-0.8660254037844386467637231707529361834714026269051903140279034897
2	4	1	6	6	4	1.000000000000000000000000000000000000000000000000000000000000000	0
2	4	2	5	6	6	1.000000000000000000000000000000000000000000000000000000000000000	0
2	4	3	4	6	5	1.000000000000000000000000000000000000000000000000000000000000000	0
2	4	4	2	6	1	-1.000000000000000000000000000000000000000000000000000000000000000	0
2	4	4	6	6	4	-1.000000000000000000000000000000000000000000000000000000000000000	0
2	4	5	1	6	3	1.000000000000000000000000000000000000000000000000000000000000000	0
2	4	5	4	6	5	1.000000000000000000000000000000000000000000000000000000000000000	0
2	4	6	3	6	2	1.000000000000000000000000000000000000000000000000000000000000000	0
2	4	6	5	6	6	1.000000000000000000000000000000000000000000000000000000000000000	0
2	5	1	4	4	5	1.000000000000000000000000000000000000000000000000000000000000000	0
2	5	2	6	4	4	0.5000000000000000000000000000000000000000000000000000000000000000	-0.8660254037844386467637231707529361834714026269051903140279034897
2	5	3	5	4	6	0.5000000000000000000000000000000000000000000000000000000000000000	0.8660254037844386467637231707529361834714026269051903140279034897
2	5	4	1	4	3	1.000000000000000000000000000000000000000000000000000000000000000	0
2	5	4	4	4	5	1.000000000000000000000000000000000000000000000000000000000000000	0
2	5	5	3	4	2	0.5000000000000000000000000000000000000000000000000000000000000000	0.8660254037844386467637231707529361834714026269051903140279034897
2	5	5	5	4	6	0.5000000000000000000000000000000000000000000000000000000000000000	0.8660254037844386467637231707529361834714026269051903140279034897
2	5	6	2	4	1	-0.5000000000000000000000000000000000000000000000000000000000000000	0.8660254037844386467637231707529361834714026269051903140279034897
2	5	6	6	4	4	-0.5000000000000000000000000000000000000000000000000000000000000000	0.8660254037844386467637231707529361834714026269051903140279034897
2	6	1	5	5	6	1.000000000000000000000000000000000000000000000000000000000000000	0
2	6	2	4	5	5	-1.000000000000000000000000000000000000000000000000000000000000000	0
2	6	3	6	5	4	-1.000000000000000000000000000000000000000000000000000000000000000	0
2	6	4	3	5	2	1.000000000000000000000000000000000000000000000000000000000000000	0
2	6	4	5	5	6	-1.000000000000000000000000000000000000000000000000000000000000000	0
2	6	5	2	5	1	1.000000000000000000000000000000000000000000000000000000000000000	0
2	6	5	6	5	4	-1.000000000000000000000000000000000000000000000000000000000000000	0
2	6	6	1	5	3	-1.000000000000000000000000000000000000000000000000000000000000000	0
2	6	6	4	5	5	1.000000000000000000000000000000000000000000000000000000000000000	0
3	1	1	3	3	1	1.000000000000000000000000000000000000000000000000000000000000000	0
3	1	2	1	3	2	1.000000000000000000000000000000000000000000000000000000000000000	0
3	1	3	2	3	3	1.000000000000000000000000000000000000000000000000000000000000000	0
3	1	4	5	3	4	1.000000000000000000000000000000000000000000000000000000000000000	0
3	1	5	6	3	5	1.000000000000000000000000000000000000000000000000000000000000000	0
3	1	6	4	3	6	1.000000000000000000000000000000000000000000000000000000000000000	0
3	2	1	1	1	2	1.000000000000000000000000000000000000000000000000000000000000000	0
3	2	2	2	1	3	-0.5000000000000000000000000000000000000000000000000000000000000000	0.8660254037844386467637231707529361834714026269051903140279034897
3	2	3	3	1	1	-0.5000000000000000000000000000000000000000000000000000000000000000	-0.8660254037844386467637231707529361834714026269051903140279034897
3	2	4	4	1	6	-1.000000000000000000000000000000000000000000000000000000000000000	0
3	2	5	5	1	4	-0.5000000000000000000000000000000000000000000000000000000000000000	-0.8660254037844386467637231707529361834714026269051903140279034897
3	2	6	6	1	5	0.5000000000000000000000000000000000000000000000000000000000000000	-0.8660254037844386467637231707529361834714026269051903140279034897
3	3	1	2	2	3	1.000000000000000000000000000000000000000000000000000000000000000	0
3	3	2	3	2	1	-0.5000000000000000000000000000000000000000000000000000000000000000	0.8660254037844386467637231707529361834714026269051903140279034897
3	3	3	1	2	2	-0.5000000000000000000000000000000000000000000000000000000000000000	-0.8660254037844386467637231707529361834714026269051903140279034897
3	3	4	6	2	5	1.000000000000000000000000000000000000000000000000000000000000000	0
3	3	5	4	2	6	0.5000000000000000000000000000000000000000000000000000000000000000	0.8660254037844386467637231707529361834714026269051903140279034897
3	3	6	5	2	4	-0.5000000000000000000000000000000000000000000000000000000000000000	0.8660254037844386467637231707529361834714026269051903140279034897
3	4	1	5	5	4	1.000000000000000000000000000000000000000000000000000000000000000	0
3	4	2	4	5	6	1.000000000000000000000000000000000000000000000000000000000000000	0
3	4	3	6	5	5	1.000000000000000000000000000000000000000000000000000000000000000	0
3	4	4	3	5	1	1.000000000000000000000000000000000000000000000000000000000000000	0
3	4	4	5	5	4	1.000000000000000000000000000000000000000000000000000000000000000	0
3	4	5	2	5	3	-1.000000000000000000000000000000000000000000000000000000000000000	0
3	4	5	6	5	5	1.000000000000000000000000000000000000000000000000000000000000000	0
3	4	6	1	5	2	1.000000000000000000000000000000000000000000000000000000000000000	0
3	4	6	4	5	6	-1.000000000000000000000000000000000000000000000000000000000000000	0
3	5	1	6	6	5	1.000000000000000000000000000000000000000000000000000000000000000	0
3	5	2	5	6	4	-0.5000000000000000000000000000000000000000000000000000000000000000	0.8660254037844386467637231707529361834714026269051903140279034897
3	5	3	4	6	6	0.5000000000000000000000000000000000000000000000000000000000000000	0.8660254037844386467637231707529361834714026269051903140279034897
3	5	4	2	6	3	-1.000000000000000000000000000000000000000000000000000000000000000	0
3	5	4	6	6	5	-1.000000000000000000000000000000000000000000000000000000000000000	0
3	5	5	1	6	2	0.5000000000000000000000000000000000000000000000000000000000000000	0.8660254037844386467637231707529361834714026269051903140279034897
3	5	5	4	6	6	0.5000000000000000000000000000000000000000000000000000000000000000	0.8660254037844386467637231707529361834714026269051903140279034897
3	5	6	3	6	1	-0.5000000000000000000000000000000000000000000000000000000000000000	0.8660254037844386467637231707529361834714026269051903140279034897
3	5	6	5	6	4	0.5000000000000000000000000000000000000000000000000000000000000000	-0.8660254037844386467637231707529361834714026269051903140279034897
3	6	1	4	4	6	1.000000000000000000000000000000000000000000000000000000000000000	0
3	6	2	6	4	5	-0.5000000000000000000000000000000000000000000000000000000000000000	0.8660254037844386467637231707529361834714026269051903140279034897
3	6	3	5	4	4	0.5000000000000000000000000000000000000000000000000000000000000000	0.8660254037844386467637231707529361834714026269051903140279034897
3	6	4	1	4	2	1.000000000000000000000000000000000000000000000000000000000000000	0
3	6	4	4	4	6	-1.000000000000000000000000000000000000000000000000000000000000000	0
3	6	5	3	4	1	0.5000000000000000000000000000000000000000000000000000000000000000	0.8660254037844386467637231707529361834714026269051903140279034897
3	6	5	5	4	4	0.5000000000000000000000000000000000000000000000000000000000000000	0.8660254037844386467637231707529361834714026269051903140279034897
3	6	6	2	4	3	0.5000000000000000000000000000000000000000000000000000000000000000	-0.8660254037844386467637231707529361834714026269051903140279034897
3	6	6	6	4	5	-0.5000000000000000000000000000000000000000000000000000000000000000	0.8660254037844386467637231707529361834714026269051903140279034897
4	1	1	4	4	1	1.000000000000000000000000000000000000000000000000000000000000000	0
4	1	2	6	4	2	1.000000000000000000000000000000000000000000000000000000000000000	0
4	1	3	5	4	3	1.000000000000000000000000000000000000000000000000000000000000000	0
4	1	4	1	4	4	1.000000000000000000000000000000000000000000000000000000000000000	0
4	1	4	4	4	4	1.000000000000000000000000000000000000000000000000000000000000000	0
4	1	5	3	4	5	1.000000000000000000000000000000000000000000000000000000000000000	0
4	1	5	5	4	5	1.000000000000000000000000000000000000000000000000000000000000000	0
4	1	6	2	4	6	1.000000000000000000000000000000000000000000000000000000000000000	0
4	1	6	6	4	6	1.000000000000000000000000000000000000000000000000000000000000000	0
4	2	1	6	6	2	1.000000000000000000000000000000000000000000000000000000000000000	0
4	2	2	5	6	3	-1.000000000000000000000000000000000000000000000000000000000000000	0
4	2	3	4	6	1	1.000000000000000000000000000000000000000000000000000000000000000	0
4	2	4	2	6	6	1.000000000000000000000000000000000000000000000000000000000000000	0
4	2	4	6	6	6	1.000000000000000000000000000000000000000000000000000000000000000	0
4	2	5	1	6	4	1.000000000000000000000000000000000000000000000000000000000000000	0
4	2	5	4	6	4	1.000000000000000000000000000000000000000000000000000000000000000	0
4	2	6	3	6	5	1.000000000000000000000000000000000000000000000000000000000000000	0
4	2	6	5	6	5	-1.000000000000000000000000000000000000000000000000000000000000000	0
4	3	1	5	5	3	1.000000000000000000000000000000000000000000000000000000000000000	0
4	3	2	4	5	1	-1.000000000000000000000000000000000000000000000000000000000000000	0
4	3	3	6	5	2	1.000000000000000000000000000000000000000000000000000000000000000	0
4	3	4	3	5	5	1.000000000000000000000000000000000000000000000000000000000000000	0
4	3	4	5	5	5	1.000000000000000000000000000000000000000000000000000000000000000	0
4	3	5	2	5	6	1.000000000000000000000000000000000000000000000000000000000000000	0
4	3	5	6	5	6	-1.000000000000000000000000000000000000000000000000000000000000000	0
4	3	6	1	5	4	1.000000000000000000000000000000000000000000000000000000000000000	0
4	3	6	4	5	4	1.000000000000000000000000000000000000000000000000000000000000000	0
4	4	1	1	1	4	1.000000000000000000000000000000000000000000000000000000000000000	0
4	4	1	4	4	4	1.000000000000000000000000000000000000000000000000000000000000000	0
4	4	2	2	1	6	-1.000000000000000000000000000000000000000000000000000000000000000	0
4	4	2	6	4	6	-1.000000000000000000000000000000000000000000000000000000000000000	0
4	4	3	3	1	5	1.000000000000000000000000000000000000000000000000000000000000000	0
4	4	3	5	4	5	1.000000000000000000000000000000000000000000000000000000000000000	0
4	4	4	1	4	4	1.000000000000000000000000000000000000000000000000000000000000000	0
4	4	4	4	1	1	0.618033988749894848204586834365638117720309179805762862135448623	0
4	4	4	4	1	4	0.786151377757423286069558585842958929523122057837723237664901970	0
4	4	4	4	4	1	0.786151377757423286069558585842958929523122057837723237664901970	0
4	4	4	4	4	4	-0.618033988749894848204586834365638117720309179805762862135448623	0
4	4	5	3	4	5	1.000000000000000000000000000000000000000000000000000000000000000	0
4	4	5	5	1	3	0.618033988749894848204586834365638117720309179805762862135448623	0
4	4	5	5	1	5	0.786151377757423286069558585842958929523122057837723237664901970	0
4	4	5	5	4	3	0.786151377757423286069558585842958929523122057837723237664901970	0
4	4	5	5	4	5	-0.618033988749894848204586834365638117720309179805762862135448623	0
4	4	6	2	4	6	-1.000000000000000000000000000000000000000000000000000000000000000	0
4	4	6	6	1	2	-0.618033988749894848204586834365638117720309179805762862135448623	0
4	4	6	6	1	6	0.786151377757423286069558585842958929523122057837723237664901970	0
4	4	6	6	4	2	0.786151377757423286069558585842958929523122057837723237664901970	0
4	4	6	6	4	6	0.618033988749894848204586834365638117720309179805762862135448623	0
4	5	1	3	3	5	1.000000000000000000000000000000000000000000000000000000000000000	0
4	5	1	5	5	5	1.000000000000000000000000000000000000000000000000000000000000000	0
4	5	2	1	3	4	-1.000000000000000000000000000000000000000000000000000000000000000	0
4	5	2	4	5	4	1.000000000000000000000000000000000000000000000000000000000000000	0
4	5	3	2	3	6	-1.000000000000000000000000000000000000000000000000000000000000000	0
4	5	3	6	5	6	-1.000000000000000000000000000000000000000000000000000000000000000	0
4	5	4	3	5	5	1.000000000000000000000000000000000000000000000000000000000000000	0
4	5	4	5	3	3	0.618033988749894848204586834365638117720309179805762862135448623	0
4	5	4	5	3	5	0.786151377757423286069558585842958929523122057837723237664901970	0
4	5	4	5	5	3	0.786151377757423286069558585842958929523122057837723237664901970	0
4	5	4	5	5	5	-0.618033988749894848204586834365638117720309179805762862135448623	0
4	5	5	2	5	6	1.000000000000000000000000000000000000000000000000000000000000000	0
4	5	5	6	3	2	-0.618033988749894848204586834365638117720309179805762862135448623	0
4	5	5	6	3	6	-0.786151377757423286069558585842958929523122057837723237664901970	0
4	5	5	6	5	2	-0.786151377757423286069558585842958929523122057837723237664901970	0
4	5	5	6	5	6	0.618033988749894848204586834365638117720309179805762862135448623	0
4	5	6	1	5	4	1.000000000000000000000000000000000000000000000000000000000000000	0
4	5	6	4	3	1	0.618033988749894848204586834365638117720309179805762862135448623	0
4	5	6	4	3	4	0.786151377757423286069558585842958929523122057837723237664901970	0
4	5	6	4	5	1	0.786151377757423286069558585842958929523122057837723237664901970	0
4	5	6	4	5	4	-0.618033988749894848204586834365638117720309179805762862135448623	0
4	6	1	2	2	6	1.000000000000000000000000000000000000000000000000000000000000000	0
4	6	1	6	6	6	1.000000000000000000000000000000000000000000000000000000000000000	0
4	6	2	3	2	5	1.000000000000000000000000000000000000000000000000000000000000000	0
4	6	2	5	6	5	-1.000000000000000000000000000000000000000000000000000000000000000	0
4	6	3	1	2	4	-1.000000000000000000000000000000000000000000000000000000000000000	0
4	6	3	4	6	4	-1.000000000000000000000000000000000000000000000000000000000000000	0
4	6	4	2	6	6	1.000000000000000000000000000000000000000000000000000000000000000	0
4	6	4	6	2	2	0.618033988749894848204586834365638117720309179805762862135448623	0
4	6	4	6	2	6	-0.786151377757423286069558585842958929523122057837723237664901970	0
4	6	4	6	6	2	-0.786151377757423286069558585842958929523122057837723237664901970	0
4	6	4	6	6	6	-0.618033988749894848204586834365638117720309179805762862135448623	0
4	6	5	1	6	4	-1.000000000000000000000000000000000000000000000000000000000000000	0
4	6	5	4	2	1	-0.618033988749894848204586834365638117720309179805762862135448623	0
4	6	5	4	2	4	-0.786151377757423286069558585842958929523122057837723237664901970	0
4	6	5	4	6	1	-0.786151377757423286069558585842958929523122057837723237664901970	0
4	6	5	4	6	4	0.618033988749894848204586834365638117720309179805762862135448623	0
4	6	6	3	6	5	1.000000000000000000000000000000000000000000000000000000000000000	0
4	6	6	5	2	3	-0.618033988749894848204586834365638117720309179805762862135448623	0
4	6	6	5	2	5	0.786151377757423286069558585842958929523122057837723237664901970	0
4	6	6	5	6	3	0.786151377757423286069558585842958929523122057837723237664901970	0
4	6	6	5	6	5	0.618033988749894848204586834365638117720309179805762862135448623	0
5	1	1	5	5	1	1.000000000000000000000000000000000000000000000000000000000000000	0
5	1	2	4	5	2	1.000000000000000000000000000000000000000000000000000000000000000	0
5	1	3	6	5	3	1.000000000000000000000000000000000000000000000000000000000000000	0
5	1	4	3	5	4	1.000000000000000000000000000000000000000000000000000000000000000	0
5	1	4	5	5	4	1.000000000000000000000000000000000000000000000000000000000000000	0
5	1	5	2	5	5	1.000000000000000000000000000000000000000000000000000000000000000	0
5	1	5	6	5	5	1.000000000000000000000000000000000000000000000000000000000000000	0
5	1	6	1	5	6	1.000000000000000000000000000000000000000000000000000000000000000	0
5	1	6	4	5	6	1.000000000000000000000000000000000000000000000000000000000000000	0
5	2	1	4	4	2	1.000000000000000000000000000000000000000000000000000000000000000	0
5	2	2	6	4	3	0.5000000000000000000000000000000000000000000000000000000000000000	-0.8660254037844386467637231707529361834714026269051903140279034897
5	2	3	5	4	1	0.5000000000000000000000000000000000000000000000000000000000000000	0.8660254037844386467637231707529361834714026269051903140279034897
5	2	4	1	4	6	1.000000000000000000000000000000000000000000000000000000000000000	0
5	2	4	4	4	6	1.000000000000000000000000000000000000000000000000000000000000000	0
5	2	5	3	4	4	0.5000000000000000000000000000000000000000000000000000000000000000	0.8660254037844386467637231707529361834714026269051903140279034897
5	2	5	5	4	4	0.5000000000000000000000000000000000000000000000000000000000000000	0.8660254037844386467637231707529361834714026269051903140279034897
5	2	6	2	4	5	-0.5000000000000000000000000000000000000000000000000000000000000000	0.8660254037844386467637231707529361834714026269051903140279034897
5	2	6	6	4	5	0.5000000000000000000000000000000000000000000000000000000000000000	-0.8660254037844386467637231707529361834714026269051903140279034897
5	3	1	6	6	3	1.000000000000000000000000000000000000000000000000000000000000000	0
5	3	2	5	6	1	0.5000000000000000000000000000000000000000000000000000000000000000	-0.8660254037844386467637231707529361834714026269051903140279034897
5	3	3	4	6	2	0.5000000000000000000000000000000000000000000000000000000000000000	0.8660254037844386467637231707529361834714026269051903140279034897
5	3	4	2	6	5	1.000000000000000000000000000000000000000000000000000000000000000	0
5	3	4	6	6	5	-1.000000000000000000000000000000000000000000000000000000000000000	0
5	3	5	1	6	6	0.5000000000000000000000000000000000000000000000000000000000000000	0.8660254037844386467637231707529361834714026269051903140279034897
5	3	5	4	6	6	0.5000000000000000000000000000000000000000000000000000000000000000	0.8660254037844386467637231707529361834714026269051903140279034897
5	3	6	3	6	4	-0.5000000000000000000000000000000000000000000000000000000000000000	0.8660254037844386467637231707529361834714026269051903140279034897
5	3	6	5	6	4	0.5000000000000000000000000000000000000000000000000000000000000000	-0.8660254037844386467637231707529361834714026269051903140279034897
5	4	1	3	3	4	1.000000000000000000000000000000000000000000000000000000000000000	0
5	4	1	5	5	4	1.000000000000000000000000000000000000000000000000000000000000000	0
5	4	2	1	3	6	-1.000000000000000000000000000000000000000000000000000000000000000	0
5	4	2	4	5	6	1.000000000000000000000000000000000000000000000000000000000000000	0
5	4	3	2	3	5	-1.000000000000000000000000000000000000000000000000000000000000000	0
5	4	3	6	5	5	1.000000000000000000000000000000000000000000000000000000000000000	0
5	4	4	3	5	4	1.000000000000000000000000000000000000000000000000000000000000000	0
5	4	4	5	3	1	0.618033988749894848204586834365638117720309179805762862135448623	0
5	4	4	5	3	4	0.786151377757423286069558585842958929523122057837723237664901970	0
5	4	4	5	5	1	0.786151377757423286069558585842958929523122057837723237664901970	0
5	4	4	5	5	4	-0.618033988749894848204586834365638117720309179805762862135448623	0
5	4	5	2	5	5	1.000000000000000000000000000000000000000000000000000000000000000	0
5	4	5	6	3	3	0.618033988749894848204586834365638117720309179805762862135448623	0
5	4	5	6	3	5	0.786151377757423286069558585842958929523122057837723237664901970	0
5	4	5	6	5	3	0.786151377757423286069558585842958929523122057837723237664901970	0
5	4	5	6	5	5	-0.618033988749894848204586834365638117720309179805762862135448623	0
5	4	6	1	5	6	-1.000000000000000000000000000000000000000000000000000000000000000	0
5	4	6	4	3	2	-0.618033988749894848204586834365638117720309179805762862135448623	0
5	4	6	4	3	6	-0.786151377757423286069558585842958929523122057837723237664901970	0
5	4	6	4	5	2	-0.786151377757423286069558585842958929523122057837723237664901970	0
5	4	6	4	5	6	0.618033988749894848204586834365638117720309179805762862135448623	0
5	5	1	2	2	5	1.000000000000000000000000000000000000000000000000000000000000000	0
5	5	1	6	6	5	1.000000000000000000000000000000000000000000000000000000000000000	0
5	5	2	3	2	4	-0.5000000000000000000000000000000000000000000000000000000000000000	0.8660254037844386467637231707529361834714026269051903140279034897
5	5	2	5	6	4	-0.5000000000000000000000000000000000000000000000000000000000000000	0.8660254037844386467637231707529361834714026269051903140279034897
5	5	3	1	2	6	-0.5000000000000000000000000000000000000000000000000000000000000000	-0.8660254037844386467637231707529361834714026269051903140279034897
5	5	3	4	6	6	0.5000000000000000000000000000000000000000000000000000000000000000	0.8660254037844386467637231707529361834714026269051903140279034897
5	5	4	2	6	5	1.000000000000000000000000000000000000000000000000000000000000000	0
5	5	4	6	2	3	-0.618033988749894848204586834365638117720309179805762862135448623	0
5	5	4	6	2	5	-0.786151377757423286069558585842958929523122057837723237664901970	0
5	5	4	6	6	3	-0.786151377757423286069558585842958929523122057837723237664901970	0
5	5	4	6	6	5	0.618033988749894848204586834365638117720309179805762862135448623	0
5	5	5	1	6	6	0.5000000000000000000000000000000000000000000000000000000000000000	0.8660254037844386467637231707529361834714026269051903140279034897
5	5	5	4	2	2	0.3090169943749474241022934171828190588601545899028814310677243114	0.5352331346596348979129547645691318109725291128703025496329416967
5	5	5	4	2	6	-0.3930756888787116430347792929214794647615610289188616188324509851	-0.6808270643580652604794434222227224216173551864950470387512996151
5	5	5	4	6	2	-0.3930756888787116430347792929214794647615610289188616188324509851	-0.6808270643580652604794434222227224216173551864950470387512996151
5	5	5	4	6	6	-0.3090169943749474241022934171828190588601545899028814310677243114	-0.5352331346596348979129547645691318109725291128703025496329416967
5	5	6	3	6	4	-0.5000000000000000000000000000000000000000000000000000000000000000	0.8660254037844386467637231707529361834714026269051903140279034897
5	5	6	5	2	1	0.3090169943749474241022934171828190588601545899028814310677243114	-0.5352331346596348979129547645691318109725291128703025496329416967
5	5	6	5	2	4	0.3930756888787116430347792929214794647615610289188616188324509851	-0.6808270643580652604794434222227224216173551864950470387512996151
5	5	6	5	6	1	0.3930756888787116430347792929214794647615610289188616188324509851	-0.6808270643580652604794434222227224216173551864950470387512996151
5	5	6	5	6	4	-0.3090169943749474241022934171828190588601545899028814310677243114	0.5352331346596348979129547645691318109725291128703025496329416967
5	6	1	1	1	6	1.000000000000000000000000000000000000000000000000000000000000000	0
5	6	1	4	4	6	1.000000000000000000000000000000000000000000000000000000000000000	0
5	6	2	2	1	5	0.5000000000000000000000000000000000000000000000000000000000000000	-0.8660254037844386467637231707529361834714026269051903140279034897
5	6	2	6	4	5	-0.5000000000000000000000000000000000000000000000000000000000000000	0.8660254037844386467637231707529361834714026269051903140279034897
5	6	3	3	1	4	0.5000000000000000000000000000000000000000000000000000000000000000	0.8660254037844386467637231707529361834714026269051903140279034897
5	6	3	5	4	4	0.5000000000000000000000000000000000000000000000000000000000000000	0.8660254037844386467637231707529361834714026269051903140279034897
5	6	4	1	4	6	-1.000000000000000000000000000000000000000000000000000000000000000	0
5	6	4	4	1	2	-0.618033988749894848204586834365638117720309179805762862135448623	0
5	6	4	4	1	6	-0.786151377757423286069558585842958929523122057837723237664901970	0
5	6	4	4	4	2	-0.786151377757423286069558585842958929523122057837723237664901970	0
5	6	4	4	4	6	0.618033988749894848204586834365638117720309179805762862135448623	0
5	6	5	3	4	4	0.5000000000000000000000000000000000000000000000000000000000000000	0.8660254037844386467637231707529361834714026269051903140279034897
5	6	5	5	1	1	0.3090169943749474241022934171828190588601545899028814310677243114	0.5352331346596348979129547645691318109725291128703025496329416967
5	6	5	5	1	4	0.3930756888787116430347792929214794647615610289188616188324509851	0.6808270643580652604794434222227224216173551864950470387512996151
5	6	5	5	4	1	0.3930756888787116430347792929214794647615610289188616188324509851	0.6808270643580652604794434222227224216173551864950470387512996151
5	6	5	5	4	4	-0.3090169943749474241022934171828190588601545899028814310677243114	-0.5352331346596348979129547645691318109725291128703025496329416967
5	6	6	2	4	5	0.5000000000000000000000000000000000000000000000000000000000000000	-0.8660254037844386467637231707529361834714026269051903140279034897
5	6	6	6	1	3	-0.3090169943749474241022934171828190588601545899028814310677243114	0.5352331346596348979129547645691318109725291128703025496329416967
5	6	6	6	1	5	0.3930756888787116430347792929214794647615610289188616188324509851	-0.6808270643580652604794434222227224216173551864950470387512996151
5	6	6	6	4	3	0.3930756888787116430347792929214794647615610289188616188324509851	-0.6808270643580652604794434222227224216173551864950470387512996151
5	6	6	6	4	5	0.3090169943749474241022934171828190588601545899028814310677243114	-0.5352331346596348979129547645691318109725291128703025496329416967
6	1	1	6	6	1	1.000000000000000000000000000000000000000000000000000000000000000	0
6	1	2	5	6	2	1.000000000000000000000000000000000000000000000000000000000000000	0
6	1	3	4	6	3	1.000000000000000000000000000000000000000000000000000000000000000	0
6	1	4	2	6	4	1.000000000000000000000000000000000000000000000000000000000000000	0
6	1	4	6	6	4	1.000000000000000000000000000000000000000000000000000000000000000	0
6	1	5	1	6	5	1.000000000000000000000000000000000000000000000000000000000000000	0
6	1	5	4	6	5	1.000000000000000000000000000000000000000000000000000000000000000	0
6	1	6	3	6	6	1.000000000000000000000000000000000000000000000000000000000000000	0
6	1	6	5	6	6	1.000000000000000000000000000000000000000000000000000000000000000	0
6	2	1	5	5	2	1.000000000000000000000000000000000000000000000000000000000000000	0
6	2	2	4	5	3	1.000000000000000000000000000000000000000000000000000000000000000	0
6	2	3	6	5	1	-1.000000000000000000000000000000000000000000000000000000000000000	0
6	2	4	3	5	6	1.000000000000000000000000000000000000000000000000000000000000000	0
6	2	4	5	5	6	-1.000000000000000000000000000000000000000000000000000000000000000	0
6	2	5	2	5	4	-1.000000000000000000000000000000000000000000000000000000000000000	0
6	2	5	6	5	4	1.000000000000000000000000000000000000000000000000000000000000000	0
6	2	6	1	5	5	-1.000000000000000000000000000000000000000000000000000000000000000	0
6	2	6	4	5	5	-1.000000000000000000000000000000000000000000000000000000000000000	0
6	3	1	4	4	3	1.000000000000000000000000000000000000000000000000000000000000000	0
6	3	2	6	4	1	-0.5000000000000000000000000000000000000000000000000000000000000000	0.8660254037844386467637231707529361834714026269051903140279034897
6	3	3	5	4	2	0.5000000000000000000000000000000000000000000000000000000000000000	0.8660254037844386467637231707529361834714026269051903140279034897
6	3	4	1	4	5	1.000000000000000000000000000000000000000000000000000000000000000	0
6	3	4	4	4	5	1.000000000000000000000000000000000000000000000000000000000000000	0
6	3	5	3	4	6	0.5000000000000000000000000000000000000000000000000000000000000000	0.8660254037844386467637231707529361834714026269051903140279034897
6	3	5	5	4	6	-0.5000000000000000000000000000000000000000000000000000000000000000	-0.8660254037844386467637231707529361834714026269051903140279034897
6	3	6	2	4	4	0.5000000000000000000000000000000000000000000000000000000000000000	-0.8660254037844386467637231707529361834714026269051903140279034897
6	3	6	6	4	4	0.5000000000000000000000000000000000000000000000000000000000000000	-0.8660254037844386467637231707529361834714026269051903140279034897
6	4	1	2	2	4	1.000000000000000000000000000000000000000000000000000000000000000	0
6	4	1	6	6	4	1.000000000000000000000000000000000000000000000000000000000000000	0
6	4	2	3	2	6	1.000000000000000000000000000000000000000000000000000000000000000	0
6	4	2	5	6	6	1.000000000000000000000000000000000000000000000000000000000000000	0
6	4	3	1	2	5	-1.000000000000000000000000000000000000000000000000000000000000000	0
6	4	3	4	6	5	-1.000000000000000000000000000000000000000000000000000000000000000	0
6	4	4	2	6	4	-1.000000000000000000000000000000000000000000000000000000000000000	0
6	4	4	6	2	1	-0.618033988749894848204586834365638117720309179805762862135448623	0
6	4	4	6	2	4	0.786151377757423286069558585842958929523122057837723237664901970	0
6	4	4	6	6	1	0.786151377757423286069558585842958929523122057837723237664901970	0
6	4	4	6	6	4	0.618033988749894848204586834365638117720309179805762862135448623	0
6	4	5	1	6	5	-1.000000000000000000000000000000000000000000000000000000000000000	0
6	4	5	4	2	3	-0.618033988749894848204586834365638117720309179805762862135448623	0
6	4	5	4	2	5	-0.786151377757423286069558585842958929523122057837723237664901970	0
6	4	5	4	6	3	-0.786151377757423286069558585842958929523122057837723237664901970	0
6	4	5	4	6	5	0.618033988749894848204586834365638117720309179805762862135448623	0
6	4	6	3	6	6	1.000000000000000000000000000000000000000000000000000000000000000	0
6	4	6	5	2	2	0.618033988749894848204586834365638117720309179805762862135448623	0
6	4	6	5	2	6	-0.786151377757423286069558585842958929523122057837723237664901970	0
6	4	6	5	6	2	-0.786151377757423286069558585842958929523122057837723237664901970	0
6	4	6	5	6	6	-0.618033988749894848204586834365638117720309179805762862135448623	0
6	5	1	1	1	5	1.000000000000000000000000000000000000000000000000000000000000000	0
6	5	1	4	4	5	1.000000000000000000000000000000000000000000000000000000000000000	0
6	5	2	2	1	4	-0.5000000000000000000000000000000000000000000000000000000000000000	0.8660254037844386467637231707529361834714026269051903140279034897
6	5	2	6	4	4	-0.5000000000000000000000000000000000000000000000000000000000000000	0.8660254037844386467637231707529361834714026269051903140279034897
6	5	3	3	1	6	0.5000000000000000000000000000000000000000000000000000000000000000	0.8660254037844386467637231707529361834714026269051903140279034897
6	5	3	5	4	6	-0.5000000000000000000000000000000000000000000000000000000000000000	-0.8660254037844386467637231707529361834714026269051903140279034897
6	5	4	1	4	5	1.000000000000000000000000000000000000000000000000000000000000000	0
6	5	4	4	1	3	0.618033988749894848204586834365638117720309179805762862135448623	0
6	5	4	4	1	5	0.786151377757423286069558585842958929523122057837723237664901970	0
6	5	4	4	4	3	0.786151377757423286069558585842958929523122057837723237664901970	0
6	5	4	4	4	5	-0.618033988749894848204586834365638117720309179805762862135448623	0
6	5	5	3	4	6	0.5000000000000000000000000000000000000000000000000000000000000000	0.8660254037844386467637231707529361834714026269051903140279034897
6	5	5	5	1	2	-0.3090169943749474241022934171828190588601545899028814310677243114	-0.5352331346596348979129547645691318109725291128703025496329416967
6	5	5	5	1	6	-0.3930756888787116430347792929214794647615610289188616188324509851	-0.6808270643580652604794434222227224216173551864950470387512996151
6	5	5	5	4	2	-0.3930756888787116430347792929214794647615610289188616188324509851	-0.6808270643580652604794434222227224216173551864950470387512996151
6	5	5	5	4	6	0.3090169943749474241022934171828190588601545899028814310677243114	0.5352331346596348979129547645691318109725291128703025496329416967
6	5	6	2	4	4	0.5000000000000000000000000000000000000000000000000000000000000000	-0.8660254037844386467637231707529361834714026269051903140279034897
6	5	6	6	1	1	0.3090169943749474241022934171828190588601545899028814310677243114	-0.5352331346596348979129547645691318109725291128703025496329416967
6	5	6	6	1	4	-0.3930756888787116430347792929214794647615610289188616188324509851	0.6808270643580652604794434222227224216173551864950470387512996151
6	5	6	6	4	1	-0.3930756888787116430347792929214794647615610289188616188324509851	0.6808270643580652604794434222227224216173551864950470387512996151
6	5	6	6	4	4	-0.3090169943749474241022934171828190588601545899028814310677243114	0.5352331346596348979129547645691318109725291128703025496329416967
6	6	1	3	3	6	1.000000000000000000000000000000000000000000000000000000000000000	0
6	6	1	5	5	6	1.000000000000000000000000000000000000000000000000000000000000000	0
6	6	2	1	3	5	1.000000000000000000000000000000000000000000000000000000000000000	0
6	6	2	4	5	5	1.000000000000000000000000000000000000000000000000000000000000000	0
6	6	3	2	3	4	1.000000000000000000000000000000000000000000000000000000000000000	0
6	6	3	6	5	4	-1.000000000000000000000000000000000000000000000000000000000000000	0
6	6	4	3	5	6	1.000000000000000000000000000000000000000000000000000000000000000	0
6	6	4	5	3	2	-0.618033988749894848204586834365638117720309179805762862135448623	0
6	6	4	5	3	6	0.786151377757423286069558585842958929523122057837723237664901970	0
6	6	4	5	5	2	0.786151377757423286069558585842958929523122057837723237664901970	0
6	6	4	5	5	6	0.618033988749894848204586834365638117720309179805762862135448623	0
6	6	5	2	5	4	1.000000000000000000000000000000000000000000000000000000000000000	0
6	6	5	6	3	1	-0.618033988749894848204586834365638117720309179805762862135448623	0
6	6	5	6	3	4	0.786151377757423286069558585842958929523122057837723237664901970	0
6	6	5	6	5	1	0.786151377757423286069558585842958929523122057837723237664901970	0
6	6	5	6	5	4	0.618033988749894848204586834365638117720309179805762862135448623	0
6	6	6	1	5	5	-1.000000000000000000000000000000000000000000000000000000000000000	0
6	6	6	4	3	3	-0.618033988749894848204586834365638117720309179805762862135448623	0
6	6	6	4	3	5	0.786151377757423286069558585842958929523122057837723237664901970	0
6	6	6	4	5	3	0.786151377757423286069558585842958929523122057837723237664901970	0
6	6	6	4	5	5	0.618033988749894848204586834365638117720309179805762862135448623	0