1	1	1	1.000000000000000000000000000000000000000000000000000000000000000	0
1	2	2	1.000000000000000000000000000000000000000000000000000000000000000	0
1	3	3	1.000000000000000000000000000000000000000000000000000000000000000	0
1	4	4	1.000000000000000000000000000000000000000000000000000000000000000	0
1	5	5	1.000000000000000000000000000000000000000000000000000000000000000	0
1	6	6	1.000000000000000000000000000000000000000000000000000000000000000	0
2	1	2	1.000000000000000000000000000000000000000000000000000000000000000	0
2	2	1	0.	-1.0000000000000000000000000000000000000000000000000000000000000000
2	3	6	-1.000000000000000000000000000000000000000000000000000000000000000	0
2	4	5	0.	1.0000000000000000000000000000000000000000000000000000000000000000
2	5	4	1.000000000000000000000000000000000000000000000000000000000000000	0
2	6	3	0.	1.0000000000000000000000000000000000000000000000000000000000000000
3	1	3	1.000000000000000000000000000000000000000000000000000000000000000	0
3	2	6	1.000000000000000000000000000000000000000000000000000000000000000	0
3	3	5	-0.8660254037844386467637231707529361834714026269051903140279034897	0.5000000000000000000000000000000000000000000000000000000000000000
3	4	1	0.5000000000000000000000000000000000000000000000000000000000000000	-0.8660254037844386467637231707529361834714026269051903140279034897
3	5	2	0.5000000000000000000000000000000000000000000000000000000000000000	-0.8660254037844386467637231707529361834714026269051903140279034897
3	6	4	-0.8660254037844386467637231707529361834714026269051903140279034897	0.5000000000000000000000000000000000000000000000000000000000000000
4	1	4	1.000000000000000000000000000000000000000000000000000000000000000	0
4	2	5	0.	1.0000000000000000000000000000000000000000000000000000000000000000
4	3	1	-0.5000000000000000000000000000000000000000000000000000000000000000	0.8660254037844386467637231707529361834714026269051903140279034897
4	4	6	-0.8660254037844386467637231707529361834714026269051903140279034897	0.5000000000000000000000000000000000000000000000000000000000000000
4	5	3	-0.5000000000000000000000000000000000000000000000000000000000000000	-0.8660254037844386467637231707529361834714026269051903140279034897
4	6	2	-0.8660254037844386467637231707529361834714026269051903140279034897	-0.5000000000000000000000000000000000000000000000000000000000000000
5	1	5	1.000000000000000000000000000000000000000000000000000000000000000	0
5	2	4	1.000000000000000000000000000000000000000000000000000000000000000	0
5	3	2	0.5000000000000000000000000000000000000000000000000000000000000000	-0.8660254037844386467637231707529361834714026269051903140279034897
5	4	3	-0.5000000000000000000000000000000000000000000000000000000000000000	-0.8660254037844386467637231707529361834714026269051903140279034897
5	5	6	-0.5000000000000000000000000000000000000000000000000000000000000000	-0.8660254037844386467637231707529361834714026269051903140279034897
5	6	1	0.5000000000000000000000000000000000000000000000000000000000000000	-0.8660254037844386467637231707529361834714026269051903140279034897
6	1	6	1.000000000000000000000000000000000000000000000000000000000000000	0
6	2	3	0.	-1.0000000000000000000000000000000000000000000000000000000000000000
6	3	4	0.8660254037844386467637231707529361834714026269051903140279034897	-0.5000000000000000000000000000000000000000000000000000000000000000
6	4	2	0.8660254037844386467637231707529361834714026269051903140279034897	0.5000000000000000000000000000000000000000000000000000000000000000
6	5	1	0.5000000000000000000000000000000000000000000000000000000000000000	-0.8660254037844386467637231707529361834714026269051903140279034897
6	6	5	-0.5000000000000000000000000000000000000000000000000000000000000000	-0.8660254037844386467637231707529361834714026269051903140279034897