1	1	1	1.000000000000000000000000000000000000000000000000000000000000000	0
1	2	2	1.000000000000000000000000000000000000000000000000000000000000000	0
1	3	3	1.000000000000000000000000000000000000000000000000000000000000000	0
1	4	4	1.000000000000000000000000000000000000000000000000000000000000000	0
1	5	5	1.000000000000000000000000000000000000000000000000000000000000000	0
1	6	6	1.000000000000000000000000000000000000000000000000000000000000000	0
2	1	2	1.000000000000000000000000000000000000000000000000000000000000000	0
2	2	1	0.	1.0000000000000000000000000000000000000000000000000000000000000000
2	3	4	-1.000000000000000000000000000000000000000000000000000000000000000	0
2	4	3	0.	-1.0000000000000000000000000000000000000000000000000000000000000000
2	5	6	0.7071067811865475244008443621048490392848359376884740365883398690	-0.7071067811865475244008443621048490392848359376884740365883398690
2	6	5	-0.7071067811865475244008443621048490392848359376884740365883398690	0.7071067811865475244008443621048490392848359376884740365883398690
3	1	3	1.000000000000000000000000000000000000000000000000000000000000000	0
3	2	4	1.000000000000000000000000000000000000000000000000000000000000000	0
3	3	1	0.	-1.0000000000000000000000000000000000000000000000000000000000000000
3	4	2	0.	-1.0000000000000000000000000000000000000000000000000000000000000000
3	5	6	0.7071067811865475244008443621048490392848359376884740365883398690	-0.7071067811865475244008443621048490392848359376884740365883398690
3	6	5	0.7071067811865475244008443621048490392848359376884740365883398690	-0.7071067811865475244008443621048490392848359376884740365883398690
4	1	4	1.000000000000000000000000000000000000000000000000000000000000000	0
4	2	3	0.	1.0000000000000000000000000000000000000000000000000000000000000000
4	3	2	0.	1.0000000000000000000000000000000000000000000000000000000000000000
4	4	1	-1.000000000000000000000000000000000000000000000000000000000000000	0
4	5	5	-1.000000000000000000000000000000000000000000000000000000000000000	0
4	6	6	1.000000000000000000000000000000000000000000000000000000000000000	0
5	1	5	1.000000000000000000000000000000000000000000000000000000000000000	0
5	2	6	0.7071067811865475244008443621048490392848359376884740365883398690	0.7071067811865475244008443621048490392848359376884740365883398690
5	3	6	-0.7071067811865475244008443621048490392848359376884740365883398690	-0.7071067811865475244008443621048490392848359376884740365883398690
5	4	5	1.000000000000000000000000000000000000000000000000000000000000000	0
5	5	1	0.9238795325112867561281831893967882868224166258636424861150977313	0.3826834323650897717284599840303988667613445624856270414338006356
5	5	4	0.3826834323650897717284599840303988667613445624856270414338006356	-0.9238795325112867561281831893967882868224166258636424861150977313
5	6	2	-0.3826834323650897717284599840303988667613445624856270414338006356	0.9238795325112867561281831893967882868224166258636424861150977313
5	6	3	-0.9238795325112867561281831893967882868224166258636424861150977313	-0.3826834323650897717284599840303988667613445624856270414338006356
6	1	6	1.000000000000000000000000000000000000000000000000000000000000000	0
6	2	5	0.7071067811865475244008443621048490392848359376884740365883398690	0.7071067811865475244008443621048490392848359376884740365883398690
6	3	5	0.7071067811865475244008443621048490392848359376884740365883398690	0.7071067811865475244008443621048490392848359376884740365883398690
6	4	6	-1.000000000000000000000000000000000000000000000000000000000000000	0
6	5	2	0.3826834323650897717284599840303988667613445624856270414338006356	-0.9238795325112867561281831893967882868224166258636424861150977313
6	5	3	0.9238795325112867561281831893967882868224166258636424861150977313	0.3826834323650897717284599840303988667613445624856270414338006356
6	6	1	-0.3826834323650897717284599840303988667613445624856270414338006356	0.9238795325112867561281831893967882868224166258636424861150977313
6	6	4	0.9238795325112867561281831893967882868224166258636424861150977313	0.3826834323650897717284599840303988667613445624856270414338006356