1	1	1	1	1	1	1.000000000000000000000000000000000000000000000000000000000000000	0
1	1	2	2	1	2	1.000000000000000000000000000000000000000000000000000000000000000	0
1	1	3	3	1	3	1.000000000000000000000000000000000000000000000000000000000000000	0
1	1	4	4	1	4	1.000000000000000000000000000000000000000000000000000000000000000	0
1	1	5	5	1	5	1.000000000000000000000000000000000000000000000000000000000000000	0
1	1	6	6	1	6	1.000000000000000000000000000000000000000000000000000000000000000	0
1	2	1	2	2	2	1.000000000000000000000000000000000000000000000000000000000000000	0
1	2	2	1	2	1	1.000000000000000000000000000000000000000000000000000000000000000	0
1	2	3	4	2	4	1.000000000000000000000000000000000000000000000000000000000000000	0
1	2	4	3	2	3	1.000000000000000000000000000000000000000000000000000000000000000	0
1	2	5	6	2	6	1.000000000000000000000000000000000000000000000000000000000000000	0
1	2	6	5	2	5	1.000000000000000000000000000000000000000000000000000000000000000	0
1	3	1	3	3	3	1.000000000000000000000000000000000000000000000000000000000000000	0
1	3	2	4	3	4	1.000000000000000000000000000000000000000000000000000000000000000	0
1	3	3	1	3	1	1.000000000000000000000000000000000000000000000000000000000000000	0
1	3	3	5	3	5	1.000000000000000000000000000000000000000000000000000000000000000	0
1	3	4	2	3	2	1.000000000000000000000000000000000000000000000000000000000000000	0
1	3	4	6	3	6	1.000000000000000000000000000000000000000000000000000000000000000	0
1	3	5	3	3	3	1.000000000000000000000000000000000000000000000000000000000000000	0
1	3	5	5	3	5	1.000000000000000000000000000000000000000000000000000000000000000	0
1	3	6	4	3	4	1.000000000000000000000000000000000000000000000000000000000000000	0
1	3	6	6	3	6	1.000000000000000000000000000000000000000000000000000000000000000	0
1	4	1	4	4	4	1.000000000000000000000000000000000000000000000000000000000000000	0
1	4	2	3	4	3	1.000000000000000000000000000000000000000000000000000000000000000	0
1	4	3	2	4	2	1.000000000000000000000000000000000000000000000000000000000000000	0
1	4	3	6	4	6	1.000000000000000000000000000000000000000000000000000000000000000	0
1	4	4	1	4	1	1.000000000000000000000000000000000000000000000000000000000000000	0
1	4	4	5	4	5	1.000000000000000000000000000000000000000000000000000000000000000	0
1	4	5	4	4	4	1.000000000000000000000000000000000000000000000000000000000000000	0
1	4	5	6	4	6	1.000000000000000000000000000000000000000000000000000000000000000	0
1	4	6	3	4	3	1.000000000000000000000000000000000000000000000000000000000000000	0
1	4	6	5	4	5	1.000000000000000000000000000000000000000000000000000000000000000	0
1	5	1	5	5	5	1.000000000000000000000000000000000000000000000000000000000000000	0
1	5	2	6	5	6	1.000000000000000000000000000000000000000000000000000000000000000	0
1	5	3	3	5	3	1.000000000000000000000000000000000000000000000000000000000000000	0
1	5	3	5	5	5	1.000000000000000000000000000000000000000000000000000000000000000	0
1	5	4	4	5	4	1.000000000000000000000000000000000000000000000000000000000000000	0
1	5	4	6	5	6	1.000000000000000000000000000000000000000000000000000000000000000	0
1	5	5	1	5	1	1.000000000000000000000000000000000000000000000000000000000000000	0
1	5	5	3	5	3	1.000000000000000000000000000000000000000000000000000000000000000	0
1	5	5	5	5	5	1.000000000000000000000000000000000000000000000000000000000000000	0
1	5	6	2	5	2	1.000000000000000000000000000000000000000000000000000000000000000	0
1	5	6	4	5	4	1.000000000000000000000000000000000000000000000000000000000000000	0
1	5	6	6	5	6	1.000000000000000000000000000000000000000000000000000000000000000	0
1	6	1	6	6	6	1.000000000000000000000000000000000000000000000000000000000000000	0
1	6	2	5	6	5	1.000000000000000000000000000000000000000000000000000000000000000	0
1	6	3	4	6	4	1.000000000000000000000000000000000000000000000000000000000000000	0
1	6	3	6	6	6	1.000000000000000000000000000000000000000000000000000000000000000	0
1	6	4	3	6	3	1.000000000000000000000000000000000000000000000000000000000000000	0
1	6	4	5	6	5	1.000000000000000000000000000000000000000000000000000000000000000	0
1	6	5	2	6	2	1.000000000000000000000000000000000000000000000000000000000000000	0
1	6	5	4	6	4	1.000000000000000000000000000000000000000000000000000000000000000	0
1	6	5	6	6	6	1.000000000000000000000000000000000000000000000000000000000000000	0
1	6	6	1	6	1	1.000000000000000000000000000000000000000000000000000000000000000	0
1	6	6	3	6	3	1.000000000000000000000000000000000000000000000000000000000000000	0
1	6	6	5	6	5	1.000000000000000000000000000000000000000000000000000000000000000	0
2	1	1	2	2	1	1.000000000000000000000000000000000000000000000000000000000000000	0
2	1	2	1	2	2	1.000000000000000000000000000000000000000000000000000000000000000	0
2	1	3	4	2	3	1.000000000000000000000000000000000000000000000000000000000000000	0
2	1	4	3	2	4	1.000000000000000000000000000000000000000000000000000000000000000	0
2	1	5	6	2	5	1.000000000000000000000000000000000000000000000000000000000000000	0
2	1	6	5	2	6	1.000000000000000000000000000000000000000000000000000000000000000	0
2	2	1	1	1	2	1.000000000000000000000000000000000000000000000000000000000000000	0
2	2	2	2	1	1	1.000000000000000000000000000000000000000000000000000000000000000	0
2	2	3	3	1	4	1.000000000000000000000000000000000000000000000000000000000000000	0
2	2	4	4	1	3	1.000000000000000000000000000000000000000000000000000000000000000	0
2	2	5	5	1	6	1.000000000000000000000000000000000000000000000000000000000000000	0
2	2	6	6	1	5	1.000000000000000000000000000000000000000000000000000000000000000	0
2	3	1	4	4	3	1.000000000000000000000000000000000000000000000000000000000000000	0
2	3	2	3	4	4	1.000000000000000000000000000000000000000000000000000000000000000	0
2	3	3	2	4	1	1.000000000000000000000000000000000000000000000000000000000000000	0
2	3	3	6	4	5	1.000000000000000000000000000000000000000000000000000000000000000	0
2	3	4	1	4	2	1.000000000000000000000000000000000000000000000000000000000000000	0
2	3	4	5	4	6	1.000000000000000000000000000000000000000000000000000000000000000	0
2	3	5	4	4	3	1.000000000000000000000000000000000000000000000000000000000000000	0
2	3	5	6	4	5	1.000000000000000000000000000000000000000000000000000000000000000	0
2	3	6	3	4	4	1.000000000000000000000000000000000000000000000000000000000000000	0
2	3	6	5	4	6	1.000000000000000000000000000000000000000000000000000000000000000	0
2	4	1	3	3	4	1.000000000000000000000000000000000000000000000000000000000000000	0
2	4	2	4	3	3	1.000000000000000000000000000000000000000000000000000000000000000	0
2	4	3	1	3	2	1.000000000000000000000000000000000000000000000000000000000000000	0
2	4	3	5	3	6	1.000000000000000000000000000000000000000000000000000000000000000	0
2	4	4	2	3	1	1.000000000000000000000000000000000000000000000000000000000000000	0
2	4	4	6	3	5	1.000000000000000000000000000000000000000000000000000000000000000	0
2	4	5	3	3	4	1.000000000000000000000000000000000000000000000000000000000000000	0
2	4	5	5	3	6	1.000000000000000000000000000000000000000000000000000000000000000	0
2	4	6	4	3	3	1.000000000000000000000000000000000000000000000000000000000000000	0
2	4	6	6	3	5	1.000000000000000000000000000000000000000000000000000000000000000	0
2	5	1	6	6	5	1.000000000000000000000000000000000000000000000000000000000000000	0
2	5	2	5	6	6	1.000000000000000000000000000000000000000000000000000000000000000	0
2	5	3	4	6	3	1.000000000000000000000000000000000000000000000000000000000000000	0
2	5	3	6	6	5	1.000000000000000000000000000000000000000000000000000000000000000	0
2	5	4	3	6	4	1.000000000000000000000000000000000000000000000000000000000000000	0
2	5	4	5	6	6	1.000000000000000000000000000000000000000000000000000000000000000	0
2	5	5	2	6	1	1.000000000000000000000000000000000000000000000000000000000000000	0
2	5	5	4	6	3	1.000000000000000000000000000000000000000000000000000000000000000	0
2	5	5	6	6	5	1.000000000000000000000000000000000000000000000000000000000000000	0
2	5	6	1	6	2	1.000000000000000000000000000000000000000000000000000000000000000	0
2	5	6	3	6	4	1.000000000000000000000000000000000000000000000000000000000000000	0
2	5	6	5	6	6	1.000000000000000000000000000000000000000000000000000000000000000	0
2	6	1	5	5	6	1.000000000000000000000000000000000000000000000000000000000000000	0
2	6	2	6	5	5	1.000000000000000000000000000000000000000000000000000000000000000	0
2	6	3	3	5	4	1.000000000000000000000000000000000000000000000000000000000000000	0
2	6	3	5	5	6	1.000000000000000000000000000000000000000000000000000000000000000	0
2	6	4	4	5	3	1.000000000000000000000000000000000000000000000000000000000000000	0
2	6	4	6	5	5	1.000000000000000000000000000000000000000000000000000000000000000	0
2	6	5	1	5	2	1.000000000000000000000000000000000000000000000000000000000000000	0
2	6	5	3	5	4	1.000000000000000000000000000000000000000000000000000000000000000	0
2	6	5	5	5	6	1.000000000000000000000000000000000000000000000000000000000000000	0
2	6	6	2	5	1	1.000000000000000000000000000000000000000000000000000000000000000	0
2	6	6	4	5	3	1.000000000000000000000000000000000000000000000000000000000000000	0
2	6	6	6	5	5	1.000000000000000000000000000000000000000000000000000000000000000	0
3	1	1	3	3	1	1.000000000000000000000000000000000000000000000000000000000000000	0
3	1	2	4	3	2	1.000000000000000000000000000000000000000000000000000000000000000	0
3	1	3	1	3	3	1.000000000000000000000000000000000000000000000000000000000000000	0
3	1	3	5	3	3	1.000000000000000000000000000000000000000000000000000000000000000	0
3	1	4	2	3	4	1.000000000000000000000000000000000000000000000000000000000000000	0
3	1	4	6	3	4	1.000000000000000000000000000000000000000000000000000000000000000	0
3	1	5	3	3	5	1.000000000000000000000000000000000000000000000000000000000000000	0
3	1	5	5	3	5	1.000000000000000000000000000000000000000000000000000000000000000	0
3	1	6	4	3	6	1.000000000000000000000000000000000000000000000000000000000000000	0
3	1	6	6	3	6	1.000000000000000000000000000000000000000000000000000000000000000	0
3	2	1	4	4	2	1.000000000000000000000000000000000000000000000000000000000000000	0
3	2	2	3	4	1	1.000000000000000000000000000000000000000000000000000000000000000	0
3	2	3	2	4	4	1.000000000000000000000000000000000000000000000000000000000000000	0
3	2	3	6	4	4	1.000000000000000000000000000000000000000000000000000000000000000	0
3	2	4	1	4	3	1.000000000000000000000000000000000000000000000000000000000000000	0
3	2	4	5	4	3	1.000000000000000000000000000000000000000000000000000000000000000	0
3	2	5	4	4	6	1.000000000000000000000000000000000000000000000000000000000000000	0
3	2	5	6	4	6	1.000000000000000000000000000000000000000000000000000000000000000	0
3	2	6	3	4	5	1.000000000000000000000000000000000000000000000000000000000000000	0
3	2	6	5	4	5	1.000000000000000000000000000000000000000000000000000000000000000	0
3	3	1	1	1	3	1.000000000000000000000000000000000000000000000000000000000000000	0
3	3	1	5	5	3	1.000000000000000000000000000000000000000000000000000000000000000	0
3	3	2	2	1	4	1.000000000000000000000000000000000000000000000000000000000000000	0
3	3	2	6	5	4	1.000000000000000000000000000000000000000000000000000000000000000	0
3	3	3	3	1	1	0.554958132087371191422194871006410481067288862470910089376025968	0
3	3	3	3	1	5	0.831878279335442120923134164747591983231936792580329630814927838	0
3	3	3	3	5	1	0.831878279335442120923134164747591983231936792580329630814927838	0
3	3	3	3	5	5	-0.554958132087371191422194871006410481067288862470910089376025968	0
3	3	3	5	5	5	1.000000000000000000000000000000000000000000000000000000000000000	0
3	3	4	4	1	2	0.554958132087371191422194871006410481067288862470910089376025968	0
3	3	4	4	1	6	0.831878279335442120923134164747591983231936792580329630814927838	0
3	3	4	4	5	2	0.831878279335442120923134164747591983231936792580329630814927838	0
3	3	4	4	5	6	-0.554958132087371191422194871006410481067288862470910089376025968	0
3	3	4	6	5	6	1.000000000000000000000000000000000000000000000000000000000000000	0
3	3	5	1	5	3	1.000000000000000000000000000000000000000000000000000000000000000	0
3	3	5	3	5	5	1.000000000000000000000000000000000000000000000000000000000000000	0
3	3	5	5	1	3	0.667114583795489220286616062027669048576950558713539814253459311	0
3	3	5	5	1	5	0.744955120854519122368064226817934855627058777742586587766147447	0
3	3	5	5	5	3	-0.744955120854519122368064226817934855627058777742586587766147447	0
3	3	5	5	5	5	0.667114583795489220286616062027669048576950558713539814253459311	0
3	3	6	2	5	4	1.000000000000000000000000000000000000000000000000000000000000000	0
3	3	6	4	5	6	1.000000000000000000000000000000000000000000000000000000000000000	0
3	3	6	6	1	4	0.667114583795489220286616062027669048576950558713539814253459311	0
3	3	6	6	1	6	0.744955120854519122368064226817934855627058777742586587766147447	0
3	3	6	6	5	4	-0.744955120854519122368064226817934855627058777742586587766147447	0
3	3	6	6	5	6	0.667114583795489220286616062027669048576950558713539814253459311	0
3	4	1	2	2	4	1.000000000000000000000000000000000000000000000000000000000000000	0
3	4	1	6	6	4	1.000000000000000000000000000000000000000000000000000000000000000	0
3	4	2	1	2	3	1.000000000000000000000000000000000000000000000000000000000000000	0
3	4	2	5	6	3	1.000000000000000000000000000000000000000000000000000000000000000	0
3	4	3	4	2	2	0.554958132087371191422194871006410481067288862470910089376025968	0
3	4	3	4	2	6	0.831878279335442120923134164747591983231936792580329630814927838	0
3	4	3	4	6	2	0.831878279335442120923134164747591983231936792580329630814927838	0
3	4	3	4	6	6	-0.554958132087371191422194871006410481067288862470910089376025968	0
3	4	3	6	6	6	1.000000000000000000000000000000000000000000000000000000000000000	0
3	4	4	3	2	1	0.554958132087371191422194871006410481067288862470910089376025968	0
3	4	4	3	2	5	0.831878279335442120923134164747591983231936792580329630814927838	0
3	4	4	3	6	1	0.831878279335442120923134164747591983231936792580329630814927838	0
3	4	4	3	6	5	-0.554958132087371191422194871006410481067288862470910089376025968	0
3	4	4	5	6	5	1.000000000000000000000000000000000000000000000000000000000000000	0
3	4	5	2	6	4	1.000000000000000000000000000000000000000000000000000000000000000	0
3	4	5	4	6	6	1.000000000000000000000000000000000000000000000000000000000000000	0
3	4	5	6	2	4	0.667114583795489220286616062027669048576950558713539814253459311	0
3	4	5	6	2	6	0.744955120854519122368064226817934855627058777742586587766147447	0
3	4	5	6	6	4	-0.744955120854519122368064226817934855627058777742586587766147447	0
3	4	5	6	6	6	0.667114583795489220286616062027669048576950558713539814253459311	0
3	4	6	1	6	3	1.000000000000000000000000000000000000000000000000000000000000000	0
3	4	6	3	6	5	1.000000000000000000000000000000000000000000000000000000000000000	0
3	4	6	5	2	3	0.667114583795489220286616062027669048576950558713539814253459311	0
3	4	6	5	2	5	0.744955120854519122368064226817934855627058777742586587766147447	0
3	4	6	5	6	3	-0.744955120854519122368064226817934855627058777742586587766147447	0
3	4	6	5	6	5	0.667114583795489220286616062027669048576950558713539814253459311	0
3	5	1	3	3	5	1.000000000000000000000000000000000000000000000000000000000000000	0
3	5	1	5	5	5	1.000000000000000000000000000000000000000000000000000000000000000	0
3	5	2	4	3	6	1.000000000000000000000000000000000000000000000000000000000000000	0
3	5	2	6	5	6	1.000000000000000000000000000000000000000000000000000000000000000	0
3	5	3	1	3	3	1.000000000000000000000000000000000000000000000000000000000000000	0
3	5	3	3	5	5	1.000000000000000000000000000000000000000000000000000000000000000	0
3	5	3	5	3	3	-0.445041867912628808577805128993589518932711137529089910623974032	0
3	5	3	5	3	5	0.895509763098559552757489397452350146205352421990692323982826604	0
3	5	3	5	5	3	0.895509763098559552757489397452350146205352421990692323982826604	0
3	5	3	5	5	5	0.445041867912628808577805128993589518932711137529089910623974032	0
3	5	4	2	3	4	1.000000000000000000000000000000000000000000000000000000000000000	0
3	5	4	4	5	6	1.000000000000000000000000000000000000000000000000000000000000000	0
3	5	4	6	3	4	-0.445041867912628808577805128993589518932711137529089910623974032	0
3	5	4	6	3	6	0.895509763098559552757489397452350146205352421990692323982826604	0
3	5	4	6	5	4	0.895509763098559552757489397452350146205352421990692323982826604	0
3	5	4	6	5	6	0.445041867912628808577805128993589518932711137529089910623974032	0
3	5	5	1	5	3	1.000000000000000000000000000000000000000000000000000000000000000	0
3	5	5	3	3	1	0.667114583795489220286616062027669048576950558713539814253459311	0
3	5	5	3	3	5	-0.744955120854519122368064226817934855627058777742586587766147447	0
3	5	5	3	5	1	0.744955120854519122368064226817934855627058777742586587766147447	0
3	5	5	3	5	5	0.667114583795489220286616062027669048576950558713539814253459311	0
3	5	5	5	3	3	0.801937735804838252472204639014890102331838324263714300107124846	0
3	5	5	5	3	5	0.597407622894292707144804443061589880113553101589937048620862942	0
3	5	5	5	5	3	0.597407622894292707144804443061589880113553101589937048620862942	0
3	5	5	5	5	5	-0.801937735804838252472204639014890102331838324263714300107124846	0
3	5	6	2	5	4	1.000000000000000000000000000000000000000000000000000000000000000	0
3	5	6	4	3	2	0.667114583795489220286616062027669048576950558713539814253459311	0
3	5	6	4	3	6	-0.744955120854519122368064226817934855627058777742586587766147447	0
3	5	6	4	5	2	0.744955120854519122368064226817934855627058777742586587766147447	0
3	5	6	4	5	6	0.667114583795489220286616062027669048576950558713539814253459311	0
3	5	6	6	3	4	0.801937735804838252472204639014890102331838324263714300107124846	0
3	5	6	6	3	6	0.597407622894292707144804443061589880113553101589937048620862942	0
3	5	6	6	5	4	0.597407622894292707144804443061589880113553101589937048620862942	0
3	5	6	6	5	6	-0.801937735804838252472204639014890102331838324263714300107124846	0
3	6	1	4	4	6	1.000000000000000000000000000000000000000000000000000000000000000	0
3	6	1	6	6	6	1.000000000000000000000000000000000000000000000000000000000000000	0
3	6	2	3	4	5	1.000000000000000000000000000000000000000000000000000000000000000	0
3	6	2	5	6	5	1.000000000000000000000000000000000000000000000000000000000000000	0
3	6	3	2	4	4	1.000000000000000000000000000000000000000000000000000000000000000	0
3	6	3	4	6	6	1.000000000000000000000000000000000000000000000000000000000000000	0
3	6	3	6	4	4	-0.445041867912628808577805128993589518932711137529089910623974032	0
3	6	3	6	4	6	0.895509763098559552757489397452350146205352421990692323982826604	0
3	6	3	6	6	4	0.895509763098559552757489397452350146205352421990692323982826604	0
3	6	3	6	6	6	0.445041867912628808577805128993589518932711137529089910623974032	0
3	6	4	1	4	3	1.000000000000000000000000000000000000000000000000000000000000000	0
3	6	4	3	6	5	1.000000000000000000000000000000000000000000000000000000000000000	0
3	6	4	5	4	3	-0.445041867912628808577805128993589518932711137529089910623974032	0
3	6	4	5	4	5	0.895509763098559552757489397452350146205352421990692323982826604	0
3	6	4	5	6	3	0.895509763098559552757489397452350146205352421990692323982826604	0
3	6	4	5	6	5	0.445041867912628808577805128993589518932711137529089910623974032	0
3	6	5	2	6	4	1.000000000000000000000000000000000000000000000000000000000000000	0
3	6	5	4	4	2	0.667114583795489220286616062027669048576950558713539814253459311	0
3	6	5	4	4	6	-0.744955120854519122368064226817934855627058777742586587766147447	0
3	6	5	4	6	2	0.744955120854519122368064226817934855627058777742586587766147447	0
3	6	5	4	6	6	0.667114583795489220286616062027669048576950558713539814253459311	0
3	6	5	6	4	4	0.801937735804838252472204639014890102331838324263714300107124846	0
3	6	5	6	4	6	0.597407622894292707144804443061589880113553101589937048620862942	0
3	6	5	6	6	4	0.597407622894292707144804443061589880113553101589937048620862942	0
3	6	5	6	6	6	-0.801937735804838252472204639014890102331838324263714300107124846	0
3	6	6	1	6	3	1.000000000000000000000000000000000000000000000000000000000000000	0
3	6	6	3	4	1	0.667114583795489220286616062027669048576950558713539814253459311	0
3	6	6	3	4	5	-0.744955120854519122368064226817934855627058777742586587766147447	0
3	6	6	3	6	1	0.744955120854519122368064226817934855627058777742586587766147447	0
3	6	6	3	6	5	0.667114583795489220286616062027669048576950558713539814253459311	0
3	6	6	5	4	3	0.801937735804838252472204639014890102331838324263714300107124846	0
3	6	6	5	4	5	0.597407622894292707144804443061589880113553101589937048620862942	0
3	6	6	5	6	3	0.597407622894292707144804443061589880113553101589937048620862942	0
3	6	6	5	6	5	-0.801937735804838252472204639014890102331838324263714300107124846	0
4	1	1	4	4	1	1.000000000000000000000000000000000000000000000000000000000000000	0
4	1	2	3	4	2	1.000000000000000000000000000000000000000000000000000000000000000	0
4	1	3	2	4	3	1.000000000000000000000000000000000000000000000000000000000000000	0
4	1	3	6	4	3	1.000000000000000000000000000000000000000000000000000000000000000	0
4	1	4	1	4	4	1.000000000000000000000000000000000000000000000000000000000000000	0
4	1	4	5	4	4	1.000000000000000000000000000000000000000000000000000000000000000	0
4	1	5	4	4	5	1.000000000000000000000000000000000000000000000000000000000000000	0
4	1	5	6	4	5	1.000000000000000000000000000000000000000000000000000000000000000	0
4	1	6	3	4	6	1.000000000000000000000000000000000000000000000000000000000000000	0
4	1	6	5	4	6	1.000000000000000000000000000000000000000000000000000000000000000	0
4	2	1	3	3	2	1.000000000000000000000000000000000000000000000000000000000000000	0
4	2	2	4	3	1	1.000000000000000000000000000000000000000000000000000000000000000	0
4	2	3	1	3	4	1.000000000000000000000000000000000000000000000000000000000000000	0
4	2	3	5	3	4	1.000000000000000000000000000000000000000000000000000000000000000	0
4	2	4	2	3	3	1.000000000000000000000000000000000000000000000000000000000000000	0
4	2	4	6	3	3	1.000000000000000000000000000000000000000000000000000000000000000	0
4	2	5	3	3	6	1.000000000000000000000000000000000000000000000000000000000000000	0
4	2	5	5	3	6	1.000000000000000000000000000000000000000000000000000000000000000	0
4	2	6	4	3	5	1.000000000000000000000000000000000000000000000000000000000000000	0
4	2	6	6	3	5	1.000000000000000000000000000000000000000000000000000000000000000	0
4	3	1	2	2	3	1.000000000000000000000000000000000000000000000000000000000000000	0
4	3	1	6	6	3	1.000000000000000000000000000000000000000000000000000000000000000	0
4	3	2	1	2	4	1.000000000000000000000000000000000000000000000000000000000000000	0
4	3	2	5	6	4	1.000000000000000000000000000000000000000000000000000000000000000	0
4	3	3	4	2	1	0.554958132087371191422194871006410481067288862470910089376025968	0
4	3	3	4	2	5	0.831878279335442120923134164747591983231936792580329630814927838	0
4	3	3	4	6	1	0.831878279335442120923134164747591983231936792580329630814927838	0
4	3	3	4	6	5	-0.554958132087371191422194871006410481067288862470910089376025968	0
4	3	3	6	6	5	1.000000000000000000000000000000000000000000000000000000000000000	0
4	3	4	3	2	2	0.554958132087371191422194871006410481067288862470910089376025968	0
4	3	4	3	2	6	0.831878279335442120923134164747591983231936792580329630814927838	0
4	3	4	3	6	2	0.831878279335442120923134164747591983231936792580329630814927838	0
4	3	4	3	6	6	-0.554958132087371191422194871006410481067288862470910089376025968	0
4	3	4	5	6	6	1.000000000000000000000000000000000000000000000000000000000000000	0
4	3	5	2	6	3	1.000000000000000000000000000000000000000000000000000000000000000	0
4	3	5	4	6	5	1.000000000000000000000000000000000000000000000000000000000000000	0
4	3	5	6	2	3	0.667114583795489220286616062027669048576950558713539814253459311	0
4	3	5	6	2	5	0.744955120854519122368064226817934855627058777742586587766147447	0
4	3	5	6	6	3	-0.744955120854519122368064226817934855627058777742586587766147447	0
4	3	5	6	6	5	0.667114583795489220286616062027669048576950558713539814253459311	0
4	3	6	1	6	4	1.000000000000000000000000000000000000000000000000000000000000000	0
4	3	6	3	6	6	1.000000000000000000000000000000000000000000000000000000000000000	0
4	3	6	5	2	4	0.667114583795489220286616062027669048576950558713539814253459311	0
4	3	6	5	2	6	0.744955120854519122368064226817934855627058777742586587766147447	0
4	3	6	5	6	4	-0.744955120854519122368064226817934855627058777742586587766147447	0
4	3	6	5	6	6	0.667114583795489220286616062027669048576950558713539814253459311	0
4	4	1	1	1	4	1.000000000000000000000000000000000000000000000000000000000000000	0
4	4	1	5	5	4	1.000000000000000000000000000000000000000000000000000000000000000	0
4	4	2	2	1	3	1.000000000000000000000000000000000000000000000000000000000000000	0
4	4	2	6	5	3	1.000000000000000000000000000000000000000000000000000000000000000	0
4	4	3	3	1	2	0.554958132087371191422194871006410481067288862470910089376025968	0
4	4	3	3	1	6	0.831878279335442120923134164747591983231936792580329630814927838	0
4	4	3	3	5	2	0.831878279335442120923134164747591983231936792580329630814927838	0
4	4	3	3	5	6	-0.554958132087371191422194871006410481067288862470910089376025968	0
4	4	3	5	5	6	1.000000000000000000000000000000000000000000000000000000000000000	0
4	4	4	4	1	1	0.554958132087371191422194871006410481067288862470910089376025968	0
4	4	4	4	1	5	0.831878279335442120923134164747591983231936792580329630814927838	0
4	4	4	4	5	1	0.831878279335442120923134164747591983231936792580329630814927838	0
4	4	4	4	5	5	-0.554958132087371191422194871006410481067288862470910089376025968	0
4	4	4	6	5	5	1.000000000000000000000000000000000000000000000000000000000000000	0
4	4	5	1	5	4	1.000000000000000000000000000000000000000000000000000000000000000	0
4	4	5	3	5	6	1.000000000000000000000000000000000000000000000000000000000000000	0
4	4	5	5	1	4	0.667114583795489220286616062027669048576950558713539814253459311	0
4	4	5	5	1	6	0.744955120854519122368064226817934855627058777742586587766147447	0
4	4	5	5	5	4	-0.744955120854519122368064226817934855627058777742586587766147447	0
4	4	5	5	5	6	0.667114583795489220286616062027669048576950558713539814253459311	0
4	4	6	2	5	3	1.000000000000000000000000000000000000000000000000000000000000000	0
4	4	6	4	5	5	1.000000000000000000000000000000000000000000000000000000000000000	0
4	4	6	6	1	3	0.667114583795489220286616062027669048576950558713539814253459311	0
4	4	6	6	1	5	0.744955120854519122368064226817934855627058777742586587766147447	0
4	4	6	6	5	3	-0.744955120854519122368064226817934855627058777742586587766147447	0
4	4	6	6	5	5	0.667114583795489220286616062027669048576950558713539814253459311	0
4	5	1	4	4	5	1.000000000000000000000000000000000000000000000000000000000000000	0
4	5	1	6	6	5	1.000000000000000000000000000000000000000000000000000000000000000	0
4	5	2	3	4	6	1.000000000000000000000000000000000000000000000000000000000000000	0
4	5	2	5	6	6	1.000000000000000000000000000000000000000000000000000000000000000	0
4	5	3	2	4	3	1.000000000000000000000000000000000000000000000000000000000000000	0
4	5	3	4	6	5	1.000000000000000000000000000000000000000000000000000000000000000	0
4	5	3	6	4	3	-0.445041867912628808577805128993589518932711137529089910623974032	0
4	5	3	6	4	5	0.895509763098559552757489397452350146205352421990692323982826604	0
4	5	3	6	6	3	0.895509763098559552757489397452350146205352421990692323982826604	0
4	5	3	6	6	5	0.445041867912628808577805128993589518932711137529089910623974032	0
4	5	4	1	4	4	1.000000000000000000000000000000000000000000000000000000000000000	0
4	5	4	3	6	6	1.000000000000000000000000000000000000000000000000000000000000000	0
4	5	4	5	4	4	-0.445041867912628808577805128993589518932711137529089910623974032	0
4	5	4	5	4	6	0.895509763098559552757489397452350146205352421990692323982826604	0
4	5	4	5	6	4	0.895509763098559552757489397452350146205352421990692323982826604	0
4	5	4	5	6	6	0.445041867912628808577805128993589518932711137529089910623974032	0
4	5	5	2	6	3	1.000000000000000000000000000000000000000000000000000000000000000	0
4	5	5	4	4	1	0.667114583795489220286616062027669048576950558713539814253459311	0
4	5	5	4	4	5	-0.744955120854519122368064226817934855627058777742586587766147447	0
4	5	5	4	6	1	0.744955120854519122368064226817934855627058777742586587766147447	0
4	5	5	4	6	5	0.667114583795489220286616062027669048576950558713539814253459311	0
4	5	5	6	4	3	0.801937735804838252472204639014890102331838324263714300107124846	0
4	5	5	6	4	5	0.597407622894292707144804443061589880113553101589937048620862942	0
4	5	5	6	6	3	0.597407622894292707144804443061589880113553101589937048620862942	0
4	5	5	6	6	5	-0.801937735804838252472204639014890102331838324263714300107124846	0
4	5	6	1	6	4	1.000000000000000000000000000000000000000000000000000000000000000	0
4	5	6	3	4	2	0.667114583795489220286616062027669048576950558713539814253459311	0
4	5	6	3	4	6	-0.744955120854519122368064226817934855627058777742586587766147447	0
4	5	6	3	6	2	0.744955120854519122368064226817934855627058777742586587766147447	0
4	5	6	3	6	6	0.667114583795489220286616062027669048576950558713539814253459311	0
4	5	6	5	4	4	0.801937735804838252472204639014890102331838324263714300107124846	0
4	5	6	5	4	6	0.597407622894292707144804443061589880113553101589937048620862942	0
4	5	6	5	6	4	0.597407622894292707144804443061589880113553101589937048620862942	0
4	5	6	5	6	6	-0.801937735804838252472204639014890102331838324263714300107124846	0
4	6	1	3	3	6	1.000000000000000000000000000000000000000000000000000000000000000	0
4	6	1	5	5	6	1.000000000000000000000000000000000000000000000000000000000000000	0
4	6	2	4	3	5	1.000000000000000000000000000000000000000000000000000000000000000	0
4	6	2	6	5	5	1.000000000000000000000000000000000000000000000000000000000000000	0
4	6	3	1	3	4	1.000000000000000000000000000000000000000000000000000000000000000	0
4	6	3	3	5	6	1.000000000000000000000000000000000000000000000000000000000000000	0
4	6	3	5	3	4	-0.445041867912628808577805128993589518932711137529089910623974032	0
4	6	3	5	3	6	0.895509763098559552757489397452350146205352421990692323982826604	0
4	6	3	5	5	4	0.895509763098559552757489397452350146205352421990692323982826604	0
4	6	3	5	5	6	0.445041867912628808577805128993589518932711137529089910623974032	0
4	6	4	2	3	3	1.000000000000000000000000000000000000000000000000000000000000000	0
4	6	4	4	5	5	1.000000000000000000000000000000000000000000000000000000000000000	0
4	6	4	6	3	3	-0.445041867912628808577805128993589518932711137529089910623974032	0
4	6	4	6	3	5	0.895509763098559552757489397452350146205352421990692323982826604	0
4	6	4	6	5	3	0.895509763098559552757489397452350146205352421990692323982826604	0
4	6	4	6	5	5	0.445041867912628808577805128993589518932711137529089910623974032	0
4	6	5	1	5	4	1.000000000000000000000000000000000000000000000000000000000000000	0
4	6	5	3	3	2	0.667114583795489220286616062027669048576950558713539814253459311	0
4	6	5	3	3	6	-0.744955120854519122368064226817934855627058777742586587766147447	0
4	6	5	3	5	2	0.744955120854519122368064226817934855627058777742586587766147447	0
4	6	5	3	5	6	0.667114583795489220286616062027669048576950558713539814253459311	0
4	6	5	5	3	4	0.801937735804838252472204639014890102331838324263714300107124846	0
4	6	5	5	3	6	0.597407622894292707144804443061589880113553101589937048620862942	0
4	6	5	5	5	4	0.597407622894292707144804443061589880113553101589937048620862942	0
4	6	5	5	5	6	-0.801937735804838252472204639014890102331838324263714300107124846	0
4	6	6	2	5	3	1.000000000000000000000000000000000000000000000000000000000000000	0
4	6	6	4	3	1	0.667114583795489220286616062027669048576950558713539814253459311	0
4	6	6	4	3	5	-0.744955120854519122368064226817934855627058777742586587766147447	0
4	6	6	4	5	1	0.744955120854519122368064226817934855627058777742586587766147447	0
4	6	6	4	5	5	0.667114583795489220286616062027669048576950558713539814253459311	0
4	6	6	6	3	3	0.801937735804838252472204639014890102331838324263714300107124846	0
4	6	6	6	3	5	0.597407622894292707144804443061589880113553101589937048620862942	0
4	6	6	6	5	3	0.597407622894292707144804443061589880113553101589937048620862942	0
4	6	6	6	5	5	-0.801937735804838252472204639014890102331838324263714300107124846	0
5	1	1	5	5	1	1.000000000000000000000000000000000000000000000000000000000000000	0
5	1	2	6	5	2	1.000000000000000000000000000000000000000000000000000000000000000	0
5	1	3	3	5	3	1.000000000000000000000000000000000000000000000000000000000000000	0
5	1	3	5	5	3	1.000000000000000000000000000000000000000000000000000000000000000	0
5	1	4	4	5	4	1.000000000000000000000000000000000000000000000000000000000000000	0
5	1	4	6	5	4	1.000000000000000000000000000000000000000000000000000000000000000	0
5	1	5	1	5	5	1.000000000000000000000000000000000000000000000000000000000000000	0
5	1	5	3	5	5	1.000000000000000000000000000000000000000000000000000000000000000	0
5	1	5	5	5	5	1.000000000000000000000000000000000000000000000000000000000000000	0
5	1	6	2	5	6	1.000000000000000000000000000000000000000000000000000000000000000	0
5	1	6	4	5	6	1.000000000000000000000000000000000000000000000000000000000000000	0
5	1	6	6	5	6	1.000000000000000000000000000000000000000000000000000000000000000	0
5	2	1	6	6	2	1.000000000000000000000000000000000000000000000000000000000000000	0
5	2	2	5	6	1	1.000000000000000000000000000000000000000000000000000000000000000	0
5	2	3	4	6	4	1.000000000000000000000000000000000000000000000000000000000000000	0
5	2	3	6	6	4	1.000000000000000000000000000000000000000000000000000000000000000	0
5	2	4	3	6	3	1.000000000000000000000000000000000000000000000000000000000000000	0
5	2	4	5	6	3	1.000000000000000000000000000000000000000000000000000000000000000	0
5	2	5	2	6	6	1.000000000000000000000000000000000000000000000000000000000000000	0
5	2	5	4	6	6	1.000000000000000000000000000000000000000000000000000000000000000	0
5	2	5	6	6	6	1.000000000000000000000000000000000000000000000000000000000000000	0
5	2	6	1	6	5	1.000000000000000000000000000000000000000000000000000000000000000	0
5	2	6	3	6	5	1.000000000000000000000000000000000000000000000000000000000000000	0
5	2	6	5	6	5	1.000000000000000000000000000000000000000000000000000000000000000	0
5	3	1	3	3	3	1.000000000000000000000000000000000000000000000000000000000000000	0
5	3	1	5	5	3	1.000000000000000000000000000000000000000000000000000000000000000	0
5	3	2	4	3	4	1.000000000000000000000000000000000000000000000000000000000000000	0
5	3	2	6	5	4	1.000000000000000000000000000000000000000000000000000000000000000	0
5	3	3	1	3	5	1.000000000000000000000000000000000000000000000000000000000000000	0
5	3	3	3	5	5	1.000000000000000000000000000000000000000000000000000000000000000	0
5	3	3	5	3	1	0.667114583795489220286616062027669048576950558713539814253459311	0
5	3	3	5	3	5	-0.744955120854519122368064226817934855627058777742586587766147447	0
5	3	3	5	5	1	0.744955120854519122368064226817934855627058777742586587766147447	0
5	3	3	5	5	5	0.667114583795489220286616062027669048576950558713539814253459311	0
5	3	4	2	3	6	1.000000000000000000000000000000000000000000000000000000000000000	0
5	3	4	4	5	6	1.000000000000000000000000000000000000000000000000000000000000000	0
5	3	4	6	3	2	0.667114583795489220286616062027669048576950558713539814253459311	0
5	3	4	6	3	6	-0.744955120854519122368064226817934855627058777742586587766147447	0
5	3	4	6	5	2	0.744955120854519122368064226817934855627058777742586587766147447	0
5	3	4	6	5	6	0.667114583795489220286616062027669048576950558713539814253459311	0
5	3	5	1	5	5	1.000000000000000000000000000000000000000000000000000000000000000	0
5	3	5	3	3	3	-0.445041867912628808577805128993589518932711137529089910623974032	0
5	3	5	3	3	5	0.895509763098559552757489397452350146205352421990692323982826604	0
5	3	5	3	5	3	0.895509763098559552757489397452350146205352421990692323982826604	0
5	3	5	3	5	5	0.445041867912628808577805128993589518932711137529089910623974032	0
5	3	5	5	3	3	0.801937735804838252472204639014890102331838324263714300107124846	0
5	3	5	5	3	5	0.597407622894292707144804443061589880113553101589937048620862942	0
5	3	5	5	5	3	0.597407622894292707144804443061589880113553101589937048620862942	0
5	3	5	5	5	5	-0.801937735804838252472204639014890102331838324263714300107124846	0
5	3	6	2	5	6	1.000000000000000000000000000000000000000000000000000000000000000	0
5	3	6	4	3	4	-0.445041867912628808577805128993589518932711137529089910623974032	0
5	3	6	4	3	6	0.895509763098559552757489397452350146205352421990692323982826604	0
5	3	6	4	5	4	0.895509763098559552757489397452350146205352421990692323982826604	0
5	3	6	4	5	6	0.445041867912628808577805128993589518932711137529089910623974032	0
5	3	6	6	3	4	0.801937735804838252472204639014890102331838324263714300107124846	0
5	3	6	6	3	6	0.597407622894292707144804443061589880113553101589937048620862942	0
5	3	6	6	5	4	0.597407622894292707144804443061589880113553101589937048620862942	0
5	3	6	6	5	6	-0.801937735804838252472204639014890102331838324263714300107124846	0
5	4	1	4	4	4	1.000000000000000000000000000000000000000000000000000000000000000	0
5	4	1	6	6	4	1.000000000000000000000000000000000000000000000000000000000000000	0
5	4	2	3	4	3	1.000000000000000000000000000000000000000000000000000000000000000	0
5	4	2	5	6	3	1.000000000000000000000000000000000000000000000000000000000000000	0
5	4	3	2	4	6	1.000000000000000000000000000000000000000000000000000000000000000	0
5	4	3	4	6	6	1.000000000000000000000000000000000000000000000000000000000000000	0
5	4	3	6	4	2	0.667114583795489220286616062027669048576950558713539814253459311	0
5	4	3	6	4	6	-0.744955120854519122368064226817934855627058777742586587766147447	0
5	4	3	6	6	2	0.744955120854519122368064226817934855627058777742586587766147447	0
5	4	3	6	6	6	0.667114583795489220286616062027669048576950558713539814253459311	0
5	4	4	1	4	5	1.000000000000000000000000000000000000000000000000000000000000000	0
5	4	4	3	6	5	1.000000000000000000000000000000000000000000000000000000000000000	0
5	4	4	5	4	1	0.667114583795489220286616062027669048576950558713539814253459311	0
5	4	4	5	4	5	-0.744955120854519122368064226817934855627058777742586587766147447	0
5	4	4	5	6	1	0.744955120854519122368064226817934855627058777742586587766147447	0
5	4	4	5	6	5	0.667114583795489220286616062027669048576950558713539814253459311	0
5	4	5	2	6	6	1.000000000000000000000000000000000000000000000000000000000000000	0
5	4	5	4	4	4	-0.445041867912628808577805128993589518932711137529089910623974032	0
5	4	5	4	4	6	0.895509763098559552757489397452350146205352421990692323982826604	0
5	4	5	4	6	4	0.895509763098559552757489397452350146205352421990692323982826604	0
5	4	5	4	6	6	0.445041867912628808577805128993589518932711137529089910623974032	0
5	4	5	6	4	4	0.801937735804838252472204639014890102331838324263714300107124846	0
5	4	5	6	4	6	0.597407622894292707144804443061589880113553101589937048620862942	0
5	4	5	6	6	4	0.597407622894292707144804443061589880113553101589937048620862942	0
5	4	5	6	6	6	-0.801937735804838252472204639014890102331838324263714300107124846	0
5	4	6	1	6	5	1.000000000000000000000000000000000000000000000000000000000000000	0
5	4	6	3	4	3	-0.445041867912628808577805128993589518932711137529089910623974032	0
5	4	6	3	4	5	0.895509763098559552757489397452350146205352421990692323982826604	0
5	4	6	3	6	3	0.895509763098559552757489397452350146205352421990692323982826604	0
5	4	6	3	6	5	0.445041867912628808577805128993589518932711137529089910623974032	0
5	4	6	5	4	3	0.801937735804838252472204639014890102331838324263714300107124846	0
5	4	6	5	4	5	0.597407622894292707144804443061589880113553101589937048620862942	0
5	4	6	5	6	3	0.597407622894292707144804443061589880113553101589937048620862942	0
5	4	6	5	6	5	-0.801937735804838252472204639014890102331838324263714300107124846	0
5	5	1	1	1	5	1.000000000000000000000000000000000000000000000000000000000000000	0
5	5	1	3	3	5	1.000000000000000000000000000000000000000000000000000000000000000	0
5	5	1	5	5	5	1.000000000000000000000000000000000000000000000000000000000000000	0
5	5	2	2	1	6	1.000000000000000000000000000000000000000000000000000000000000000	0
5	5	2	4	3	6	1.000000000000000000000000000000000000000000000000000000000000000	0
5	5	2	6	5	6	1.000000000000000000000000000000000000000000000000000000000000000	0
5	5	3	1	3	5	1.000000000000000000000000000000000000000000000000000000000000000	0
5	5	3	3	1	3	0.667114583795489220286616062027669048576950558713539814253459311	0
5	5	3	3	1	5	0.744955120854519122368064226817934855627058777742586587766147447	0
5	5	3	3	5	3	-0.744955120854519122368064226817934855627058777742586587766147447	0
5	5	3	3	5	5	0.667114583795489220286616062027669048576950558713539814253459311	0
5	5	3	5	3	3	0.801937735804838252472204639014890102331838324263714300107124846	0
5	5	3	5	3	5	0.597407622894292707144804443061589880113553101589937048620862942	0
5	5	3	5	5	3	0.597407622894292707144804443061589880113553101589937048620862942	0
5	5	3	5	5	5	-0.801937735804838252472204639014890102331838324263714300107124846	0
5	5	4	2	3	6	1.000000000000000000000000000000000000000000000000000000000000000	0
5	5	4	4	1	4	0.667114583795489220286616062027669048576950558713539814253459311	0
5	5	4	4	1	6	0.744955120854519122368064226817934855627058777742586587766147447	0
5	5	4	4	5	4	-0.744955120854519122368064226817934855627058777742586587766147447	0
5	5	4	4	5	6	0.667114583795489220286616062027669048576950558713539814253459311	0
5	5	4	6	3	4	0.801937735804838252472204639014890102331838324263714300107124846	0
5	5	4	6	3	6	0.597407622894292707144804443061589880113553101589937048620862942	0
5	5	4	6	5	4	0.597407622894292707144804443061589880113553101589937048620862942	0
5	5	4	6	5	6	-0.801937735804838252472204639014890102331838324263714300107124846	0
5	5	5	1	5	5	1.000000000000000000000000000000000000000000000000000000000000000	0
5	5	5	3	3	3	0.801937735804838252472204639014890102331838324263714300107124846	0
5	5	5	3	3	5	0.597407622894292707144804443061589880113553101589937048620862942	0
5	5	5	3	5	3	0.597407622894292707144804443061589880113553101589937048620862942	0
5	5	5	3	5	5	-0.801937735804838252472204639014890102331838324263714300107124846	0
5	5	5	5	1	1	0.445041867912628808577805128993589518932711137529089910623974032	0
5	5	5	5	1	3	0.597407622894292707144804443061589880113553101589937048620862942	0
5	5	5	5	1	5	0.667114583795489220286616062027669048576950558713539814253459311	0
5	5	5	5	3	1	0.597407622894292707144804443061589880113553101589937048620862942	0
5	5	5	5	3	3	0.356895867892209443894399510021300583399127186734624389483150815	0
5	5	5	5	3	5	-0.718143071810385942304996690256957060270471493544209967833977679	0
5	5	5	5	5	1	0.667114583795489220286616062027669048576950558713539814253459311	0
5	5	5	5	5	3	-0.718143071810385942304996690256957060270471493544209967833977679	0
5	5	5	5	5	5	0.198062264195161747527795360985109897668161675736285699892875154	0
5	5	6	2	5	6	1.000000000000000000000000000000000000000000000000000000000000000	0
5	5	6	4	3	4	0.801937735804838252472204639014890102331838324263714300107124846	0
5	5	6	4	3	6	0.597407622894292707144804443061589880113553101589937048620862942	0
5	5	6	4	5	4	0.597407622894292707144804443061589880113553101589937048620862942	0
5	5	6	4	5	6	-0.801937735804838252472204639014890102331838324263714300107124846	0
5	5	6	6	1	2	0.445041867912628808577805128993589518932711137529089910623974032	0
5	5	6	6	1	4	0.597407622894292707144804443061589880113553101589937048620862942	0
5	5	6	6	1	6	0.667114583795489220286616062027669048576950558713539814253459311	0
5	5	6	6	3	2	0.597407622894292707144804443061589880113553101589937048620862942	0
5	5	6	6	3	4	0.356895867892209443894399510021300583399127186734624389483150815	0
5	5	6	6	3	6	-0.718143071810385942304996690256957060270471493544209967833977679	0
5	5	6	6	5	2	0.667114583795489220286616062027669048576950558713539814253459311	0
5	5	6	6	5	4	-0.718143071810385942304996690256957060270471493544209967833977679	0
5	5	6	6	5	6	0.198062264195161747527795360985109897668161675736285699892875154	0
5	6	1	2	2	6	1.000000000000000000000000000000000000000000000000000000000000000	0
5	6	1	4	4	6	1.000000000000000000000000000000000000000000000000000000000000000	0
5	6	1	6	6	6	1.000000000000000000000000000000000000000000000000000000000000000	0
5	6	2	1	2	5	1.000000000000000000000000000000000000000000000000000000000000000	0
5	6	2	3	4	5	1.000000000000000000000000000000000000000000000000000000000000000	0
5	6	2	5	6	5	1.000000000000000000000000000000000000000000000000000000000000000	0
5	6	3	2	4	6	1.000000000000000000000000000000000000000000000000000000000000000	0
5	6	3	4	2	4	0.667114583795489220286616062027669048576950558713539814253459311	0
5	6	3	4	2	6	0.744955120854519122368064226817934855627058777742586587766147447	0
5	6	3	4	6	4	-0.744955120854519122368064226817934855627058777742586587766147447	0
5	6	3	4	6	6	0.667114583795489220286616062027669048576950558713539814253459311	0
5	6	3	6	4	4	0.801937735804838252472204639014890102331838324263714300107124846	0
5	6	3	6	4	6	0.597407622894292707144804443061589880113553101589937048620862942	0
5	6	3	6	6	4	0.597407622894292707144804443061589880113553101589937048620862942	0
5	6	3	6	6	6	-0.801937735804838252472204639014890102331838324263714300107124846	0
5	6	4	1	4	5	1.000000000000000000000000000000000000000000000000000000000000000	0
5	6	4	3	2	3	0.667114583795489220286616062027669048576950558713539814253459311	0
5	6	4	3	2	5	0.744955120854519122368064226817934855627058777742586587766147447	0
5	6	4	3	6	3	-0.744955120854519122368064226817934855627058777742586587766147447	0
5	6	4	3	6	5	0.667114583795489220286616062027669048576950558713539814253459311	0
5	6	4	5	4	3	0.801937735804838252472204639014890102331838324263714300107124846	0
5	6	4	5	4	5	0.597407622894292707144804443061589880113553101589937048620862942	0
5	6	4	5	6	3	0.597407622894292707144804443061589880113553101589937048620862942	0
5	6	4	5	6	5	-0.801937735804838252472204639014890102331838324263714300107124846	0
5	6	5	2	6	6	1.000000000000000000000000000000000000000000000000000000000000000	0
5	6	5	4	4	4	0.801937735804838252472204639014890102331838324263714300107124846	0
5	6	5	4	4	6	0.597407622894292707144804443061589880113553101589937048620862942	0
5	6	5	4	6	4	0.597407622894292707144804443061589880113553101589937048620862942	0
5	6	5	4	6	6	-0.801937735804838252472204639014890102331838324263714300107124846	0
5	6	5	6	2	2	0.445041867912628808577805128993589518932711137529089910623974032	0
5	6	5	6	2	4	0.597407622894292707144804443061589880113553101589937048620862942	0
5	6	5	6	2	6	0.667114583795489220286616062027669048576950558713539814253459311	0
5	6	5	6	4	2	0.597407622894292707144804443061589880113553101589937048620862942	0
5	6	5	6	4	4	0.356895867892209443894399510021300583399127186734624389483150815	0
5	6	5	6	4	6	-0.718143071810385942304996690256957060270471493544209967833977679	0
5	6	5	6	6	2	0.667114583795489220286616062027669048576950558713539814253459311	0
5	6	5	6	6	4	-0.718143071810385942304996690256957060270471493544209967833977679	0
5	6	5	6	6	6	0.198062264195161747527795360985109897668161675736285699892875154	0
5	6	6	1	6	5	1.000000000000000000000000000000000000000000000000000000000000000	0
5	6	6	3	4	3	0.801937735804838252472204639014890102331838324263714300107124846	0
5	6	6	3	4	5	0.597407622894292707144804443061589880113553101589937048620862942	0
5	6	6	3	6	3	0.597407622894292707144804443061589880113553101589937048620862942	0
5	6	6	3	6	5	-0.801937735804838252472204639014890102331838324263714300107124846	0
5	6	6	5	2	1	0.445041867912628808577805128993589518932711137529089910623974032	0
5	6	6	5	2	3	0.597407622894292707144804443061589880113553101589937048620862942	0
5	6	6	5	2	5	0.667114583795489220286616062027669048576950558713539814253459311	0
5	6	6	5	4	1	0.597407622894292707144804443061589880113553101589937048620862942	0
5	6	6	5	4	3	0.356895867892209443894399510021300583399127186734624389483150815	0
5	6	6	5	4	5	-0.718143071810385942304996690256957060270471493544209967833977679	0
5	6	6	5	6	1	0.667114583795489220286616062027669048576950558713539814253459311	0
5	6	6	5	6	3	-0.718143071810385942304996690256957060270471493544209967833977679	0
5	6	6	5	6	5	0.198062264195161747527795360985109897668161675736285699892875154	0
6	1	1	6	6	1	1.000000000000000000000000000000000000000000000000000000000000000	0
6	1	2	5	6	2	1.000000000000000000000000000000000000000000000000000000000000000	0
6	1	3	4	6	3	1.000000000000000000000000000000000000000000000000000000000000000	0
6	1	3	6	6	3	1.000000000000000000000000000000000000000000000000000000000000000	0
6	1	4	3	6	4	1.000000000000000000000000000000000000000000000000000000000000000	0
6	1	4	5	6	4	1.000000000000000000000000000000000000000000000000000000000000000	0
6	1	5	2	6	5	1.000000000000000000000000000000000000000000000000000000000000000	0
6	1	5	4	6	5	1.000000000000000000000000000000000000000000000000000000000000000	0
6	1	5	6	6	5	1.000000000000000000000000000000000000000000000000000000000000000	0
6	1	6	1	6	6	1.000000000000000000000000000000000000000000000000000000000000000	0
6	1	6	3	6	6	1.000000000000000000000000000000000000000000000000000000000000000	0
6	1	6	5	6	6	1.000000000000000000000000000000000000000000000000000000000000000	0
6	2	1	5	5	2	1.000000000000000000000000000000000000000000000000000000000000000	0
6	2	2	6	5	1	1.000000000000000000000000000000000000000000000000000000000000000	0
6	2	3	3	5	4	1.000000000000000000000000000000000000000000000000000000000000000	0
6	2	3	5	5	4	1.000000000000000000000000000000000000000000000000000000000000000	0
6	2	4	4	5	3	1.000000000000000000000000000000000000000000000000000000000000000	0
6	2	4	6	5	3	1.000000000000000000000000000000000000000000000000000000000000000	0
6	2	5	1	5	6	1.000000000000000000000000000000000000000000000000000000000000000	0
6	2	5	3	5	6	1.000000000000000000000000000000000000000000000000000000000000000	0
6	2	5	5	5	6	1.000000000000000000000000000000000000000000000000000000000000000	0
6	2	6	2	5	5	1.000000000000000000000000000000000000000000000000000000000000000	0
6	2	6	4	5	5	1.000000000000000000000000000000000000000000000000000000000000000	0
6	2	6	6	5	5	1.000000000000000000000000000000000000000000000000000000000000000	0
6	3	1	4	4	3	1.000000000000000000000000000000000000000000000000000000000000000	0
6	3	1	6	6	3	1.000000000000000000000000000000000000000000000000000000000000000	0
6	3	2	3	4	4	1.000000000000000000000000000000000000000000000000000000000000000	0
6	3	2	5	6	4	1.000000000000000000000000000000000000000000000000000000000000000	0
6	3	3	2	4	5	1.000000000000000000000000000000000000000000000000000000000000000	0
6	3	3	4	6	5	1.000000000000000000000000000000000000000000000000000000000000000	0
6	3	3	6	4	1	0.667114583795489220286616062027669048576950558713539814253459311	0
6	3	3	6	4	5	-0.744955120854519122368064226817934855627058777742586587766147447	0
6	3	3	6	6	1	0.744955120854519122368064226817934855627058777742586587766147447	0
6	3	3	6	6	5	0.667114583795489220286616062027669048576950558713539814253459311	0
6	3	4	1	4	6	1.000000000000000000000000000000000000000000000000000000000000000	0
6	3	4	3	6	6	1.000000000000000000000000000000000000000000000000000000000000000	0
6	3	4	5	4	2	0.667114583795489220286616062027669048576950558713539814253459311	0
6	3	4	5	4	6	-0.744955120854519122368064226817934855627058777742586587766147447	0
6	3	4	5	6	2	0.744955120854519122368064226817934855627058777742586587766147447	0
6	3	4	5	6	6	0.667114583795489220286616062027669048576950558713539814253459311	0
6	3	5	2	6	5	1.000000000000000000000000000000000000000000000000000000000000000	0
6	3	5	4	4	3	-0.445041867912628808577805128993589518932711137529089910623974032	0
6	3	5	4	4	5	0.895509763098559552757489397452350146205352421990692323982826604	0
6	3	5	4	6	3	0.895509763098559552757489397452350146205352421990692323982826604	0
6	3	5	4	6	5	0.445041867912628808577805128993589518932711137529089910623974032	0
6	3	5	6	4	3	0.801937735804838252472204639014890102331838324263714300107124846	0
6	3	5	6	4	5	0.597407622894292707144804443061589880113553101589937048620862942	0
6	3	5	6	6	3	0.597407622894292707144804443061589880113553101589937048620862942	0
6	3	5	6	6	5	-0.801937735804838252472204639014890102331838324263714300107124846	0
6	3	6	1	6	6	1.000000000000000000000000000000000000000000000000000000000000000	0
6	3	6	3	4	4	-0.445041867912628808577805128993589518932711137529089910623974032	0
6	3	6	3	4	6	0.895509763098559552757489397452350146205352421990692323982826604	0
6	3	6	3	6	4	0.895509763098559552757489397452350146205352421990692323982826604	0
6	3	6	3	6	6	0.445041867912628808577805128993589518932711137529089910623974032	0
6	3	6	5	4	4	0.801937735804838252472204639014890102331838324263714300107124846	0
6	3	6	5	4	6	0.597407622894292707144804443061589880113553101589937048620862942	0
6	3	6	5	6	4	0.597407622894292707144804443061589880113553101589937048620862942	0
6	3	6	5	6	6	-0.801937735804838252472204639014890102331838324263714300107124846	0
6	4	1	3	3	4	1.000000000000000000000000000000000000000000000000000000000000000	0
6	4	1	5	5	4	1.000000000000000000000000000000000000000000000000000000000000000	0
6	4	2	4	3	3	1.000000000000000000000000000000000000000000000000000000000000000	0
6	4	2	6	5	3	1.000000000000000000000000000000000000000000000000000000000000000	0
6	4	3	1	3	6	1.000000000000000000000000000000000000000000000000000000000000000	0
6	4	3	3	5	6	1.000000000000000000000000000000000000000000000000000000000000000	0
6	4	3	5	3	2	0.667114583795489220286616062027669048576950558713539814253459311	0
6	4	3	5	3	6	-0.744955120854519122368064226817934855627058777742586587766147447	0
6	4	3	5	5	2	0.744955120854519122368064226817934855627058777742586587766147447	0
6	4	3	5	5	6	0.667114583795489220286616062027669048576950558713539814253459311	0
6	4	4	2	3	5	1.000000000000000000000000000000000000000000000000000000000000000	0
6	4	4	4	5	5	1.000000000000000000000000000000000000000000000000000000000000000	0
6	4	4	6	3	1	0.667114583795489220286616062027669048576950558713539814253459311	0
6	4	4	6	3	5	-0.744955120854519122368064226817934855627058777742586587766147447	0
6	4	4	6	5	1	0.744955120854519122368064226817934855627058777742586587766147447	0
6	4	4	6	5	5	0.667114583795489220286616062027669048576950558713539814253459311	0
6	4	5	1	5	6	1.000000000000000000000000000000000000000000000000000000000000000	0
6	4	5	3	3	4	-0.445041867912628808577805128993589518932711137529089910623974032	0
6	4	5	3	3	6	0.895509763098559552757489397452350146205352421990692323982826604	0
6	4	5	3	5	4	0.895509763098559552757489397452350146205352421990692323982826604	0
6	4	5	3	5	6	0.445041867912628808577805128993589518932711137529089910623974032	0
6	4	5	5	3	4	0.801937735804838252472204639014890102331838324263714300107124846	0
6	4	5	5	3	6	0.597407622894292707144804443061589880113553101589937048620862942	0
6	4	5	5	5	4	0.597407622894292707144804443061589880113553101589937048620862942	0
6	4	5	5	5	6	-0.801937735804838252472204639014890102331838324263714300107124846	0
6	4	6	2	5	5	1.000000000000000000000000000000000000000000000000000000000000000	0
6	4	6	4	3	3	-0.445041867912628808577805128993589518932711137529089910623974032	0
6	4	6	4	3	5	0.895509763098559552757489397452350146205352421990692323982826604	0
6	4	6	4	5	3	0.895509763098559552757489397452350146205352421990692323982826604	0
6	4	6	4	5	5	0.445041867912628808577805128993589518932711137529089910623974032	0
6	4	6	6	3	3	0.801937735804838252472204639014890102331838324263714300107124846	0
6	4	6	6	3	5	0.597407622894292707144804443061589880113553101589937048620862942	0
6	4	6	6	5	3	0.597407622894292707144804443061589880113553101589937048620862942	0
6	4	6	6	5	5	-0.801937735804838252472204639014890102331838324263714300107124846	0
6	5	1	2	2	5	1.000000000000000000000000000000000000000000000000000000000000000	0
6	5	1	4	4	5	1.000000000000000000000000000000000000000000000000000000000000000	0
6	5	1	6	6	5	1.000000000000000000000000000000000000000000000000000000000000000	0
6	5	2	1	2	6	1.000000000000000000000000000000000000000000000000000000000000000	0
6	5	2	3	4	6	1.000000000000000000000000000000000000000000000000000000000000000	0
6	5	2	5	6	6	1.000000000000000000000000000000000000000000000000000000000000000	0
6	5	3	2	4	5	1.000000000000000000000000000000000000000000000000000000000000000	0
6	5	3	4	2	3	0.667114583795489220286616062027669048576950558713539814253459311	0
6	5	3	4	2	5	0.744955120854519122368064226817934855627058777742586587766147447	0
6	5	3	4	6	3	-0.744955120854519122368064226817934855627058777742586587766147447	0
6	5	3	4	6	5	0.667114583795489220286616062027669048576950558713539814253459311	0
6	5	3	6	4	3	0.801937735804838252472204639014890102331838324263714300107124846	0
6	5	3	6	4	5	0.597407622894292707144804443061589880113553101589937048620862942	0
6	5	3	6	6	3	0.597407622894292707144804443061589880113553101589937048620862942	0
6	5	3	6	6	5	-0.801937735804838252472204639014890102331838324263714300107124846	0
6	5	4	1	4	6	1.000000000000000000000000000000000000000000000000000000000000000	0
6	5	4	3	2	4	0.667114583795489220286616062027669048576950558713539814253459311	0
6	5	4	3	2	6	0.744955120854519122368064226817934855627058777742586587766147447	0
6	5	4	3	6	4	-0.744955120854519122368064226817934855627058777742586587766147447	0
6	5	4	3	6	6	0.667114583795489220286616062027669048576950558713539814253459311	0
6	5	4	5	4	4	0.801937735804838252472204639014890102331838324263714300107124846	0
6	5	4	5	4	6	0.597407622894292707144804443061589880113553101589937048620862942	0
6	5	4	5	6	4	0.597407622894292707144804443061589880113553101589937048620862942	0
6	5	4	5	6	6	-0.801937735804838252472204639014890102331838324263714300107124846	0
6	5	5	2	6	5	1.000000000000000000000000000000000000000000000000000000000000000	0
6	5	5	4	4	3	0.801937735804838252472204639014890102331838324263714300107124846	0
6	5	5	4	4	5	0.597407622894292707144804443061589880113553101589937048620862942	0
6	5	5	4	6	3	0.597407622894292707144804443061589880113553101589937048620862942	0
6	5	5	4	6	5	-0.801937735804838252472204639014890102331838324263714300107124846	0
6	5	5	6	2	1	0.445041867912628808577805128993589518932711137529089910623974032	0
6	5	5	6	2	3	0.597407622894292707144804443061589880113553101589937048620862942	0
6	5	5	6	2	5	0.667114583795489220286616062027669048576950558713539814253459311	0
6	5	5	6	4	1	0.597407622894292707144804443061589880113553101589937048620862942	0
6	5	5	6	4	3	0.356895867892209443894399510021300583399127186734624389483150815	0
6	5	5	6	4	5	-0.718143071810385942304996690256957060270471493544209967833977679	0
6	5	5	6	6	1	0.667114583795489220286616062027669048576950558713539814253459311	0
6	5	5	6	6	3	-0.718143071810385942304996690256957060270471493544209967833977679	0
6	5	5	6	6	5	0.198062264195161747527795360985109897668161675736285699892875154	0
6	5	6	1	6	6	1.000000000000000000000000000000000000000000000000000000000000000	0
6	5	6	3	4	4	0.801937735804838252472204639014890102331838324263714300107124846	0
6	5	6	3	4	6	0.597407622894292707144804443061589880113553101589937048620862942	0
6	5	6	3	6	4	0.597407622894292707144804443061589880113553101589937048620862942	0
6	5	6	3	6	6	-0.801937735804838252472204639014890102331838324263714300107124846	0
6	5	6	5	2	2	0.445041867912628808577805128993589518932711137529089910623974032	0
6	5	6	5	2	4	0.597407622894292707144804443061589880113553101589937048620862942	0
6	5	6	5	2	6	0.667114583795489220286616062027669048576950558713539814253459311	0
6	5	6	5	4	2	0.597407622894292707144804443061589880113553101589937048620862942	0
6	5	6	5	4	4	0.356895867892209443894399510021300583399127186734624389483150815	0
6	5	6	5	4	6	-0.718143071810385942304996690256957060270471493544209967833977679	0
6	5	6	5	6	2	0.667114583795489220286616062027669048576950558713539814253459311	0
6	5	6	5	6	4	-0.718143071810385942304996690256957060270471493544209967833977679	0
6	5	6	5	6	6	0.198062264195161747527795360985109897668161675736285699892875154	0
6	6	1	1	1	6	1.000000000000000000000000000000000000000000000000000000000000000	0
6	6	1	3	3	6	1.000000000000000000000000000000000000000000000000000000000000000	0
6	6	1	5	5	6	1.000000000000000000000000000000000000000000000000000000000000000	0
6	6	2	2	1	5	1.000000000000000000000000000000000000000000000000000000000000000	0
6	6	2	4	3	5	1.000000000000000000000000000000000000000000000000000000000000000	0
6	6	2	6	5	5	1.000000000000000000000000000000000000000000000000000000000000000	0
6	6	3	1	3	6	1.000000000000000000000000000000000000000000000000000000000000000	0
6	6	3	3	1	4	0.667114583795489220286616062027669048576950558713539814253459311	0
6	6	3	3	1	6	0.744955120854519122368064226817934855627058777742586587766147447	0
6	6	3	3	5	4	-0.744955120854519122368064226817934855627058777742586587766147447	0
6	6	3	3	5	6	0.667114583795489220286616062027669048576950558713539814253459311	0
6	6	3	5	3	4	0.801937735804838252472204639014890102331838324263714300107124846	0
6	6	3	5	3	6	0.597407622894292707144804443061589880113553101589937048620862942	0
6	6	3	5	5	4	0.597407622894292707144804443061589880113553101589937048620862942	0
6	6	3	5	5	6	-0.801937735804838252472204639014890102331838324263714300107124846	0
6	6	4	2	3	5	1.000000000000000000000000000000000000000000000000000000000000000	0
6	6	4	4	1	3	0.667114583795489220286616062027669048576950558713539814253459311	0
6	6	4	4	1	5	0.744955120854519122368064226817934855627058777742586587766147447	0
6	6	4	4	5	3	-0.744955120854519122368064226817934855627058777742586587766147447	0
6	6	4	4	5	5	0.667114583795489220286616062027669048576950558713539814253459311	0
6	6	4	6	3	3	0.801937735804838252472204639014890102331838324263714300107124846	0
6	6	4	6	3	5	0.597407622894292707144804443061589880113553101589937048620862942	0
6	6	4	6	5	3	0.597407622894292707144804443061589880113553101589937048620862942	0
6	6	4	6	5	5	-0.801937735804838252472204639014890102331838324263714300107124846	0
6	6	5	1	5	6	1.000000000000000000000000000000000000000000000000000000000000000	0
6	6	5	3	3	4	0.801937735804838252472204639014890102331838324263714300107124846	0
6	6	5	3	3	6	0.597407622894292707144804443061589880113553101589937048620862942	0
6	6	5	3	5	4	0.597407622894292707144804443061589880113553101589937048620862942	0
6	6	5	3	5	6	-0.801937735804838252472204639014890102331838324263714300107124846	0
6	6	5	5	1	2	0.445041867912628808577805128993589518932711137529089910623974032	0
6	6	5	5	1	4	0.597407622894292707144804443061589880113553101589937048620862942	0
6	6	5	5	1	6	0.667114583795489220286616062027669048576950558713539814253459311	0
6	6	5	5	3	2	0.597407622894292707144804443061589880113553101589937048620862942	0
6	6	5	5	3	4	0.356895867892209443894399510021300583399127186734624389483150815	0
6	6	5	5	3	6	-0.718143071810385942304996690256957060270471493544209967833977679	0
6	6	5	5	5	2	0.667114583795489220286616062027669048576950558713539814253459311	0
6	6	5	5	5	4	-0.718143071810385942304996690256957060270471493544209967833977679	0
6	6	5	5	5	6	0.198062264195161747527795360985109897668161675736285699892875154	0
6	6	6	2	5	5	1.000000000000000000000000000000000000000000000000000000000000000	0
6	6	6	4	3	3	0.801937735804838252472204639014890102331838324263714300107124846	0
6	6	6	4	3	5	0.597407622894292707144804443061589880113553101589937048620862942	0
6	6	6	4	5	3	0.597407622894292707144804443061589880113553101589937048620862942	0
6	6	6	4	5	5	-0.801937735804838252472204639014890102331838324263714300107124846	0
6	6	6	6	1	1	0.445041867912628808577805128993589518932711137529089910623974032	0
6	6	6	6	1	3	0.597407622894292707144804443061589880113553101589937048620862942	0
6	6	6	6	1	5	0.667114583795489220286616062027669048576950558713539814253459311	0
6	6	6	6	3	1	0.597407622894292707144804443061589880113553101589937048620862942	0
6	6	6	6	3	3	0.356895867892209443894399510021300583399127186734624389483150815	0
6	6	6	6	3	5	-0.718143071810385942304996690256957060270471493544209967833977679	0
6	6	6	6	5	1	0.667114583795489220286616062027669048576950558713539814253459311	0
6	6	6	6	5	3	-0.718143071810385942304996690256957060270471493544209967833977679	0
6	6	6	6	5	5	0.198062264195161747527795360985109897668161675736285699892875154	0