1	1	1	1	1	1	1.000000000000000000000000000000000000000000000000000000000000000	0
1	1	2	2	1	2	1.000000000000000000000000000000000000000000000000000000000000000	0
1	1	3	3	1	3	1.000000000000000000000000000000000000000000000000000000000000000	0
1	1	4	4	1	4	1.000000000000000000000000000000000000000000000000000000000000000	0
1	1	5	5	1	5	1.000000000000000000000000000000000000000000000000000000000000000	0
1	1	6	6	1	6	1.000000000000000000000000000000000000000000000000000000000000000	0
1	2	1	2	2	2	1.000000000000000000000000000000000000000000000000000000000000000	0
1	2	2	5	2	5	1.000000000000000000000000000000000000000000000000000000000000000	0
1	2	3	1	2	1	1.000000000000000000000000000000000000000000000000000000000000000	0
1	2	4	3	2	3	1.000000000000000000000000000000000000000000000000000000000000000	0
1	2	5	4	2	4	1.000000000000000000000000000000000000000000000000000000000000000	0
1	2	6	6	2	6	1.000000000000000000000000000000000000000000000000000000000000000	0
1	3	1	3	3	3	1.000000000000000000000000000000000000000000000000000000000000000	0
1	3	2	1	3	1	1.000000000000000000000000000000000000000000000000000000000000000	0
1	3	3	4	3	4	1.000000000000000000000000000000000000000000000000000000000000000	0
1	3	4	5	3	5	1.000000000000000000000000000000000000000000000000000000000000000	0
1	3	5	2	3	2	1.000000000000000000000000000000000000000000000000000000000000000	0
1	3	6	6	3	6	1.000000000000000000000000000000000000000000000000000000000000000	0
1	4	1	4	4	4	1.000000000000000000000000000000000000000000000000000000000000000	0
1	4	2	3	4	3	1.000000000000000000000000000000000000000000000000000000000000000	0
1	4	3	5	4	5	1.000000000000000000000000000000000000000000000000000000000000000	0
1	4	4	2	4	2	1.000000000000000000000000000000000000000000000000000000000000000	0
1	4	5	1	4	1	1.000000000000000000000000000000000000000000000000000000000000000	0
1	4	6	6	4	6	1.000000000000000000000000000000000000000000000000000000000000000	0
1	5	1	5	5	5	1.000000000000000000000000000000000000000000000000000000000000000	0
1	5	2	4	5	4	1.000000000000000000000000000000000000000000000000000000000000000	0
1	5	3	2	5	2	1.000000000000000000000000000000000000000000000000000000000000000	0
1	5	4	1	5	1	1.000000000000000000000000000000000000000000000000000000000000000	0
1	5	5	3	5	3	1.000000000000000000000000000000000000000000000000000000000000000	0
1	5	6	6	5	6	1.000000000000000000000000000000000000000000000000000000000000000	0
1	6	1	6	6	6	1.000000000000000000000000000000000000000000000000000000000000000	0
1	6	2	6	6	6	1.000000000000000000000000000000000000000000000000000000000000000	0
1	6	3	6	6	6	1.000000000000000000000000000000000000000000000000000000000000000	0
1	6	4	6	6	6	1.000000000000000000000000000000000000000000000000000000000000000	0
1	6	5	6	6	6	1.000000000000000000000000000000000000000000000000000000000000000	0
1	6	6	1	6	1	1.000000000000000000000000000000000000000000000000000000000000000	0
1	6	6	2	6	2	1.000000000000000000000000000000000000000000000000000000000000000	0
1	6	6	3	6	3	1.000000000000000000000000000000000000000000000000000000000000000	0
1	6	6	4	6	4	1.000000000000000000000000000000000000000000000000000000000000000	0
1	6	6	5	6	5	1.000000000000000000000000000000000000000000000000000000000000000	0
2	1	1	2	2	1	1.000000000000000000000000000000000000000000000000000000000000000	0
2	1	2	5	2	2	1.000000000000000000000000000000000000000000000000000000000000000	0
2	1	3	1	2	3	1.000000000000000000000000000000000000000000000000000000000000000	0
2	1	4	3	2	4	1.000000000000000000000000000000000000000000000000000000000000000	0
2	1	5	4	2	5	1.000000000000000000000000000000000000000000000000000000000000000	0
2	1	6	6	2	6	1.000000000000000000000000000000000000000000000000000000000000000	0
2	2	1	5	5	2	1.000000000000000000000000000000000000000000000000000000000000000	0
2	2	2	4	5	5	1.000000000000000000000000000000000000000000000000000000000000000	0
2	2	3	2	5	1	-1.000000000000000000000000000000000000000000000000000000000000000	0
2	2	4	1	5	3	1.000000000000000000000000000000000000000000000000000000000000000	0
2	2	5	3	5	4	1.000000000000000000000000000000000000000000000000000000000000000	0
2	2	6	6	5	6	1.000000000000000000000000000000000000000000000000000000000000000	0
2	3	1	1	1	3	1.000000000000000000000000000000000000000000000000000000000000000	0
2	3	2	2	1	1	1.000000000000000000000000000000000000000000000000000000000000000	0
2	3	3	3	1	4	-1.000000000000000000000000000000000000000000000000000000000000000	0
2	3	4	4	1	5	-1.000000000000000000000000000000000000000000000000000000000000000	0
2	3	5	5	1	2	-1.000000000000000000000000000000000000000000000000000000000000000	0
2	3	6	6	1	6	-1.000000000000000000000000000000000000000000000000000000000000000	0
2	4	1	3	3	4	1.000000000000000000000000000000000000000000000000000000000000000	0
2	4	2	1	3	3	1.000000000000000000000000000000000000000000000000000000000000000	0
2	4	3	4	3	5	1.000000000000000000000000000000000000000000000000000000000000000	0
2	4	4	5	3	2	1.000000000000000000000000000000000000000000000000000000000000000	0
2	4	5	2	3	1	-1.000000000000000000000000000000000000000000000000000000000000000	0
2	4	6	6	3	6	1.000000000000000000000000000000000000000000000000000000000000000	0
2	5	1	4	4	5	1.000000000000000000000000000000000000000000000000000000000000000	0
2	5	2	3	4	4	1.000000000000000000000000000000000000000000000000000000000000000	0
2	5	3	5	4	2	1.000000000000000000000000000000000000000000000000000000000000000	0
2	5	4	2	4	1	-1.000000000000000000000000000000000000000000000000000000000000000	0
2	5	5	1	4	3	1.000000000000000000000000000000000000000000000000000000000000000	0
2	5	6	6	4	6	1.000000000000000000000000000000000000000000000000000000000000000	0
2	6	1	6	6	6	1.000000000000000000000000000000000000000000000000000000000000000	0
2	6	2	6	6	6	-0.8090169943749474241022934171828190588601545899028814310677243114	0.5877852522924731291687059546390727685976524376431459910722724808
2	6	3	6	6	6	-0.8090169943749474241022934171828190588601545899028814310677243114	-0.5877852522924731291687059546390727685976524376431459910722724808
2	6	4	6	6	6	0.3090169943749474241022934171828190588601545899028814310677243114	0.9510565162951535721164393333793821434056986341257502224473056444
2	6	5	6	6	6	0.3090169943749474241022934171828190588601545899028814310677243114	-0.9510565162951535721164393333793821434056986341257502224473056444
2	6	6	1	6	3	1.000000000000000000000000000000000000000000000000000000000000000	0
2	6	6	2	6	1	-1.000000000000000000000000000000000000000000000000000000000000000	0
2	6	6	3	6	4	1.000000000000000000000000000000000000000000000000000000000000000	0
2	6	6	4	6	5	1.000000000000000000000000000000000000000000000000000000000000000	0
2	6	6	5	6	2	1.000000000000000000000000000000000000000000000000000000000000000	0
3	1	1	3	3	1	1.000000000000000000000000000000000000000000000000000000000000000	0
3	1	2	1	3	2	1.000000000000000000000000000000000000000000000000000000000000000	0
3	1	3	4	3	3	1.000000000000000000000000000000000000000000000000000000000000000	0
3	1	4	5	3	4	1.000000000000000000000000000000000000000000000000000000000000000	0
3	1	5	2	3	5	1.000000000000000000000000000000000000000000000000000000000000000	0
3	1	6	6	3	6	1.000000000000000000000000000000000000000000000000000000000000000	0
3	2	1	1	1	2	1.000000000000000000000000000000000000000000000000000000000000000	0
3	2	2	2	1	5	-1.000000000000000000000000000000000000000000000000000000000000000	0
3	2	3	3	1	1	1.000000000000000000000000000000000000000000000000000000000000000	0
3	2	4	4	1	3	-1.000000000000000000000000000000000000000000000000000000000000000	0
3	2	5	5	1	4	-1.000000000000000000000000000000000000000000000000000000000000000	0
3	2	6	6	1	6	-1.000000000000000000000000000000000000000000000000000000000000000	0
3	3	1	4	4	3	1.000000000000000000000000000000000000000000000000000000000000000	0
3	3	2	3	4	1	-1.000000000000000000000000000000000000000000000000000000000000000	0
3	3	3	5	4	4	1.000000000000000000000000000000000000000000000000000000000000000	0
3	3	4	2	4	5	1.000000000000000000000000000000000000000000000000000000000000000	0
3	3	5	1	4	2	1.000000000000000000000000000000000000000000000000000000000000000	0
3	3	6	6	4	6	1.000000000000000000000000000000000000000000000000000000000000000	0
3	4	1	5	5	4	1.000000000000000000000000000000000000000000000000000000000000000	0
3	4	2	4	5	3	1.000000000000000000000000000000000000000000000000000000000000000	0
3	4	3	2	5	5	1.000000000000000000000000000000000000000000000000000000000000000	0
3	4	4	1	5	2	1.000000000000000000000000000000000000000000000000000000000000000	0
3	4	5	3	5	1	-1.000000000000000000000000000000000000000000000000000000000000000	0
3	4	6	6	5	6	1.000000000000000000000000000000000000000000000000000000000000000	0
3	5	1	2	2	5	1.000000000000000000000000000000000000000000000000000000000000000	0
3	5	2	5	2	4	1.000000000000000000000000000000000000000000000000000000000000000	0
3	5	3	1	2	2	1.000000000000000000000000000000000000000000000000000000000000000	0
3	5	4	3	2	1	-1.000000000000000000000000000000000000000000000000000000000000000	0
3	5	5	4	2	3	1.000000000000000000000000000000000000000000000000000000000000000	0
3	5	6	6	2	6	1.000000000000000000000000000000000000000000000000000000000000000	0
3	6	1	6	6	6	1.000000000000000000000000000000000000000000000000000000000000000	0
3	6	2	6	6	6	-0.8090169943749474241022934171828190588601545899028814310677243114	-0.5877852522924731291687059546390727685976524376431459910722724808
3	6	3	6	6	6	-0.8090169943749474241022934171828190588601545899028814310677243114	0.5877852522924731291687059546390727685976524376431459910722724808
3	6	4	6	6	6	0.3090169943749474241022934171828190588601545899028814310677243114	-0.9510565162951535721164393333793821434056986341257502224473056444
3	6	5	6	6	6	0.3090169943749474241022934171828190588601545899028814310677243114	0.9510565162951535721164393333793821434056986341257502224473056444
3	6	6	1	6	2	1.000000000000000000000000000000000000000000000000000000000000000	0
3	6	6	2	6	5	1.000000000000000000000000000000000000000000000000000000000000000	0
3	6	6	3	6	1	-1.000000000000000000000000000000000000000000000000000000000000000	0
3	6	6	4	6	3	1.000000000000000000000000000000000000000000000000000000000000000	0
3	6	6	5	6	4	1.000000000000000000000000000000000000000000000000000000000000000	0
4	1	1	4	4	1	1.000000000000000000000000000000000000000000000000000000000000000	0
4	1	2	3	4	2	1.000000000000000000000000000000000000000000000000000000000000000	0
4	1	3	5	4	3	1.000000000000000000000000000000000000000000000000000000000000000	0
4	1	4	2	4	4	1.000000000000000000000000000000000000000000000000000000000000000	0
4	1	5	1	4	5	1.000000000000000000000000000000000000000000000000000000000000000	0
4	1	6	6	4	6	1.000000000000000000000000000000000000000000000000000000000000000	0
4	2	1	3	3	2	1.000000000000000000000000000000000000000000000000000000000000000	0
4	2	2	1	3	5	1.000000000000000000000000000000000000000000000000000000000000000	0
4	2	3	4	3	1	-1.000000000000000000000000000000000000000000000000000000000000000	0
4	2	4	5	3	3	1.000000000000000000000000000000000000000000000000000000000000000	0
4	2	5	2	3	4	1.000000000000000000000000000000000000000000000000000000000000000	0
4	2	6	6	3	6	1.000000000000000000000000000000000000000000000000000000000000000	0
4	3	1	5	5	3	1.000000000000000000000000000000000000000000000000000000000000000	0
4	3	2	4	5	1	-1.000000000000000000000000000000000000000000000000000000000000000	0
4	3	3	2	5	4	1.000000000000000000000000000000000000000000000000000000000000000	0
4	3	4	1	5	5	1.000000000000000000000000000000000000000000000000000000000000000	0
4	3	5	3	5	2	1.000000000000000000000000000000000000000000000000000000000000000	0
4	3	6	6	5	6	1.000000000000000000000000000000000000000000000000000000000000000	0
4	4	1	2	2	4	1.000000000000000000000000000000000000000000000000000000000000000	0
4	4	2	5	2	3	1.000000000000000000000000000000000000000000000000000000000000000	0
4	4	3	1	2	5	1.000000000000000000000000000000000000000000000000000000000000000	0
4	4	4	3	2	2	1.000000000000000000000000000000000000000000000000000000000000000	0
4	4	5	4	2	1	-1.000000000000000000000000000000000000000000000000000000000000000	0
4	4	6	6	2	6	1.000000000000000000000000000000000000000000000000000000000000000	0
4	5	1	1	1	5	1.000000000000000000000000000000000000000000000000000000000000000	0
4	5	2	2	1	4	-1.000000000000000000000000000000000000000000000000000000000000000	0
4	5	3	3	1	2	-1.000000000000000000000000000000000000000000000000000000000000000	0
4	5	4	4	1	1	1.000000000000000000000000000000000000000000000000000000000000000	0
4	5	5	5	1	3	-1.000000000000000000000000000000000000000000000000000000000000000	0
4	5	6	6	1	6	-1.000000000000000000000000000000000000000000000000000000000000000	0
4	6	1	6	6	6	1.000000000000000000000000000000000000000000000000000000000000000	0
4	6	2	6	6	6	0.3090169943749474241022934171828190588601545899028814310677243114	0.9510565162951535721164393333793821434056986341257502224473056444
4	6	3	6	6	6	0.3090169943749474241022934171828190588601545899028814310677243114	-0.9510565162951535721164393333793821434056986341257502224473056444
4	6	4	6	6	6	-0.8090169943749474241022934171828190588601545899028814310677243114	-0.5877852522924731291687059546390727685976524376431459910722724808
4	6	5	6	6	6	-0.8090169943749474241022934171828190588601545899028814310677243114	0.5877852522924731291687059546390727685976524376431459910722724808
4	6	6	1	6	5	1.000000000000000000000000000000000000000000000000000000000000000	0
4	6	6	2	6	4	1.000000000000000000000000000000000000000000000000000000000000000	0
4	6	6	3	6	2	1.000000000000000000000000000000000000000000000000000000000000000	0
4	6	6	4	6	1	-1.000000000000000000000000000000000000000000000000000000000000000	0
4	6	6	5	6	3	1.000000000000000000000000000000000000000000000000000000000000000	0
5	1	1	5	5	1	1.000000000000000000000000000000000000000000000000000000000000000	0
5	1	2	4	5	2	1.000000000000000000000000000000000000000000000000000000000000000	0
5	1	3	2	5	3	1.000000000000000000000000000000000000000000000000000000000000000	0
5	1	4	1	5	4	1.000000000000000000000000000000000000000000000000000000000000000	0
5	1	5	3	5	5	1.000000000000000000000000000000000000000000000000000000000000000	0
5	1	6	6	5	6	1.000000000000000000000000000000000000000000000000000000000000000	0
5	2	1	4	4	2	1.000000000000000000000000000000000000000000000000000000000000000	0
5	2	2	3	4	5	1.000000000000000000000000000000000000000000000000000000000000000	0
5	2	3	5	4	1	-1.000000000000000000000000000000000000000000000000000000000000000	0
5	2	4	2	4	3	1.000000000000000000000000000000000000000000000000000000000000000	0
5	2	5	1	4	4	1.000000000000000000000000000000000000000000000000000000000000000	0
5	2	6	6	4	6	1.000000000000000000000000000000000000000000000000000000000000000	0
5	3	1	2	2	3	1.000000000000000000000000000000000000000000000000000000000000000	0
5	3	2	5	2	1	-1.000000000000000000000000000000000000000000000000000000000000000	0
5	3	3	1	2	4	1.000000000000000000000000000000000000000000000000000000000000000	0
5	3	4	3	2	5	1.000000000000000000000000000000000000000000000000000000000000000	0
5	3	5	4	2	2	1.000000000000000000000000000000000000000000000000000000000000000	0
5	3	6	6	2	6	1.000000000000000000000000000000000000000000000000000000000000000	0
5	4	1	1	1	4	1.000000000000000000000000000000000000000000000000000000000000000	0
5	4	2	2	1	3	-1.000000000000000000000000000000000000000000000000000000000000000	0
5	4	3	3	1	5	-1.000000000000000000000000000000000000000000000000000000000000000	0
5	4	4	4	1	2	-1.000000000000000000000000000000000000000000000000000000000000000	0
5	4	5	5	1	1	1.000000000000000000000000000000000000000000000000000000000000000	0
5	4	6	6	1	6	-1.000000000000000000000000000000000000000000000000000000000000000	0
5	5	1	3	3	5	1.000000000000000000000000000000000000000000000000000000000000000	0
5	5	2	1	3	4	1.000000000000000000000000000000000000000000000000000000000000000	0
5	5	3	4	3	2	1.000000000000000000000000000000000000000000000000000000000000000	0
5	5	4	5	3	1	-1.000000000000000000000000000000000000000000000000000000000000000	0
5	5	5	2	3	3	1.000000000000000000000000000000000000000000000000000000000000000	0
5	5	6	6	3	6	1.000000000000000000000000000000000000000000000000000000000000000	0
5	6	1	6	6	6	1.000000000000000000000000000000000000000000000000000000000000000	0
5	6	2	6	6	6	0.3090169943749474241022934171828190588601545899028814310677243114	-0.9510565162951535721164393333793821434056986341257502224473056444
5	6	3	6	6	6	0.3090169943749474241022934171828190588601545899028814310677243114	0.9510565162951535721164393333793821434056986341257502224473056444
5	6	4	6	6	6	-0.8090169943749474241022934171828190588601545899028814310677243114	0.5877852522924731291687059546390727685976524376431459910722724808
5	6	5	6	6	6	-0.8090169943749474241022934171828190588601545899028814310677243114	-0.5877852522924731291687059546390727685976524376431459910722724808
5	6	6	1	6	4	1.000000000000000000000000000000000000000000000000000000000000000	0
5	6	6	2	6	3	1.000000000000000000000000000000000000000000000000000000000000000	0
5	6	6	3	6	5	1.000000000000000000000000000000000000000000000000000000000000000	0
5	6	6	4	6	2	1.000000000000000000000000000000000000000000000000000000000000000	0
5	6	6	5	6	1	-1.000000000000000000000000000000000000000000000000000000000000000	0
6	1	1	6	6	1	1.000000000000000000000000000000000000000000000000000000000000000	0
6	1	2	6	6	2	1.000000000000000000000000000000000000000000000000000000000000000	0
6	1	3	6	6	3	1.000000000000000000000000000000000000000000000000000000000000000	0
6	1	4	6	6	4	1.000000000000000000000000000000000000000000000000000000000000000	0
6	1	5	6	6	5	1.000000000000000000000000000000000000000000000000000000000000000	0
6	1	6	1	6	6	1.000000000000000000000000000000000000000000000000000000000000000	0
6	1	6	2	6	6	1.000000000000000000000000000000000000000000000000000000000000000	0
6	1	6	3	6	6	1.000000000000000000000000000000000000000000000000000000000000000	0
6	1	6	4	6	6	1.000000000000000000000000000000000000000000000000000000000000000	0
6	1	6	5	6	6	1.000000000000000000000000000000000000000000000000000000000000000	0
6	2	1	6	6	2	1.000000000000000000000000000000000000000000000000000000000000000	0
6	2	2	6	6	5	1.000000000000000000000000000000000000000000000000000000000000000	0
6	2	3	6	6	1	-1.000000000000000000000000000000000000000000000000000000000000000	0
6	2	4	6	6	3	1.000000000000000000000000000000000000000000000000000000000000000	0
6	2	5	6	6	4	1.000000000000000000000000000000000000000000000000000000000000000	0
6	2	6	1	6	6	1.000000000000000000000000000000000000000000000000000000000000000	0
6	2	6	2	6	6	-0.8090169943749474241022934171828190588601545899028814310677243114	0.5877852522924731291687059546390727685976524376431459910722724808
6	2	6	3	6	6	-0.8090169943749474241022934171828190588601545899028814310677243114	-0.5877852522924731291687059546390727685976524376431459910722724808
6	2	6	4	6	6	0.3090169943749474241022934171828190588601545899028814310677243114	0.9510565162951535721164393333793821434056986341257502224473056444
6	2	6	5	6	6	0.3090169943749474241022934171828190588601545899028814310677243114	-0.9510565162951535721164393333793821434056986341257502224473056444
6	3	1	6	6	3	1.000000000000000000000000000000000000000000000000000000000000000	0
6	3	2	6	6	1	-1.000000000000000000000000000000000000000000000000000000000000000	0
6	3	3	6	6	4	1.000000000000000000000000000000000000000000000000000000000000000	0
6	3	4	6	6	5	1.000000000000000000000000000000000000000000000000000000000000000	0
6	3	5	6	6	2	1.000000000000000000000000000000000000000000000000000000000000000	0
6	3	6	1	6	6	1.000000000000000000000000000000000000000000000000000000000000000	0
6	3	6	2	6	6	-0.8090169943749474241022934171828190588601545899028814310677243114	-0.5877852522924731291687059546390727685976524376431459910722724808
6	3	6	3	6	6	-0.8090169943749474241022934171828190588601545899028814310677243114	0.5877852522924731291687059546390727685976524376431459910722724808
6	3	6	4	6	6	0.3090169943749474241022934171828190588601545899028814310677243114	-0.9510565162951535721164393333793821434056986341257502224473056444
6	3	6	5	6	6	0.3090169943749474241022934171828190588601545899028814310677243114	0.9510565162951535721164393333793821434056986341257502224473056444
6	4	1	6	6	4	1.000000000000000000000000000000000000000000000000000000000000000	0
6	4	2	6	6	3	1.000000000000000000000000000000000000000000000000000000000000000	0
6	4	3	6	6	5	1.000000000000000000000000000000000000000000000000000000000000000	0
6	4	4	6	6	2	1.000000000000000000000000000000000000000000000000000000000000000	0
6	4	5	6	6	1	-1.000000000000000000000000000000000000000000000000000000000000000	0
6	4	6	1	6	6	1.000000000000000000000000000000000000000000000000000000000000000	0
6	4	6	2	6	6	0.3090169943749474241022934171828190588601545899028814310677243114	0.9510565162951535721164393333793821434056986341257502224473056444
6	4	6	3	6	6	0.3090169943749474241022934171828190588601545899028814310677243114	-0.9510565162951535721164393333793821434056986341257502224473056444
6	4	6	4	6	6	-0.8090169943749474241022934171828190588601545899028814310677243114	-0.5877852522924731291687059546390727685976524376431459910722724808
6	4	6	5	6	6	-0.8090169943749474241022934171828190588601545899028814310677243114	0.5877852522924731291687059546390727685976524376431459910722724808
6	5	1	6	6	5	1.000000000000000000000000000000000000000000000000000000000000000	0
6	5	2	6	6	4	1.000000000000000000000000000000000000000000000000000000000000000	0
6	5	3	6	6	2	1.000000000000000000000000000000000000000000000000000000000000000	0
6	5	4	6	6	1	-1.000000000000000000000000000000000000000000000000000000000000000	0
6	5	5	6	6	3	1.000000000000000000000000000000000000000000000000000000000000000	0
6	5	6	1	6	6	1.000000000000000000000000000000000000000000000000000000000000000	0
6	5	6	2	6	6	0.3090169943749474241022934171828190588601545899028814310677243114	-0.9510565162951535721164393333793821434056986341257502224473056444
6	5	6	3	6	6	0.3090169943749474241022934171828190588601545899028814310677243114	0.9510565162951535721164393333793821434056986341257502224473056444
6	5	6	4	6	6	-0.8090169943749474241022934171828190588601545899028814310677243114	0.5877852522924731291687059546390727685976524376431459910722724808
6	5	6	5	6	6	-0.8090169943749474241022934171828190588601545899028814310677243114	-0.5877852522924731291687059546390727685976524376431459910722724808
6	6	1	1	1	6	1.000000000000000000000000000000000000000000000000000000000000000	0
6	6	1	2	2	6	1.000000000000000000000000000000000000000000000000000000000000000	0
6	6	1	3	3	6	1.000000000000000000000000000000000000000000000000000000000000000	0
6	6	1	4	4	6	1.000000000000000000000000000000000000000000000000000000000000000	0
6	6	1	5	5	6	1.000000000000000000000000000000000000000000000000000000000000000	0
6	6	2	1	3	6	1.000000000000000000000000000000000000000000000000000000000000000	0
6	6	2	2	1	6	-1.000000000000000000000000000000000000000000000000000000000000000	0
6	6	2	3	4	6	1.000000000000000000000000000000000000000000000000000000000000000	0
6	6	2	4	5	6	1.000000000000000000000000000000000000000000000000000000000000000	0
6	6	2	5	2	6	1.000000000000000000000000000000000000000000000000000000000000000	0
6	6	3	1	2	6	1.000000000000000000000000000000000000000000000000000000000000000	0
6	6	3	2	5	6	1.000000000000000000000000000000000000000000000000000000000000000	0
6	6	3	3	1	6	-1.000000000000000000000000000000000000000000000000000000000000000	0
6	6	3	4	3	6	1.000000000000000000000000000000000000000000000000000000000000000	0
6	6	3	5	4	6	1.000000000000000000000000000000000000000000000000000000000000000	0
6	6	4	1	5	6	1.000000000000000000000000000000000000000000000000000000000000000	0
6	6	4	2	4	6	1.000000000000000000000000000000000000000000000000000000000000000	0
6	6	4	3	2	6	1.000000000000000000000000000000000000000000000000000000000000000	0
6	6	4	4	1	6	-1.000000000000000000000000000000000000000000000000000000000000000	0
6	6	4	5	3	6	1.000000000000000000000000000000000000000000000000000000000000000	0
6	6	5	1	4	6	1.000000000000000000000000000000000000000000000000000000000000000	0
6	6	5	2	3	6	1.000000000000000000000000000000000000000000000000000000000000000	0
6	6	5	3	5	6	1.000000000000000000000000000000000000000000000000000000000000000	0
6	6	5	4	2	6	1.000000000000000000000000000000000000000000000000000000000000000	0
6	6	5	5	1	6	-1.000000000000000000000000000000000000000000000000000000000000000	0
6	6	6	6	1	1	-0.447213595499957939281834733746255247088123671922305144854179449	0
6	6	6	6	1	2	0.447213595499957939281834733746255247088123671922305144854179449	0
6	6	6	6	1	3	0.447213595499957939281834733746255247088123671922305144854179449	0
6	6	6	6	1	4	0.447213595499957939281834733746255247088123671922305144854179449	0
6	6	6	6	1	5	0.447213595499957939281834733746255247088123671922305144854179449	0
6	6	6	6	2	1	0.447213595499957939281834733746255247088123671922305144854179449	0
6	6	6	6	2	2	0.3618033988749894848204586834365638117720309179805762862135448623	0.2628655560595668030128345424239383036427489661216708907644677616
6	6	6	6	2	3	0.3618033988749894848204586834365638117720309179805762862135448623	-0.2628655560595668030128345424239383036427489661216708907644677616
6	6	6	6	2	4	-0.1381966011250105151795413165634361882279690820194237137864551377	0.4253254041760199660907702485315055361202007018824084409183701212
6	6	6	6	2	5	-0.1381966011250105151795413165634361882279690820194237137864551377	-0.4253254041760199660907702485315055361202007018824084409183701212
6	6	6	6	3	1	0.447213595499957939281834733746255247088123671922305144854179449	0
6	6	6	6	3	2	0.3618033988749894848204586834365638117720309179805762862135448623	-0.2628655560595668030128345424239383036427489661216708907644677616
6	6	6	6	3	3	0.3618033988749894848204586834365638117720309179805762862135448623	0.2628655560595668030128345424239383036427489661216708907644677616
6	6	6	6	3	4	-0.1381966011250105151795413165634361882279690820194237137864551377	-0.4253254041760199660907702485315055361202007018824084409183701212
6	6	6	6	3	5	-0.1381966011250105151795413165634361882279690820194237137864551377	0.4253254041760199660907702485315055361202007018824084409183701212
6	6	6	6	4	1	0.447213595499957939281834733746255247088123671922305144854179449	0
6	6	6	6	4	2	-0.1381966011250105151795413165634361882279690820194237137864551377	0.4253254041760199660907702485315055361202007018824084409183701212
6	6	6	6	4	3	-0.1381966011250105151795413165634361882279690820194237137864551377	-0.4253254041760199660907702485315055361202007018824084409183701212
6	6	6	6	4	4	0.3618033988749894848204586834365638117720309179805762862135448623	-0.2628655560595668030128345424239383036427489661216708907644677616
6	6	6	6	4	5	0.3618033988749894848204586834365638117720309179805762862135448623	0.2628655560595668030128345424239383036427489661216708907644677616
6	6	6	6	5	1	0.447213595499957939281834733746255247088123671922305144854179449	0
6	6	6	6	5	2	-0.1381966011250105151795413165634361882279690820194237137864551377	-0.4253254041760199660907702485315055361202007018824084409183701212
6	6	6	6	5	3	-0.1381966011250105151795413165634361882279690820194237137864551377	0.4253254041760199660907702485315055361202007018824084409183701212
6	6	6	6	5	4	0.3618033988749894848204586834365638117720309179805762862135448623	0.2628655560595668030128345424239383036427489661216708907644677616
6	6	6	6	5	5	0.3618033988749894848204586834365638117720309179805762862135448623	-0.2628655560595668030128345424239383036427489661216708907644677616