1	1	1	1.000000000000000000000000000000000000000000000000000000000000000	0
1	2	2	1.000000000000000000000000000000000000000000000000000000000000000	0
1	3	3	1.000000000000000000000000000000000000000000000000000000000000000	0
1	4	4	1.000000000000000000000000000000000000000000000000000000000000000	0
1	5	5	1.000000000000000000000000000000000000000000000000000000000000000	0
2	1	2	1.000000000000000000000000000000000000000000000000000000000000000	0
2	2	1	1.000000000000000000000000000000000000000000000000000000000000000	0
2	3	4	-1.000000000000000000000000000000000000000000000000000000000000000	0
2	4	3	-1.000000000000000000000000000000000000000000000000000000000000000	0
2	5	5	1.000000000000000000000000000000000000000000000000000000000000000	0
3	1	3	1.000000000000000000000000000000000000000000000000000000000000000	0
3	2	4	-1.000000000000000000000000000000000000000000000000000000000000000	0
3	3	1	-0.8090169943749474241022934171828190588601545899028814310677243114	-0.5877852522924731291687059546390727685976524376431459910722724808
3	3	4	0.3090169943749474241022934171828190588601545899028814310677243114	-0.9510565162951535721164393333793821434056986341257502224473056444
3	3	5	-0.3090169943749474241022934171828190588601545899028814310677243114	-0.9510565162951535721164393333793821434056986341257502224473056444
3	4	2	0.8090169943749474241022934171828190588601545899028814310677243114	0.5877852522924731291687059546390727685976524376431459910722724808
3	4	3	-0.3090169943749474241022934171828190588601545899028814310677243114	0.9510565162951535721164393333793821434056986341257502224473056444
3	4	5	0.3090169943749474241022934171828190588601545899028814310677243114	0.9510565162951535721164393333793821434056986341257502224473056444
3	5	3	1.6180339887498948482045868343656381177203091798057628621354486227	-1.1755705045849462583374119092781455371953048752862919821445449615
3	5	4	-1.6180339887498948482045868343656381177203091798057628621354486227	1.1755705045849462583374119092781455371953048752862919821445449615
3	5	5	-1.2360679774997896964091736687312762354406183596115257242708972454	3.8042260651806142884657573335175285736227945365030008897892225777
4	1	4	1.000000000000000000000000000000000000000000000000000000000000000	0
4	2	3	-1.000000000000000000000000000000000000000000000000000000000000000	0
4	3	2	0.8090169943749474241022934171828190588601545899028814310677243114	0.5877852522924731291687059546390727685976524376431459910722724808
4	3	3	-0.3090169943749474241022934171828190588601545899028814310677243114	0.9510565162951535721164393333793821434056986341257502224473056444
4	3	5	0.3090169943749474241022934171828190588601545899028814310677243114	0.9510565162951535721164393333793821434056986341257502224473056444
4	4	1	-0.8090169943749474241022934171828190588601545899028814310677243114	-0.5877852522924731291687059546390727685976524376431459910722724808
4	4	4	0.3090169943749474241022934171828190588601545899028814310677243114	-0.9510565162951535721164393333793821434056986341257502224473056444
4	4	5	-0.3090169943749474241022934171828190588601545899028814310677243114	-0.9510565162951535721164393333793821434056986341257502224473056444
4	5	3	-1.6180339887498948482045868343656381177203091798057628621354486227	1.1755705045849462583374119092781455371953048752862919821445449615
4	5	4	1.6180339887498948482045868343656381177203091798057628621354486227	-1.1755705045849462583374119092781455371953048752862919821445449615
4	5	5	1.2360679774997896964091736687312762354406183596115257242708972454	-3.8042260651806142884657573335175285736227945365030008897892225777
5	1	5	1.000000000000000000000000000000000000000000000000000000000000000	0
5	2	5	1.000000000000000000000000000000000000000000000000000000000000000	0
5	3	3	0.4045084971874737120511467085914095294300772949514407155338621557	-0.2938926261462365645843529773195363842988262188215729955361362404
5	3	4	-0.4045084971874737120511467085914095294300772949514407155338621557	0.2938926261462365645843529773195363842988262188215729955361362404
5	3	5	-0.0772542485937368560255733542957047647150386474757203577669310778	0.2377641290737883930291098333448455358514246585314375556118264111
5	4	3	-0.4045084971874737120511467085914095294300772949514407155338621557	0.2938926261462365645843529773195363842988262188215729955361362404
5	4	4	0.4045084971874737120511467085914095294300772949514407155338621557	-0.2938926261462365645843529773195363842988262188215729955361362404
5	4	5	0.0772542485937368560255733542957047647150386474757203577669310778	-0.2377641290737883930291098333448455358514246585314375556118264111
5	5	1	0.3090169943749474241022934171828190588601545899028814310677243114	-0.9510565162951535721164393333793821434056986341257502224473056444
5	5	2	0.3090169943749474241022934171828190588601545899028814310677243114	-0.9510565162951535721164393333793821434056986341257502224473056444
5	5	3	-1.000000000000000000000000000000000000000000000000000000000000000	0
5	5	4	1.000000000000000000000000000000000000000000000000000000000000000	0
5	5	5	0.8090169943749474241022934171828190588601545899028814310677243114	-0.5877852522924731291687059546390727685976524376431459910722724808