1	1	1	1.000000000000000000000000000000000000000000000000000000000000000	0
1	2	2	1.000000000000000000000000000000000000000000000000000000000000000	0
1	3	3	1.000000000000000000000000000000000000000000000000000000000000000	0
1	4	4	1.000000000000000000000000000000000000000000000000000000000000000	0
1	5	5	1.000000000000000000000000000000000000000000000000000000000000000	0
1	6	6	1.000000000000000000000000000000000000000000000000000000000000000	0
2	1	2	1.000000000000000000000000000000000000000000000000000000000000000	0
2	2	1	1.000000000000000000000000000000000000000000000000000000000000000	0
2	3	4	1.000000000000000000000000000000000000000000000000000000000000000	0
2	4	3	1.000000000000000000000000000000000000000000000000000000000000000	0
2	5	6	1.000000000000000000000000000000000000000000000000000000000000000	0
2	6	5	1.000000000000000000000000000000000000000000000000000000000000000	0
3	1	3	1.000000000000000000000000000000000000000000000000000000000000000	0
3	2	4	1.000000000000000000000000000000000000000000000000000000000000000	0
3	3	1	-0.9009688679024191262361023195074450511659191621318571500535624232	0.4338837391175581204757683328483587546099907277874598764445473035
3	3	5	-0.6234898018587335305250048840042398106322747308964021053655494391	0.7818314824680298087084445266740577502323345187086875289806349580
3	4	2	-0.9009688679024191262361023195074450511659191621318571500535624232	0.4338837391175581204757683328483587546099907277874598764445473035
3	4	6	0.7774790660436855957110974355032052405336444312354550446880129841	-0.9749279121818236070181316829939312172327858006199974376480795751
3	5	3	1.3019377358048382524722046390148901023318383242637143001071248464	0.6269801688313519187854554891682322216104420096987697851119919206
3	5	5	-0.3215520660538952780528002449893497083004364066326878052584245927	-1.4088116512993817274939000158422899718427765284074573140926268786
3	6	4	-1.6234898018587335305250048840042398106322747308964021053655494391	-0.7818314824680298087084445266740577502323345187086875289806349580
3	6	6	-0.3215520660538952780528002449893497083004364066326878052584245927	-1.4088116512993817274939000158422899718427765284074573140926268786
4	1	4	1.000000000000000000000000000000000000000000000000000000000000000	0
4	2	3	1.000000000000000000000000000000000000000000000000000000000000000	0
4	3	2	-0.9009688679024191262361023195074450511659191621318571500535624232	0.4338837391175581204757683328483587546099907277874598764445473035
4	3	6	0.5000000000000000000000000000000000000000000000000000000000000000	-0.6269801688313519187854554891682322216104420096987697851119919206
4	4	1	-0.9009688679024191262361023195074450511659191621318571500535624232	0.4338837391175581204757683328483587546099907277874598764445473035
4	4	5	-0.6234898018587335305250048840042398106322747308964021053655494391	0.7818314824680298087084445266740577502323345187086875289806349580
4	5	4	1.3019377358048382524722046390148901023318383242637143001071248464	0.6269801688313519187854554891682322216104420096987697851119919206
4	5	6	-0.3215520660538952780528002449893497083004364066326878052584245927	-1.4088116512993817274939000158422899718427765284074573140926268786
4	6	3	-1.6234898018587335305250048840042398106322747308964021053655494391	-0.7818314824680298087084445266740577502323345187086875289806349580
4	6	5	-0.3215520660538952780528002449893497083004364066326878052584245927	-1.4088116512993817274939000158422899718427765284074573140926268786
5	1	5	1.000000000000000000000000000000000000000000000000000000000000000	0
5	2	6	1.000000000000000000000000000000000000000000000000000000000000000	0
5	3	3	0.6234898018587335305250048840042398106322747308964021053655494391	0.3002568636605011643762821736170871750132556269563875934264295851
5	3	5	-0.1539892641849520651860925514989654299013697003390529393224635450	-0.6746710485213224426418495093768440422195301736636098442216499900
5	4	4	0.6234898018587335305250048840042398106322747308964021053655494391	0.3002568636605011643762821736170871750132556269563875934264295851
5	4	6	-0.1539892641849520651860925514989654299013697003390529393224635450	-0.6746710485213224426418495093768440422195301736636098442216499900
5	5	1	0.6234898018587335305250048840042398106322747308964021053655494391	0.7818314824680298087084445266740577502323345187086875289806349580
5	5	3	-0.9009688679024191262361023195074450511659191621318571500535624232	0.4338837391175581204757683328483587546099907277874598764445473035
5	5	5	0.9009688679024191262361023195074450511659191621318571500535624232	0.4338837391175581204757683328483587546099907277874598764445473035
5	6	2	0.6234898018587335305250048840042398106322747308964021053655494391	0.7818314824680298087084445266740577502323345187086875289806349580
5	6	4	-0.9009688679024191262361023195074450511659191621318571500535624232	0.4338837391175581204757683328483587546099907277874598764445473035
5	6	6	0.9009688679024191262361023195074450511659191621318571500535624232	0.4338837391175581204757683328483587546099907277874598764445473035
6	1	6	1.000000000000000000000000000000000000000000000000000000000000000	0
6	2	5	1.000000000000000000000000000000000000000000000000000000000000000	0
6	3	4	-0.5000000000000000000000000000000000000000000000000000000000000000	-0.2407873094037643221660811765284852876095394458761499677771026865
6	3	6	-0.1539892641849520651860925514989654299013697003390529393224635450	-0.6746710485213224426418495093768440422195301736636098442216499900
6	4	3	-0.5000000000000000000000000000000000000000000000000000000000000000	-0.2407873094037643221660811765284852876095394458761499677771026865
6	4	5	-0.1539892641849520651860925514989654299013697003390529393224635450	-0.6746710485213224426418495093768440422195301736636098442216499900
6	5	2	0.6234898018587335305250048840042398106322747308964021053655494391	0.7818314824680298087084445266740577502323345187086875289806349580
6	5	4	-0.9009688679024191262361023195074450511659191621318571500535624232	0.4338837391175581204757683328483587546099907277874598764445473035
6	5	6	0.9009688679024191262361023195074450511659191621318571500535624232	0.4338837391175581204757683328483587546099907277874598764445473035
6	6	1	0.6234898018587335305250048840042398106322747308964021053655494391	0.7818314824680298087084445266740577502323345187086875289806349580
6	6	3	-0.9009688679024191262361023195074450511659191621318571500535624232	0.4338837391175581204757683328483587546099907277874598764445473035
6	6	5	0.9009688679024191262361023195074450511659191621318571500535624232	0.4338837391175581204757683328483587546099907277874598764445473035