1	1	1	1.000000000000000000000000000000000000000000000000000000000000000	0
1	2	2	1.000000000000000000000000000000000000000000000000000000000000000	0
1	3	3	1.000000000000000000000000000000000000000000000000000000000000000	0
1	4	4	1.000000000000000000000000000000000000000000000000000000000000000	0
1	5	5	1.000000000000000000000000000000000000000000000000000000000000000	0
1	6	6	1.000000000000000000000000000000000000000000000000000000000000000	0
1	7	7	1.000000000000000000000000000000000000000000000000000000000000000	0
2	1	2	1.000000000000000000000000000000000000000000000000000000000000000	0
2	2	1	1.000000000000000000000000000000000000000000000000000000000000000	0
2	3	3	0.8090169943749474241022934171828190588601545899028814310677243114	-0.5877852522924731291687059546390727685976524376431459910722724808
2	4	4	0.8090169943749474241022934171828190588601545899028814310677243114	-0.5877852522924731291687059546390727685976524376431459910722724808
2	5	5	0.8090169943749474241022934171828190588601545899028814310677243114	0.5877852522924731291687059546390727685976524376431459910722724808
2	6	6	-1.000000000000000000000000000000000000000000000000000000000000000	0
2	7	7	0.8090169943749474241022934171828190588601545899028814310677243114	0.5877852522924731291687059546390727685976524376431459910722724808
3	1	3	1.000000000000000000000000000000000000000000000000000000000000000	0
3	2	3	0.8090169943749474241022934171828190588601545899028814310677243114	0.5877852522924731291687059546390727685976524376431459910722724808
3	3	1	1.000000000000000000000000000000000000000000000000000000000000000	0
3	3	2	-1.000000000000000000000000000000000000000000000000000000000000000	0
3	3	7	1.000000000000000000000000000000000000000000000000000000000000000	0
3	4	6	1.000000000000000000000000000000000000000000000000000000000000000	0
3	4	7	-0.8090169943749474241022934171828190588601545899028814310677243114	-0.5877852522924731291687059546390727685976524376431459910722724808
3	5	5	-0.8090169943749474241022934171828190588601545899028814310677243114	0.5877852522924731291687059546390727685976524376431459910722724808
3	5	6	0.3090169943749474241022934171828190588601545899028814310677243114	-0.9510565162951535721164393333793821434056986341257502224473056444
3	6	4	0.3090169943749474241022934171828190588601545899028814310677243114	0.9510565162951535721164393333793821434056986341257502224473056444
3	6	5	-0.8090169943749474241022934171828190588601545899028814310677243114	0.5877852522924731291687059546390727685976524376431459910722724808
3	7	3	-0.8090169943749474241022934171828190588601545899028814310677243114	0.5877852522924731291687059546390727685976524376431459910722724808
3	7	4	0.3090169943749474241022934171828190588601545899028814310677243114	0.9510565162951535721164393333793821434056986341257502224473056444
4	1	4	1.000000000000000000000000000000000000000000000000000000000000000	0
4	2	4	0.8090169943749474241022934171828190588601545899028814310677243114	0.5877852522924731291687059546390727685976524376431459910722724808
4	3	6	1.000000000000000000000000000000000000000000000000000000000000000	0
4	3	7	-0.8090169943749474241022934171828190588601545899028814310677243114	0.5877852522924731291687059546390727685976524376431459910722724808
4	4	1	1.000000000000000000000000000000000000000000000000000000000000000	0
4	4	2	-1.000000000000000000000000000000000000000000000000000000000000000	0
4	4	5	1.000000000000000000000000000000000000000000000000000000000000000	0
4	5	4	-0.8090169943749474241022934171828190588601545899028814310677243114	0.5877852522924731291687059546390727685976524376431459910722724808
4	5	7	0.3090169943749474241022934171828190588601545899028814310677243114	-0.9510565162951535721164393333793821434056986341257502224473056444
4	6	3	0.3090169943749474241022934171828190588601545899028814310677243114	-0.9510565162951535721164393333793821434056986341257502224473056444
4	6	6	-0.8090169943749474241022934171828190588601545899028814310677243114	0.5877852522924731291687059546390727685976524376431459910722724808
4	7	3	1.000000000000000000000000000000000000000000000000000000000000000	0
4	7	5	1.000000000000000000000000000000000000000000000000000000000000000	0
5	1	5	1.000000000000000000000000000000000000000000000000000000000000000	0
5	2	5	0.8090169943749474241022934171828190588601545899028814310677243114	-0.5877852522924731291687059546390727685976524376431459910722724808
5	3	5	-0.8090169943749474241022934171828190588601545899028814310677243114	-0.5877852522924731291687059546390727685976524376431459910722724808
5	3	6	0.3090169943749474241022934171828190588601545899028814310677243114	0.9510565162951535721164393333793821434056986341257502224473056444
5	4	4	-0.8090169943749474241022934171828190588601545899028814310677243114	-0.5877852522924731291687059546390727685976524376431459910722724808
5	4	7	0.3090169943749474241022934171828190588601545899028814310677243114	0.9510565162951535721164393333793821434056986341257502224473056444
5	5	1	1.000000000000000000000000000000000000000000000000000000000000000	0
5	5	2	-1.000000000000000000000000000000000000000000000000000000000000000	0
5	5	3	1.000000000000000000000000000000000000000000000000000000000000000	0
5	6	3	1.000000000000000000000000000000000000000000000000000000000000000	0
5	6	7	1.000000000000000000000000000000000000000000000000000000000000000	0
5	7	4	-0.8090169943749474241022934171828190588601545899028814310677243114	-0.5877852522924731291687059546390727685976524376431459910722724808
5	7	6	0.3090169943749474241022934171828190588601545899028814310677243114	0.9510565162951535721164393333793821434056986341257502224473056444
6	1	6	1.000000000000000000000000000000000000000000000000000000000000000	0
6	2	6	-1.000000000000000000000000000000000000000000000000000000000000000	0
6	3	4	0.3090169943749474241022934171828190588601545899028814310677243114	-0.9510565162951535721164393333793821434056986341257502224473056444
6	3	5	-0.8090169943749474241022934171828190588601545899028814310677243114	-0.5877852522924731291687059546390727685976524376431459910722724808
6	4	3	0.3090169943749474241022934171828190588601545899028814310677243114	0.9510565162951535721164393333793821434056986341257502224473056444
6	4	6	-0.8090169943749474241022934171828190588601545899028814310677243114	-0.5877852522924731291687059546390727685976524376431459910722724808
6	5	3	1.000000000000000000000000000000000000000000000000000000000000000	0
6	5	7	1.000000000000000000000000000000000000000000000000000000000000000	0
6	6	1	1.000000000000000000000000000000000000000000000000000000000000000	0
6	6	2	-1.000000000000000000000000000000000000000000000000000000000000000	0
6	6	4	1.000000000000000000000000000000000000000000000000000000000000000	0
6	7	5	1.000000000000000000000000000000000000000000000000000000000000000	0
6	7	7	0.3090169943749474241022934171828190588601545899028814310677243114	0.9510565162951535721164393333793821434056986341257502224473056444
7	1	7	1.000000000000000000000000000000000000000000000000000000000000000	0
7	2	7	0.8090169943749474241022934171828190588601545899028814310677243114	-0.5877852522924731291687059546390727685976524376431459910722724808
7	3	3	-0.8090169943749474241022934171828190588601545899028814310677243114	-0.5877852522924731291687059546390727685976524376431459910722724808
7	3	4	0.3090169943749474241022934171828190588601545899028814310677243114	-0.9510565162951535721164393333793821434056986341257502224473056444
7	4	3	1.000000000000000000000000000000000000000000000000000000000000000	0
7	4	5	1.000000000000000000000000000000000000000000000000000000000000000	0
7	5	4	-0.8090169943749474241022934171828190588601545899028814310677243114	0.5877852522924731291687059546390727685976524376431459910722724808
7	5	6	0.3090169943749474241022934171828190588601545899028814310677243114	-0.9510565162951535721164393333793821434056986341257502224473056444
7	6	5	1.000000000000000000000000000000000000000000000000000000000000000	0
7	6	7	0.3090169943749474241022934171828190588601545899028814310677243114	-0.9510565162951535721164393333793821434056986341257502224473056444
7	7	1	1.000000000000000000000000000000000000000000000000000000000000000	0
7	7	2	-1.000000000000000000000000000000000000000000000000000000000000000	0
7	7	6	1.000000000000000000000000000000000000000000000000000000000000000	0