1	1	1	1.000000000000000000000000000000000000000000000000000000000000000	0
1	2	2	1.000000000000000000000000000000000000000000000000000000000000000	0
1	3	3	1.000000000000000000000000000000000000000000000000000000000000000	0
1	4	4	1.000000000000000000000000000000000000000000000000000000000000000	0
1	5	5	1.000000000000000000000000000000000000000000000000000000000000000	0
2	1	2	1.000000000000000000000000000000000000000000000000000000000000000	0
2	2	1	0.8412535328311811688618116489193677175132924984205378986426501177	-0.5406408174555975821076359543186916954317706078981138400357498893
2	2	3	0.6548607339452850640569250724662935531837911993369284276062956045	-0.7557495743542582837740358439723444201797174451692235695799998831
2	3	2	1.6920861219575960648662175947459089328578632461828763940971306638	0.4968413137400903993778178050002696237837247362443766013753302998
2	3	4	-0.2509752227613676343297547798561561525089354617858077880080972994	-1.7455710162351910161501278817490632075562368171179402574186153280
2	4	3	0.7325931483430986749758495376795812337954083977607144390526356048	1.6041552338103760411570308765044041953725352651181786119679589069
2	4	5	-1.8412535328311811688618116489193677175132924984205378986426501177	-1.1833017946239286624970713687548801610107595501036269943315295229
2	5	4	-1.0559665068962294047016725926214567169395971300674672924912612061	2.3122441188498790758217049989345060837132767380936284279754940457
2	5	5	-1.9651862966861973499516990753591624675908167955214288781052712096	0.5770307602665047603421944596979599511000030569984491184578412944
3	1	3	1.000000000000000000000000000000000000000000000000000000000000000	0
3	2	2	0.5440779606126109643610939078367044955384499379576251426182717266	0.1597557034597397764961850801236628266308592986623910624077930205
3	2	4	-0.0806992537745798073894625721560380671730787872929295138227223898	-0.5612756385703196776552794420394473867366320905192201566381938319
3	3	1	0.8412535328311811688618116489193677175132924984205378986426501177	0.5406408174555975821076359543186916954317706078981138400357498893
3	3	3	0.9594929736144973898903680570663276990624548484221619550444950590	0.2817325568414296977114179153466168990357778989732668718310803061
3	3	5	-0.9594929736144973898903680570663276990624548484221619550444950590	0.2817325568414296977114179153466168990357778989732668718310803061
3	4	2	-0.6548607339452850640569250724662935531837911993369284276062956045	0.7557495743542582837740358439723444201797174451692235695799998831
3	4	4	0.6018078118877825303341607256826973678535062095481462834625778456	0.1767067172275219009528794154812261425203087960738405048025152901
3	4	5	0.3233733585531307297258230549418754831441887323067528534386256013	0.7080888850395030346646741224301018883407414729754498160075351388
3	5	3	-0.5920416544487556958034510942877477203798161781577839589875977310	-0.6832524919520095988705122772624014591415506908300959660614811175
3	5	4	0.8412535328311811688618116489193677175132924984205378986426501177	-0.5406408174555975821076359543186916954317706078981138400357498893
3	5	5	0.6989386945578960284180189803029980487222411372945535702245673311	0.2052269176619553078379904130121189471349115634288512289562909844
4	1	4	1.000000000000000000000000000000000000000000000000000000000000000	0
4	2	3	0.2355599877198648714463876446223316203568699866298579414290179943	0.5158044243681041463134741091509912662325798257527599900896958680
4	2	5	-0.3843617915088235277489820360017160680280324419287528121583845635	-0.2470143245172308680888465935373826922235518429856545212970672754
4	3	2	-0.6548607339452850640569250724662935531837911993369284276062956045	0.7557495743542582837740358439723444201797174451692235695799998831
4	3	4	1.5297687205616688794765672787622444557702509582236271950770139959	0.4491806244253351502684560834580270919447487640506028478028655556
4	3	5	0.5336544537852026465578305573765831850731672604661608688280682737	1.1685402559686862558079334220511032564562337601194911389607740335
4	4	1	-0.9594929736144973898903680570663276990624548484221619550444950590	-0.2817325568414296977114179153466168990357778989732668718310803061
4	4	3	-1.000000000000000000000000000000000000000000000000000000000000000	0
4	4	4	0.1423148382732851404437926686163696687910513611259843284180827866	-0.9898214418809327323760920377767187873765193719487166878386154449
4	4	5	0.8412535328311811688618116489193677175132924984205378986426501177	-0.5406408174555975821076359543186916954317706078981138400357498893
4	5	2	1.1143537075597824539472931295326212522462460477590903826507906635	-0.3272037710436452290532232482350730195398301637397270383795782700
4	5	3	-0.8412535328311811688618116489193677175132924984205378986426501177	0.9708583312529189854404357336259971449276642824403332991242498768
4	5	4	-0.7605542790566013614723490767633296503402137111276083848199277279	-0.8777264277359482049892686791952984925846360454800993790032871687
4	5	5	0.2268998252713987149145185193867464652670464506614475159918594542	-1.5781229486512855635930897136376530146472659520406042814468300785
5	1	5	1.000000000000000000000000000000000000000000000000000000000000000	0
5	2	4	-0.1634233963864878633884908221430289694714787833812010980579382423	0.3578473225327999646225134916136056687559288807741840333349215734
5	2	5	-0.4684679350593889592520384960132193888542899002533189565699410913	0.1375545968255669086135534330208385519927714514597251305386112663
5	3	3	-0.7243452848983212884740851017141523522097323295791883446892804592	-0.8359390208806726447384124986700347474959957659232960866625108777
5	3	4	0.8412535328311811688618116489193677175132924984205378986426501177	-0.5406408174555975821076359543186916954317706078981138400357498893
5	3	5	1.3171781353412122494465753884499580302714034872961776266264122724	0.3867583964553374944699564152120076555512470018726932388596453220
5	4	2	0.8261530967861038188082458273968497200632385391273346281518583048	-0.2425804364394747053720919328862293085082405543591514975671762823
5	4	3	-0.5097661574390268345307096313949496474736900313903623244749801145	0.5883015067703528312169976758609342272707465800918875936082146335
5	4	4	-0.5638553258753573466649622004216191799732751790525674098096518995	-0.6507237347403504870154973441069536636642483422697972025514348671
5	4	5	0.0892619162157826067210283218327734834607663713372021842743650276	-0.6208302639820119430720126090163820227480489286521863571182608839
5	5	1	-0.1423148382732851404437926686163696687910513611259843284180827866	0.9898214418809327323760920377767187873765193719487166878386154449
5	5	2	0.4154150130018864255292741492296232035240049104645368124262233324	-0.9096319953545183714117153830790284600602410511946441707561044503
5	5	3	0.1423148382732851404437926686163696687910513611259843284180827866	0.9898214418809327323760920377767187873765193719487166878386154449
5	5	4	-1.000000000000000000000000000000000000000000000000000000000000000	0
5	5	5	-0.6548607339452850640569250724662935531837911993369284276062956045	-0.7557495743542582837740358439723444201797174451692235695799998831