1	1	1	1.000000000000000000000000000000000000000000000000000000000000000	0
1	2	2	1.000000000000000000000000000000000000000000000000000000000000000	0
1	3	3	1.000000000000000000000000000000000000000000000000000000000000000	0
1	4	4	1.000000000000000000000000000000000000000000000000000000000000000	0
1	5	5	1.000000000000000000000000000000000000000000000000000000000000000	0
2	1	2	1.000000000000000000000000000000000000000000000000000000000000000	0
2	2	1	-0.9594929736144973898903680570663276990624548484221619550444950590	-0.2817325568414296977114179153466168990357778989732668718310803061
2	2	3	-0.4154150130018864255292741492296232035240049104645368124262233324	0.9096319953545183714117153830790284600602410511946441707561044503
2	3	2	-0.0289775245675336143075280863141864980883959786644218721274799137	-0.2015431103150153367470412606489265717194995782191943547485693115
2	3	4	0.1333398768283935710821222296694779789992163092948273268926367542	0.1538824210002600876376795391066840398805236060254206011761045673
2	4	3	-0.1712923628408187547513207549305561668794473397904062005455627003	0.1100829172847529049078613897882619682324777343716833625156849778
2	4	5	-0.0405070263855026101096319429336723009375451515778380449555049410	0.0118939360969370163073714454346921041724408659391924469076023078
2	5	4	-0.1929305724897706555268866482988567454918676743325400710755036883	-0.1239889502419215436941948040161123989643241924078097557429305841
2	5	5	-0.1574152743183624904973584901388876662411053204191875989088745995	1.0948472814948405291346305376421095438919884748481430548671804609
3	1	3	1.000000000000000000000000000000000000000000000000000000000000000	0
3	2	2	-0.6989386945578960284180189803029980487222411372945535702245673311	-4.8612253987540836248552304461981562432882069725745660085465740010
3	2	4	3.2161615194475649842814538552153186200997522573072366661133685091	3.7116482534134111159829533282977746292808283019634582583001655356
3	3	1	-0.9594929736144973898903680570663276990624548484221619550444950590	0.2817325568414296977114179153466168990357778989732668718310803061
3	3	3	0.1423148382732851404437926686163696687910513611259843284180827866	0.9898214418809327323760920377767187873765193719487166878386154449
3	3	5	-0.1423148382732851404437926686163696687910513611259843284180827866	0.9898214418809327323760920377767187873765193719487166878386154449
3	4	2	0.4154150130018864255292741492296232035240049104645368124262233324	-0.9096319953545183714117153830790284600602410511946441707561044503
3	4	4	0.2971755722185702045007177410826632219748425604629127560243783911	2.0669015048193565563448455889671574403457312882206968345665051448
3	4	5	0.3642229353305894102782074032294129123713150141229462716210663886	-0.2340718675266744486020561938043743671968019267794931182586155619
3	5	3	-0.9770305975005917585836042456899548051419774842975916270215837291	-2.1393985872216052412483691556771004013838980425598244380850239103
3	5	4	-0.9594929736144973898903680570663276990624548484221619550444950590	-0.2817325568414296977114179153466168990357778989732668718310803061
3	5	5	-1.6143537075597824539472931295326212522462460477590903826507906635	-11.2280766637572041284000270393240225401855131428506086950214593148
4	1	4	1.000000000000000000000000000000000000000000000000000000000000000	0
4	2	3	-4.1315765324494514098107280044449418236237571677717734785395918414	2.6552030115897093875618432648280916676164778683125844281747197783
4	2	5	-22.7275820657396170384718664776029026603747083655252978345827421020	6.6734202149320436370503763536401836251322748513946634082520196413
4	3	2	0.4154150130018864255292741492296232035240049104645368124262233324	-0.9096319953545183714117153830790284600602410511946441707561044503
4	3	4	0.0681533581025798837763301683061141827803389490819854146345095719	0.4740170175128285860626179286257275211439395461959566977489195770
4	3	5	1.9430613447189636991959723746020650853667987079686841821052279632	-1.2487297024951006167723100767487935837725120808735636560432850281
4	4	1	-0.1423148382732851404437926686163696687910513611259843284180827866	-0.9898214418809327323760920377767187873765193719487166878386154449
4	4	3	-1.000000000000000000000000000000000000000000000000000000000000000	0
4	4	4	0.6548607339452850640569250724662935531837911993369284276062956045	-0.7557495743542582837740358439723444201797174451692235695799998831
4	4	5	-0.9594929736144973898903680570663276990624548484221619550444950590	-0.2817325568414296977114179153466168990357778989732668718310803061
4	5	2	-0.7731001747286012850854814806132535347329535493385524840081405458	5.3770298231221877711687045553491475095207867983273259986362698689
4	5	3	0.9594929736144973898903680570663276990624548484221619550444950590	-2.1009965475504664405348486815046738191562600013625552133432892067
4	5	4	-2.2566685458330675943910857981489909210372974088850747110688734501	-4.9414148452804979858196071008958465706044852933286385256290849956
4	5	5	0.3136072011141038951951134235469258356704987009163905289636454868	-0.3619220033678440586757945700443072263520562197273393889135913007
5	1	5	1.000000000000000000000000000000000000000000000000000000000000000	0
5	2	4	-3.6681978256114202528390966687642753952583860171070778497440425046	-2.3574075990541826651145090608906816469773156198917979077764686129
5	2	5	-0.1286629476107245388318197586070812920144450274930883301920483942	0.8948704566992759647225774363752515555057152612105083153853489610
5	3	3	-0.1766266414468692702741769450581245168558112676932471465613743987	-0.3867583964553374944699564152120076555512470018726932388596453220
5	3	4	-0.9594929736144973898903680570663276990624548484221619550444950590	-0.2817325568414296977114179153466168990357778989732668718310803061
5	3	5	-0.0125458956719999236131324038499238843927398382109440991882128179	-0.0872586210574910915926615134137198655926925443232634588892742549
5	4	2	-0.0261977863345605252251053138592122611693461718438400974142472103	0.1822096062391478592461761148151870974634966550614718313425407389
5	4	3	0.1798550252820215540828865046072915831671349238346788709972053381	-0.3938275709864142250982412739280371938276612254418841806664085824
5	4	4	-0.0764709701590899698654468881878342095805813548120404668447322658	-0.1674480675839054525570381681114101929089708650773359759717852495
5	4	5	1.3674513191657416940869169627785799786826386702643779960568973279	-1.5781229486512855635930897136376530146472659520406042814468300785
5	5	1	-0.6548607339452850640569250724662935531837911993369284276062956045	0.7557495743542582837740358439723444201797174451692235695799998831
5	5	2	0.8412535328311811688618116489193677175132924984205378986426501177	0.5406408174555975821076359543186916954317706078981138400357498893
5	5	3	0.6548607339452850640569250724662935531837911993369284276062956045	0.7557495743542582837740358439723444201797174451692235695799998831
5	5	4	-1.000000000000000000000000000000000000000000000000000000000000000	0
5	5	5	0.4154150130018864255292741492296232035240049104645368124262233324	0.9096319953545183714117153830790284600602410511946441707561044503