1	1	1	1.000000000000000000000000000000000000000000000000000000000000000	0
1	2	2	1.000000000000000000000000000000000000000000000000000000000000000	0
1	3	3	1.000000000000000000000000000000000000000000000000000000000000000	0
1	4	4	1.000000000000000000000000000000000000000000000000000000000000000	0
1	5	5	1.000000000000000000000000000000000000000000000000000000000000000	0
1	6	6	1.000000000000000000000000000000000000000000000000000000000000000	0
2	1	2	1.000000000000000000000000000000000000000000000000000000000000000	0
2	2	1	0.5680647467311558025118075591275166245334925524535181694796625016	-0.8229838658936563945796174234393819906550676930875738058270027246
2	2	3	0.7485107481711010986346305997013513838464515901758261340696312391	-0.6631226582407952023767854926667662795247641070441061881807863297
2	3	2	1.7758801747960472842052019065676201869905484910453019980301610099	-0.4377151504845844238695238837938733971702012644499432245819213634
2	3	4	0.2204650134120537106197348362851104227218251659086428770270302362	-1.8156927399917103873803690729319021699987433260577406615980002851
2	4	3	1.6195242324404224685209457271625737706481726892337582504271943534	0.8499918874528405163661088747786133710426022939700995581991060462
2	4	5	-1.3213469545967810009648968651350348722260490522504357723783402289	-1.9143015494948806671693196913131420135280462704761444488010156495
2	5	4	1.0359420261747304107089148489822722509670201317559918437452911877	2.7315546298086515059771248498760892395928272879126071408003085146
2	5	6	-2.2304133949953135674455069480002055017550479298401682236819817908	-0.5497475272763428527296910601923221355656510409408012894512989089
2	6	5	-0.8145858750704272114727260968887428109074893039274598409846778700	2.1478864282025528785462611526969191441409326175633393483284655087
2	6	6	-2.7226398676540591931252142194639436288109797115233791379185649612	1.4289516350578959869569748015333830782562404674903923529106993918
3	1	3	1.000000000000000000000000000000000000000000000000000000000000000	0
3	2	2	0.5308511386106742699307376294150804042891429842337401483806644400	-0.1308430542328510813415008125984495741155657244807767938543659132
3	2	4	0.0659020270931551920231985625889336379184574540698428663923725463	-0.5427520235155675170028801284526197022157498893225989903434449319
3	3	1	0.8854560256532098959003755220150988786054984163475349018024038087	-0.4647231720437685456560153351331047775577358653324689769540246850
3	3	3	0.9709418174260520271569822762937892272498651057390035885876445265	-0.2393156642875577671487537262602118952031730227383060133551597187
3	3	5	-0.9709418174260520271569822762937892272498651057390035885876445265	-0.2393156642875577671487537262602118952031730227383060133551597187
3	4	2	0.5680647467311558025118075591275166245334925524535181694796625016	0.8229838658936563945796174234393819906550676930875738058270027246
3	4	4	0.5680647467311558025118075591275166245334925524535181694796625016	-0.1400153848380968145983802086831056785744308023074965139734850784
3	4	6	-0.2638444272472391132651449100636468929879345693853180452480550151	0.6957005783978570562910308735776188338473444468401258573412205514
3	5	3	-0.6994762220599596812856331327433887289566642388182458928400390321	0.6196818587868840740190057470930386658165336835301609153715474645
3	5	5	0.7134598596886201765421696665274981502171371203397234160579231329	-0.1758520615751456172800558694133503396845129212830953239556238923
3	5	6	0.8854560256532098959003755220150988786054984163475349018024038087	0.4647231720437685456560153351331047775577358653324689769540246850
3	6	4	-0.7485107481711010986346305997013513838464515901758261340696312391	-0.6631226582407952023767854926667662795247641070441061881807863297
3	6	5	0.4859629208103231311747943045488848595372356273997396235520178836	-0.7040388363313263128047690613933166727609088880707749903091844037
3	6	6	0.6205366802553230533490676874525435822736811592275714047969488240	-0.1529485548822895392881507451249991316315945575175268669977756195
4	1	4	1.000000000000000000000000000000000000000000000000000000000000000	0
4	2	3	0.4841127768641894312988875901175017497763129865648201966787783472	0.2540819857488398370068975403534161956329831444232071248816317751
4	2	5	-0.2442186401959853024830410655082282014332391517327040493112402182	-0.3538117825271493848618397640498867949941263686424285312134076140
4	3	2	0.5680647467311558025118075591275166245334925524535181694796625016	0.8229838658936563945796174234393819906550676930875738058270027246
4	3	4	1.6595432444125308830178575228738494340570388174200931628642558521	-0.4090406724919553653698879523133500838917809626208990632991545546
4	3	6	-0.4765862490497807220057575953811838150099462874869431760950691511	1.2566546603984302358259514851264588525349631312324994129504077767
4	4	1	0.1205366802553230533490676874525435822736811592275714047969488240	0.9927088740980539928007516494925201793436756329701668557709975605
4	4	3	-0.1205366802553230533490676874525435822736811592275714047969488240	0.9927088740980539928007516494925201793436756329701668557709975605
4	4	5	0.5680647467311558025118075591275166245334925524535181694796625016	-0.8229838658936563945796174234393819906550676930875738058270027246
4	4	6	0.9709418174260520271569822762937892272498651057390035885876445265	-0.2393156642875577671487537262602118952031730227383060133551597187
4	5	2	-1.1120868447799674765844505023663095513490834175130749259514607623	-0.5836682016060986274308636971791700954518946703492677924718430059
4	5	4	-0.9400906788153777572262446468787088229607221215052634402069800864	0.8328476664451928005979197187199044682133720469266992381247811657
4	5	5	-1.0989158853418300724425451885425970288226355366872583178603269416	-0.9735545212295802879577228265988765198872421252466014642769255199
4	5	6	-0.2368736106388394545364120711463143352071908328527802399628539818	-1.9508296961782201426124182512392530477375676654641489709618137393
4	6	3	1.1900461087384008985479272619086819652270834078266665921529922840	-0.6245843796966297378588472659057204886880394513759365946002410799
4	6	4	-0.1593394810769328969051188258264045204411842743778765641341549734	1.3122786899738339717138202993987545073563231953777524140411863083
4	6	5	-1.709209774085071251939275785200036948632710864227589506843478737	0
4	6	6	-0.9400906788153777572262446468787088229607221215052634402069800864	-0.8328476664451928005979197187199044682133720469266992381247811657
5	1	5	1.000000000000000000000000000000000000000000000000000000000000000	0
5	2	4	0.1213819139848665035233108700734079087059563699869623008721630553	0.3200578031810380186158959245730577495896434047623143777843815452
5	2	6	-0.4226696337736914284814454517275350988498479845673129229014018703	-0.1041787081010480119167045479528610174643486833318977039913462644
5	3	3	-0.8009826816952683494718907280263783415866401969498793693869175616	0.7096087349292040449325229909649378466959546269842689070975153037
5	3	5	1.3213469545967810009648968651350348722260490522504357723783402289	-0.3256827736928259950093567073954246587747514879590851597125438178
5	3	6	0.8854560256532098959003755220150988786054984163475349018024038087	0.4647231720437685456560153351331047775577358653324689769540246850
5	4	2	-0.7050100242132645997775524814412641192925393786252269372124350711	-0.3700178047050310612816741661821941750725929588810406976286767336
5	4	4	-0.5959726574820037496943382465851142222941008183246524321744824904	0.5279857020542854471447363143594154017859397676376978788169728755
5	4	5	-0.5098373293178702166634823916923423111225928869978978068169384502	-0.4516764601092561323022793768930065504059149272728448462258111725
5	4	6	-0.0613368929016176990644128128372898031043548631476127385497127465	-0.5051547608915408165137233444895450528114172982874490069924901878
5	5	1	0.1205366802553230533490676874525435822736811592275714047969488240	-0.9927088740980539928007516494925201793436756329701668557709975605
5	5	3	0.3546048870425356259696378926000184743163554321137947534217393687	-0.9350162426854148234397845998378307290505174695784318706963802701
5	5	4	0.5680647467311558025118075591275166245334925524535181694796625016	0.8229838658936563945796174234393819906550676930875738058270027246
5	5	5	-0.7485107481711010986346305997013513838464515901758261340696312391	0.6631226582407952023767854926667662795247641070441061881807863297
5	5	6	-1.000000000000000000000000000000000000000000000000000000000000000	0
5	6	2	0.1205366802553230533490676874525435822736811592275714047969488240	0.9927088740980539928007516494925201793436756329701668557709975605
5	6	3	-0.3033541997323772245633622674364671136092414912937563558747591908	-0.7998792864989050682077354215304798513116931301720235613325668159
5	6	4	0.8444834056531048483289688462864656061405524085004785662441137296	0.2081464651913438800040025685746437073150861121574080085627131787
5	6	5	-0.0810822785654374929821447534724726056883406607468895184240961728	0.6677726422654289148185246945437076289184257653067642733769443912
5	6	6	-0.6852174611344693959412817468800016231590639473433994334190152258	0.6070496988997561436147191935684395232797106273738802668941360712
6	1	6	1.000000000000000000000000000000000000000000000000000000000000000	0
6	2	5	-0.1543663225237951260105441174649212188699209631096592850383507858	0.4070305406311293762950482854784153272645777019407339918794073946
6	2	6	-0.2879677120283752797484877931885004758479398643131527626987697000	0.1511371143262465047281667048019178319979277416672958891750105887
6	3	4	-0.7485107481711010986346305997013513838464515901758261340696312391	-0.6631226582407952023767854926667662795247641070441061881807863297
6	3	5	0.6640374042131595522061458057126308468275933707781706016541449920	-0.9620242642445989452262760511770621094380520704609576230684835917
6	3	6	1.5192140010784126258325191008600433556498822269106942542738871827	-0.3744526204740675223808029045675627729419973621447143227189731729
6	4	3	0.6588252065264523152163005416638882058619134151819948776533468552	-0.3457781424814384638811669730870394596635770603156701614362063641
6	4	4	-0.0911832471699778855656432397131671787745829896813144574238678324	0.7509616030819457230739365149367395914903271549471401091831044322
6	4	5	-0.585065692439825545414547085880288621324084910470765781082859000	0
6	4	6	-0.5959726574820037496943382465851142222941008183246524321744824904	-0.5279857020542854471447363143594154017859397676376978788169728755
6	5	2	0.1205366802553230533490676874525435822736811592275714047969488240	0.9927088740980539928007516494925201793436756329701668557709975605
6	5	3	-0.4145142082271578687433932457213096513556333106085313132147592822	-1.0929841400346692093028467480150519557638642783350890518846764120
6	5	4	1.1163369303835164011873443836937707529335096736252088351659051578	0.2751523410246065698304293869904565563132551417139048233372985326
6	5	5	-0.1791894794279649667093066787725447365013222704825512806447695225	1.4757581343401563513678250614555156746390640982208657896200780420
6	5	6	-0.8176504130529046304326010833277764117238268303639897553066937103	0.7243750563904861147906668050581421471257647486691700186239873602
6	6	1	-0.9709418174260520271569822762937892272498651057390035885876445265	-0.2393156642875577671487537262602118952031730227383060133551597187
6	6	2	0.7485107481711010986346305997013513838464515901758261340696312391	0.6631226582407952023767854926667662795247641070441061881807863297
6	6	3	-0.8854560256532098959003755220150988786054984163475349018024038087	-0.4647231720437685456560153351331047775577358653324689769540246850
6	6	4	0.8854560256532098959003755220150988786054984163475349018024038087	-0.4647231720437685456560153351331047775577358653324689769540246850
6	6	5	0.5680647467311558025118075591275166245334925524535181694796625016	0.8229838658936563945796174234393819906550676930875738058270027246
6	6	6	-0.1205366802553230533490676874525435822736811592275714047969488240	0.9927088740980539928007516494925201793436756329701668557709975605