1	1	1	1.000000000000000000000000000000000000000000000000000000000000000	0
1	2	2	1.000000000000000000000000000000000000000000000000000000000000000	0
1	3	3	1.000000000000000000000000000000000000000000000000000000000000000	0
1	4	4	1.000000000000000000000000000000000000000000000000000000000000000	0
1	5	5	1.000000000000000000000000000000000000000000000000000000000000000	0
1	6	6	1.000000000000000000000000000000000000000000000000000000000000000	0
2	1	2	1.000000000000000000000000000000000000000000000000000000000000000	0
2	2	1	-0.9709418174260520271569822762937892272498651057390035885876445265	-0.2393156642875577671487537262602118952031730227383060133551597187
2	2	3	-0.5680647467311558025118075591275166245334925524535181694796625016	-0.8229838658936563945796174234393819906550676930875738058270027246
2	3	2	0.5569308175268244400430165525239939447321810588463888279322823919	-0.4933976500363976041556512666136280908361561671615131382367914938
2	3	4	-0.2638444272472391132651449100636468929879345693853180452480550151	0.6957005783978570562910308735776188338473444468401258573412205514
2	4	3	0.0896855416446487834183300580374631779845381749938312564162843840	0.7386268883492141557938541091391039837106924885469597308893657854
2	4	5	-1.3516263833847378232388990920027212420092586124654470215610018470	0.3331459825943105334768804195624403171267540041593895129587949708
2	5	4	-0.5262312894058510319269546572579058476286897197106746730472390558	-0.2761874863982782949535474728799657531490119774599571980250414814
2	5	6	0.2377647483310889431528659869547333525448964947726693656964370633	0.2106411862949287086491177947796885819247527209092618520723929099
2	6	5	-0.2812654722889254420099441052148206170988087063232685625536332313	0.1476195075549591402744842935265886311725791068458429768005851297
2	6	6	1.3638352307397169149938530231051523251544527938072218148657819263	-11.2321936649909892433167294789670829584385470803308379457767510552
3	1	3	1.000000000000000000000000000000000000000000000000000000000000000	0
3	2	2	1.0059927059085329492494432094676424608791795755751063065993526327	-0.8912317678041226427203096675704602916059694863308399353780577320
3	2	4	-0.4765862490497807220057575953811838150099462874869431760950691511	1.2566546603984302358259514851264588525349631312324994129504077767
3	3	1	0.1205366802553230533490676874525435822736811592275714047969488240	-0.9927088740980539928007516494925201793436756329701668557709975605
3	3	3	0.7485107481711010986346305997013513838464515901758261340696312391	-0.6631226582407952023767854926667662795247641070441061881807863297
3	3	5	-0.7485107481711010986346305997013513838464515901758261340696312391	-0.6631226582407952023767854926667662795247641070441061881807863297
3	4	2	-0.9709418174260520271569822762937892272498651057390035885876445265	0.2393156642875577671487537262602118952031730227383060133551597187
3	4	4	-0.9709418174260520271569822762937892272498651057390035885876445265	0.8601793902651279383106283941244323759281290591432965655474380991
3	4	6	2.1489306892991746957646313412490324165174059773219213809314778351	-1.1278458302845637480328008277998710570824999723765751651348110147
3	5	3	-0.5885718190717896092167029411671894314176328304117634481343095387	-0.8526934892599571782023714408094145007692448306626703417975124821
3	5	5	0.4145142082271578687433932457213096513556333106085313132147592822	-0.3672275439060741318221113918541018676682385703054732130187180273
3	5	6	0.1205366802553230533490676874525435822736811592275714047969488240	0.9927088740980539928007516494925201793436756329701668557709975605
3	6	4	0.5680647467311558025118075591275166245334925524535181694796625016	-0.8229838658936563945796174234393819906550676930875738058270027246
3	6	5	-6.7179726080472596031220290020267044268978448984835108586060017367	-1.6558315323388491951775371421592864588684397400142730439517838902
3	6	6	0.1453951129574643740303621073999815256836445678862052465782606313	-0.1288088301138664877931506573265877954524631588559242478155967620
4	1	4	1.000000000000000000000000000000000000000000000000000000000000000	0
4	2	3	0.1620003739793535105330314984924410041024569835594833351103912811	1.3341931146258337827913702568706583353839940783602055016977563836
4	2	5	-0.6974767764342013818364544679304950311125718411564151980654999281	0.1719125853699342882280862812307995205620215689174101100975511000
4	3	2	-0.9709418174260520271569822762937892272498651057390035885876445265	0.2393156642875577671487537262602118952031730227383060133551597187
4	3	4	-0.5770359562974865544919895691924563177197689476769722079397526560	0.5112092487321773882117528334312763447289263852726316958707536590
4	3	6	0.3648476785546174998219749833951221367799612638010349692355363969	-0.1914868334264550038060889718860449224683192131856964605783208693
4	4	1	-0.3546048870425356259696378926000184743163554321137947534217393687	-0.9350162426854148234397845998378307290505174695784318706963802701
4	4	3	0.3546048870425356259696378926000184743163554321137947534217393687	-0.9350162426854148234397845998378307290505174695784318706963802701
4	4	5	-0.9709418174260520271569822762937892272498651057390035885876445265	-0.2393156642875577671487537262602118952031730227383060133551597187
4	4	6	0.7485107481711010986346305997013513838464515901758261340696312391	-0.6631226582407952023767854926667662795247641070441061881807863297
4	5	2	0.0514594857092666660091381680350571461146801367802400809475318518	0.4238069939532374352280317664065543843215910843058001748256266111
4	5	4	-0.2425180422625681493851873902337089229672720146007198274702786064	-0.3513480410793161960089209026586606335986227992291640782245372642
4	5	5	-0.0350508884824809220924609331738532336293144698361027180117081063	0.0507799786420675164462858640070728707944491348657942344261765150
4	5	6	-0.7793618867817753685653682291164317881355945744095662824502956792	-2.0550084042792681545291227991921140652019163487960466749531600037
4	6	3	0.0496665296725403689214182623261875145756720468074963439792228853	-0.4090406724919553653698879523133500838917809626208990632991545546
4	6	4	2.8821988526481315220312378284147865625462857713873601323907858196	-7.5997337892075076445040859530278542202074524485719475856949029276
4	6	5	0.770912051306419791800751044030197757210996832695069803604807617	0
4	6	6	-0.2425180422625681493851873902337089229672720146007198274702786064	0.3513480410793161960089209026586606335986227992291640782245372642
5	1	5	1.000000000000000000000000000000000000000000000000000000000000000	0
5	2	4	-1.4899007131461165536221977057836152759384979963852206903842840614	-0.7819602164125000110606703140170741807441085388294844037637212921
5	2	6	2.3563978430792619230573577983088881058553635220865384903900483352	2.0875863244363300084433681801029666195244966885920663441135942255
5	3	3	-0.5482721836523605986755368245662541284000171211716906656862426562	-0.7943093879010273360799814919588586773766473912585296445442359158
5	3	5	1.3516263833847378232388990920027212420092586124654470215610018470	-1.1974364863677239169604203280069447635970650552322881285459758975
5	3	6	0.1205366802553230533490676874525435822736811592275714047969488240	0.9927088740980539928007516494925201793436756329701668557709975605
5	4	2	0.2823403904395731712961070297137290204426913940579140143110332009	2.3252823166522876649932211558068158206795650276088632936807869122
5	4	4	-1.3306125740919337699716438542799831488427085152296046799972758571	-1.9277251167834688162405362493303509083941931025485987264673778306
5	4	5	-9.2065442689141062236266730163431731636661503371206666478997761533	13.3379820479123249142921381421662698944349125639926788551560875740
5	4	6	-0.1613430526269223104525936597365441715737066877452412501540946592	-0.4254266660248375458269325169629170783696957680273092386135936430
5	5	1	-0.3546048870425356259696378926000184743163554321137947534217393687	0.9350162426854148234397845998378307290505174695784318706963802701
5	5	3	-0.8854560256532098959003755220150988786054984163475349018024038087	0.4647231720437685456560153351331047775577358653324689769540246850
5	5	4	-0.9709418174260520271569822762937892272498651057390035885876445265	0.2393156642875577671487537262602118952031730227383060133551597187
5	5	5	0.5680647467311558025118075591275166245334925524535181694796625016	0.8229838658936563945796174234393819906550676930875738058270027246
5	5	6	-1.000000000000000000000000000000000000000000000000000000000000000	0
5	6	2	-0.3546048870425356259696378926000184743163554321137947534217393687	-0.9350162426854148234397845998378307290505174695784318706963802701
5	6	3	6.1264941103658845226159790382803716173742986335169358652214083862	3.2154321547208937564761690079028376766069966609686415092484052402
5	6	4	0.2625478273607779674598362951524665243092159627760865105176133555	0.2325970784256886212339162890008767503377132652291659441751628983
5	6	5	-1.3113828324319796982509586673429462935145590458750225941154236681	3.4578323466693383367516677810734087266709809240305216309091596762
5	6	6	-3.7935100182368418775528636445902996965089888239434541987362908999	-5.4958480667563726895125534159678446241634758523588511478004302103
6	1	6	1.000000000000000000000000000000000000000000000000000000000000000	0
6	2	5	-2.7875173123283089283034204351226572356298092483683478921369382672	1.4630019447397002705845209141972461308364572372161297495133531456
6	2	6	0.0106531133376674089056121957510565568146546082625702355903860166	-0.0877362818079416175972921451501443844837410947029680995314081837
6	3	4	0.5680647467311558025118075591275166245334925524535181694796625016	-0.8229838658936563945796174234393819906550676930875738058270027246
6	3	5	-0.1403292433341182571853384220138060784071565905093989085903686694	-0.0345880520178878429890850477457873109497836004761847405801813817
6	3	6	3.8534193394214641203266189977115908735482667024381907585293108135	-3.4138316409179204131969391654364991785740249026802787204751668849
6	4	3	0.2925328462199127727072735429401443106620424552353828905414294999	-2.4092247421493454208295350653915947430089423502461338863676217321
6	4	4	0.0436280188644571552320001159509353749188568374219095454561062638	-0.1150376313611265313499047046824950816451378501015075309693219857
6	4	5	1.297164830028740882727926901737569086796615166989509323679099654	0
6	4	6	-1.3306125740919337699716438542799831488427085152296046799972758571	1.9277251167834688162405362493303509083941931025485987264673778306
6	5	2	-0.3546048870425356259696378926000184743163554321137947534217393687	-0.9350162426854148234397845998378307290505174695784318706963802701
6	5	3	0.1279740679157780452855629122488078015727704309482547292726824151	0.0671659721749496969033304286566398652723639402722044097406156034
6	5	4	2.1339667738243109945350061217164502624519500065233610358720350479	1.8905295924119972725095252786453005231211317364928759667469424561
6	5	5	-0.0958870459522899972706358103766114242712839465291392464161886906	0.2528333610296788773143069273689588454726846259237930554796743429
6	5	6	-0.0850656924398255454145470858802886213240849104707657810828589997	-0.1232389315159887556653967277549666215174174199424303310272658619
6	6	1	-0.7485107481711010986346305997013513838464515901758261340696312391	-0.6631226582407952023767854926667662795247641070441061881807863297
6	6	2	-0.5680647467311558025118075591275166245334925524535181694796625016	0.8229838658936563945796174234393819906550676930875738058270027246
6	6	3	-0.1205366802553230533490676874525435822736811592275714047969488240	-0.9927088740980539928007516494925201793436756329701668557709975605
6	6	4	0.1205366802553230533490676874525435822736811592275714047969488240	-0.9927088740980539928007516494925201793436756329701668557709975605
6	6	5	-0.9709418174260520271569822762937892272498651057390035885876445265	0.2393156642875577671487537262602118952031730227383060133551597187
6	6	6	0.3546048870425356259696378926000184743163554321137947534217393687	-0.9350162426854148234397845998378307290505174695784318706963802701