1	1	1	1.000000000000000000000000000000000000000000000000000000000000000	0
1	2	2	1.000000000000000000000000000000000000000000000000000000000000000	0
1	3	3	1.000000000000000000000000000000000000000000000000000000000000000	0
1	4	4	1.000000000000000000000000000000000000000000000000000000000000000	0
1	5	5	1.000000000000000000000000000000000000000000000000000000000000000	0
2	1	2	1.000000000000000000000000000000000000000000000000000000000000000	0
2	2	1	0.4154150130018864255292741492296232035240049104645368124262233324	0.9096319953545183714117153830790284600602410511946441707561044503
2	2	3	0.1423148382732851404437926686163696687910513611259843284180827866	-0.9898214418809327323760920377767187873765193719487166878386154449
2	3	2	-0.8412535328311811688618116489193677175132924984205378986426501177	0.5406408174555975821076359543186916954317706078981138400357498893
2	3	4	-0.9594929736144973898903680570663276990624548484221619550444950590	-0.2817325568414296977114179153466168990357778989732668718310803061
2	4	3	-0.6548607339452850640569250724662935531837911993369284276062956045	-0.7557495743542582837740358439723444201797174451692235695799998831
2	4	5	-0.4154150130018864255292741492296232035240049104645368124262233324	0.9096319953545183714117153830790284600602410511946441707561044503
2	5	4	0.6548607339452850640569250724662935531837911993369284276062956045	-0.7557495743542582837740358439723444201797174451692235695799998831
2	5	5	0.8412535328311811688618116489193677175132924984205378986426501177	0.5406408174555975821076359543186916954317706078981138400357498893
3	1	3	1.000000000000000000000000000000000000000000000000000000000000000	0
3	2	2	-0.8412535328311811688618116489193677175132924984205378986426501177	0.5406408174555975821076359543186916954317706078981138400357498893
3	2	4	-0.9594929736144973898903680570663276990624548484221619550444950590	-0.2817325568414296977114179153466168990357778989732668718310803061
3	3	1	0.4154150130018864255292741492296232035240049104645368124262233324	-0.9096319953545183714117153830790284600602410511946441707561044503
3	3	3	-0.8412535328311811688618116489193677175132924984205378986426501177	0.5406408174555975821076359543186916954317706078981138400357498893
3	3	5	0.8412535328311811688618116489193677175132924984205378986426501177	0.5406408174555975821076359543186916954317706078981138400357498893
3	4	2	-0.1423148382732851404437926686163696687910513611259843284180827866	0.9898214418809327323760920377767187873765193719487166878386154449
3	4	4	-0.8412535328311811688618116489193677175132924984205378986426501177	0.5406408174555975821076359543186916954317706078981138400357498893
3	4	5	-0.6548607339452850640569250724662935531837911993369284276062956045	-0.7557495743542582837740358439723444201797174451692235695799998831
3	5	3	-0.1423148382732851404437926686163696687910513611259843284180827866	-0.9898214418809327323760920377767187873765193719487166878386154449
3	5	4	0.4154150130018864255292741492296232035240049104645368124262233324	0.9096319953545183714117153830790284600602410511946441707561044503
3	5	5	-0.8412535328311811688618116489193677175132924984205378986426501177	0.5406408174555975821076359543186916954317706078981138400357498893
4	1	4	1.000000000000000000000000000000000000000000000000000000000000000	0
4	2	3	-0.6548607339452850640569250724662935531837911993369284276062956045	-0.7557495743542582837740358439723444201797174451692235695799998831
4	2	5	-0.4154150130018864255292741492296232035240049104645368124262233324	0.9096319953545183714117153830790284600602410511946441707561044503
4	3	2	-0.1423148382732851404437926686163696687910513611259843284180827866	0.9898214418809327323760920377767187873765193719487166878386154449
4	3	4	-0.8412535328311811688618116489193677175132924984205378986426501177	0.5406408174555975821076359543186916954317706078981138400357498893
4	3	5	-0.6548607339452850640569250724662935531837911993369284276062956045	-0.7557495743542582837740358439723444201797174451692235695799998831
4	4	1	0.8412535328311811688618116489193677175132924984205378986426501177	-0.5406408174555975821076359543186916954317706078981138400357498893
4	4	3	-1.000000000000000000000000000000000000000000000000000000000000000	0
4	4	4	0.9594929736144973898903680570663276990624548484221619550444950590	-0.2817325568414296977114179153466168990357778989732668718310803061
4	4	5	0.4154150130018864255292741492296232035240049104645368124262233324	0.9096319953545183714117153830790284600602410511946441707561044503
4	5	2	-0.8412535328311811688618116489193677175132924984205378986426501177	-0.5406408174555975821076359543186916954317706078981138400357498893
4	5	3	-0.1423148382732851404437926686163696687910513611259843284180827866	0.9898214418809327323760920377767187873765193719487166878386154449
4	5	4	-0.1423148382732851404437926686163696687910513611259843284180827866	-0.9898214418809327323760920377767187873765193719487166878386154449
4	5	5	0.9594929736144973898903680570663276990624548484221619550444950590	-0.2817325568414296977114179153466168990357778989732668718310803061
5	1	5	1.000000000000000000000000000000000000000000000000000000000000000	0
5	2	4	0.6548607339452850640569250724662935531837911993369284276062956045	-0.7557495743542582837740358439723444201797174451692235695799998831
5	2	5	0.8412535328311811688618116489193677175132924984205378986426501177	0.5406408174555975821076359543186916954317706078981138400357498893
5	3	3	-0.1423148382732851404437926686163696687910513611259843284180827866	-0.9898214418809327323760920377767187873765193719487166878386154449
5	3	4	0.4154150130018864255292741492296232035240049104645368124262233324	0.9096319953545183714117153830790284600602410511946441707561044503
5	3	5	-0.8412535328311811688618116489193677175132924984205378986426501177	0.5406408174555975821076359543186916954317706078981138400357498893
5	4	2	-0.8412535328311811688618116489193677175132924984205378986426501177	-0.5406408174555975821076359543186916954317706078981138400357498893
5	4	3	-0.1423148382732851404437926686163696687910513611259843284180827866	0.9898214418809327323760920377767187873765193719487166878386154449
5	4	4	-0.1423148382732851404437926686163696687910513611259843284180827866	-0.9898214418809327323760920377767187873765193719487166878386154449
5	4	5	0.9594929736144973898903680570663276990624548484221619550444950590	-0.2817325568414296977114179153466168990357778989732668718310803061
5	5	1	-0.9594929736144973898903680570663276990624548484221619550444950590	0.2817325568414296977114179153466168990357778989732668718310803061
5	5	2	-0.6548607339452850640569250724662935531837911993369284276062956045	0.7557495743542582837740358439723444201797174451692235695799998831
5	5	3	0.9594929736144973898903680570663276990624548484221619550444950590	0.2817325568414296977114179153466168990357778989732668718310803061
5	5	4	-1.000000000000000000000000000000000000000000000000000000000000000	0
5	5	5	-0.1423148382732851404437926686163696687910513611259843284180827866	-0.9898214418809327323760920377767187873765193719487166878386154449