1	1	1	1	1	1	1.000000000000000000000000000000000000000000000000000000000000000	0
1	1	2	2	1	2	1.000000000000000000000000000000000000000000000000000000000000000	0
1	1	3	3	1	3	1.000000000000000000000000000000000000000000000000000000000000000	0
1	1	4	4	1	4	1.000000000000000000000000000000000000000000000000000000000000000	0
1	1	5	5	1	5	1.000000000000000000000000000000000000000000000000000000000000000	0
1	1	6	6	1	6	1.000000000000000000000000000000000000000000000000000000000000000	0
1	2	1	2	2	2	1.000000000000000000000000000000000000000000000000000000000000000	0
1	2	2	1	2	1	1.000000000000000000000000000000000000000000000000000000000000000	0
1	2	3	3	2	3	1.000000000000000000000000000000000000000000000000000000000000000	0
1	2	4	4	2	4	1.000000000000000000000000000000000000000000000000000000000000000	0
1	2	5	6	2	6	1.000000000000000000000000000000000000000000000000000000000000000	0
1	2	6	5	2	5	1.000000000000000000000000000000000000000000000000000000000000000	0
1	3	1	3	3	3	1.000000000000000000000000000000000000000000000000000000000000000	0
1	3	2	3	3	3	1.000000000000000000000000000000000000000000000000000000000000000	0
1	3	3	1	3	1	1.000000000000000000000000000000000000000000000000000000000000000	0
1	3	3	2	3	2	1.000000000000000000000000000000000000000000000000000000000000000	0
1	3	3	4	3	4	1.000000000000000000000000000000000000000000000000000000000000000	0
1	3	4	3	3	3	1.000000000000000000000000000000000000000000000000000000000000000	0
1	3	4	4	3	4	1.000000000000000000000000000000000000000000000000000000000000000	0
1	3	5	5	3	5	1.000000000000000000000000000000000000000000000000000000000000000	0
1	3	5	6	3	6	1.000000000000000000000000000000000000000000000000000000000000000	0
1	3	6	5	3	5	1.000000000000000000000000000000000000000000000000000000000000000	0
1	3	6	6	3	6	1.000000000000000000000000000000000000000000000000000000000000000	0
1	4	1	4	4	4	1.000000000000000000000000000000000000000000000000000000000000000	0
1	4	2	4	4	4	1.000000000000000000000000000000000000000000000000000000000000000	0
1	4	3	3	4	3	1.000000000000000000000000000000000000000000000000000000000000000	0
1	4	3	4	4	4	1.000000000000000000000000000000000000000000000000000000000000000	0
1	4	4	1	4	1	1.000000000000000000000000000000000000000000000000000000000000000	0
1	4	4	2	4	2	1.000000000000000000000000000000000000000000000000000000000000000	0
1	4	4	3	4	3	1.000000000000000000000000000000000000000000000000000000000000000	0
1	4	5	5	4	5	1.000000000000000000000000000000000000000000000000000000000000000	0
1	4	5	6	4	6	1.000000000000000000000000000000000000000000000000000000000000000	0
1	4	6	5	4	5	1.000000000000000000000000000000000000000000000000000000000000000	0
1	4	6	6	4	6	1.000000000000000000000000000000000000000000000000000000000000000	0
1	5	1	5	5	5	1.000000000000000000000000000000000000000000000000000000000000000	0
1	5	2	6	5	6	1.000000000000000000000000000000000000000000000000000000000000000	0
1	5	3	5	5	5	1.000000000000000000000000000000000000000000000000000000000000000	0
1	5	3	6	5	6	1.000000000000000000000000000000000000000000000000000000000000000	0
1	5	4	5	5	5	1.000000000000000000000000000000000000000000000000000000000000000	0
1	5	4	6	5	6	1.000000000000000000000000000000000000000000000000000000000000000	0
1	5	5	2	5	2	1.000000000000000000000000000000000000000000000000000000000000000	0
1	5	5	3	5	3	1.000000000000000000000000000000000000000000000000000000000000000	0
1	5	5	4	5	4	1.000000000000000000000000000000000000000000000000000000000000000	0
1	5	6	1	5	1	1.000000000000000000000000000000000000000000000000000000000000000	0
1	5	6	3	5	3	1.000000000000000000000000000000000000000000000000000000000000000	0
1	5	6	4	5	4	1.000000000000000000000000000000000000000000000000000000000000000	0
1	6	1	6	6	6	1.000000000000000000000000000000000000000000000000000000000000000	0
1	6	2	5	6	5	1.000000000000000000000000000000000000000000000000000000000000000	0
1	6	3	5	6	5	1.000000000000000000000000000000000000000000000000000000000000000	0
1	6	3	6	6	6	1.000000000000000000000000000000000000000000000000000000000000000	0
1	6	4	5	6	5	1.000000000000000000000000000000000000000000000000000000000000000	0
1	6	4	6	6	6	1.000000000000000000000000000000000000000000000000000000000000000	0
1	6	5	1	6	1	1.000000000000000000000000000000000000000000000000000000000000000	0
1	6	5	3	6	3	1.000000000000000000000000000000000000000000000000000000000000000	0
1	6	5	4	6	4	1.000000000000000000000000000000000000000000000000000000000000000	0
1	6	6	2	6	2	1.000000000000000000000000000000000000000000000000000000000000000	0
1	6	6	3	6	3	1.000000000000000000000000000000000000000000000000000000000000000	0
1	6	6	4	6	4	1.000000000000000000000000000000000000000000000000000000000000000	0
2	1	1	2	2	1	1.000000000000000000000000000000000000000000000000000000000000000	0
2	1	2	1	2	2	1.000000000000000000000000000000000000000000000000000000000000000	0
2	1	3	3	2	3	1.000000000000000000000000000000000000000000000000000000000000000	0
2	1	4	4	2	4	1.000000000000000000000000000000000000000000000000000000000000000	0
2	1	5	6	2	5	1.000000000000000000000000000000000000000000000000000000000000000	0
2	1	6	5	2	6	1.000000000000000000000000000000000000000000000000000000000000000	0
2	2	1	1	1	2	1.000000000000000000000000000000000000000000000000000000000000000	0
2	2	2	2	1	1	1.000000000000000000000000000000000000000000000000000000000000000	0
2	2	3	3	1	3	1.000000000000000000000000000000000000000000000000000000000000000	0
2	2	4	4	1	4	1.000000000000000000000000000000000000000000000000000000000000000	0
2	2	5	5	1	6	1.000000000000000000000000000000000000000000000000000000000000000	0
2	2	6	6	1	5	1.000000000000000000000000000000000000000000000000000000000000000	0
2	3	1	3	3	3	1.000000000000000000000000000000000000000000000000000000000000000	0
2	3	2	3	3	3	1.000000000000000000000000000000000000000000000000000000000000000	0
2	3	3	1	3	2	1.000000000000000000000000000000000000000000000000000000000000000	0
2	3	3	2	3	1	1.000000000000000000000000000000000000000000000000000000000000000	0
2	3	3	4	3	4	1.000000000000000000000000000000000000000000000000000000000000000	0
2	3	4	3	3	3	-1.000000000000000000000000000000000000000000000000000000000000000	0
2	3	4	4	3	4	-1.000000000000000000000000000000000000000000000000000000000000000	0
2	3	5	5	3	6	1.000000000000000000000000000000000000000000000000000000000000000	0
2	3	5	6	3	5	1.000000000000000000000000000000000000000000000000000000000000000	0
2	3	6	5	3	6	1.000000000000000000000000000000000000000000000000000000000000000	0
2	3	6	6	3	5	1.000000000000000000000000000000000000000000000000000000000000000	0
2	4	1	4	4	4	1.000000000000000000000000000000000000000000000000000000000000000	0
2	4	2	4	4	4	1.000000000000000000000000000000000000000000000000000000000000000	0
2	4	3	3	4	3	1.000000000000000000000000000000000000000000000000000000000000000	0
2	4	3	4	4	4	-1.000000000000000000000000000000000000000000000000000000000000000	0
2	4	4	1	4	2	1.000000000000000000000000000000000000000000000000000000000000000	0
2	4	4	2	4	1	1.000000000000000000000000000000000000000000000000000000000000000	0
2	4	4	3	4	3	-1.000000000000000000000000000000000000000000000000000000000000000	0
2	4	5	5	4	6	1.000000000000000000000000000000000000000000000000000000000000000	0
2	4	5	6	4	5	1.000000000000000000000000000000000000000000000000000000000000000	0
2	4	6	5	4	6	1.000000000000000000000000000000000000000000000000000000000000000	0
2	4	6	6	4	5	1.000000000000000000000000000000000000000000000000000000000000000	0
2	5	1	6	6	5	1.000000000000000000000000000000000000000000000000000000000000000	0
2	5	2	5	6	6	1.000000000000000000000000000000000000000000000000000000000000000	0
2	5	3	5	6	6	1.000000000000000000000000000000000000000000000000000000000000000	0
2	5	3	6	6	5	1.000000000000000000000000000000000000000000000000000000000000000	0
2	5	4	5	6	6	1.000000000000000000000000000000000000000000000000000000000000000	0
2	5	4	6	6	5	1.000000000000000000000000000000000000000000000000000000000000000	0
2	5	5	1	6	2	1.000000000000000000000000000000000000000000000000000000000000000	0
2	5	5	3	6	3	1.000000000000000000000000000000000000000000000000000000000000000	0
2	5	5	4	6	4	1.000000000000000000000000000000000000000000000000000000000000000	0
2	5	6	2	6	1	1.000000000000000000000000000000000000000000000000000000000000000	0
2	5	6	3	6	3	1.000000000000000000000000000000000000000000000000000000000000000	0
2	5	6	4	6	4	1.000000000000000000000000000000000000000000000000000000000000000	0
2	6	1	5	5	6	1.000000000000000000000000000000000000000000000000000000000000000	0
2	6	2	6	5	5	1.000000000000000000000000000000000000000000000000000000000000000	0
2	6	3	5	5	6	1.000000000000000000000000000000000000000000000000000000000000000	0
2	6	3	6	5	5	1.000000000000000000000000000000000000000000000000000000000000000	0
2	6	4	5	5	6	1.000000000000000000000000000000000000000000000000000000000000000	0
2	6	4	6	5	5	1.000000000000000000000000000000000000000000000000000000000000000	0
2	6	5	2	5	1	1.000000000000000000000000000000000000000000000000000000000000000	0
2	6	5	3	5	3	1.000000000000000000000000000000000000000000000000000000000000000	0
2	6	5	4	5	4	1.000000000000000000000000000000000000000000000000000000000000000	0
2	6	6	1	5	2	1.000000000000000000000000000000000000000000000000000000000000000	0
2	6	6	3	5	3	1.000000000000000000000000000000000000000000000000000000000000000	0
2	6	6	4	5	4	1.000000000000000000000000000000000000000000000000000000000000000	0
3	1	1	3	3	1	1.000000000000000000000000000000000000000000000000000000000000000	0
3	1	2	3	3	2	1.000000000000000000000000000000000000000000000000000000000000000	0
3	1	3	1	3	3	1.000000000000000000000000000000000000000000000000000000000000000	0
3	1	3	2	3	3	1.000000000000000000000000000000000000000000000000000000000000000	0
3	1	3	4	3	3	1.000000000000000000000000000000000000000000000000000000000000000	0
3	1	4	3	3	4	1.000000000000000000000000000000000000000000000000000000000000000	0
3	1	4	4	3	4	1.000000000000000000000000000000000000000000000000000000000000000	0
3	1	5	5	3	5	1.000000000000000000000000000000000000000000000000000000000000000	0
3	1	5	6	3	5	1.000000000000000000000000000000000000000000000000000000000000000	0
3	1	6	5	3	6	1.000000000000000000000000000000000000000000000000000000000000000	0
3	1	6	6	3	6	1.000000000000000000000000000000000000000000000000000000000000000	0
3	2	1	3	3	2	1.000000000000000000000000000000000000000000000000000000000000000	0
3	2	2	3	3	1	1.000000000000000000000000000000000000000000000000000000000000000	0
3	2	3	1	3	3	-1.000000000000000000000000000000000000000000000000000000000000000	0
3	2	3	2	3	3	-1.000000000000000000000000000000000000000000000000000000000000000	0
3	2	3	4	3	3	1.000000000000000000000000000000000000000000000000000000000000000	0
3	2	4	3	3	4	-1.000000000000000000000000000000000000000000000000000000000000000	0
3	2	4	4	3	4	1.000000000000000000000000000000000000000000000000000000000000000	0
3	2	5	5	3	6	1.000000000000000000000000000000000000000000000000000000000000000	0
3	2	5	6	3	6	1.000000000000000000000000000000000000000000000000000000000000000	0
3	2	6	5	3	5	1.000000000000000000000000000000000000000000000000000000000000000	0
3	2	6	6	3	5	1.000000000000000000000000000000000000000000000000000000000000000	0
3	3	1	1	1	3	1.000000000000000000000000000000000000000000000000000000000000000	0
3	3	1	2	2	3	1.000000000000000000000000000000000000000000000000000000000000000	0
3	3	1	4	4	3	1.000000000000000000000000000000000000000000000000000000000000000	0
3	3	2	1	2	3	-1.000000000000000000000000000000000000000000000000000000000000000	0
3	3	2	2	1	3	-1.000000000000000000000000000000000000000000000000000000000000000	0
3	3	2	4	4	3	1.000000000000000000000000000000000000000000000000000000000000000	0
3	3	3	3	1	1	0.500000000000000000000000000000000000000000000000000000000000000	0
3	3	3	3	1	2	-0.500000000000000000000000000000000000000000000000000000000000000	0
3	3	3	3	1	4	0.707106781186547524400844362104849039284835937688474036588339869	0
3	3	3	3	2	1	0.500000000000000000000000000000000000000000000000000000000000000	0
3	3	3	3	2	2	-0.500000000000000000000000000000000000000000000000000000000000000	0
3	3	3	3	2	4	-0.707106781186547524400844362104849039284835937688474036588339869	0
3	3	3	3	4	1	0.707106781186547524400844362104849039284835937688474036588339869	0
3	3	3	3	4	2	0.707106781186547524400844362104849039284835937688474036588339869	0
3	3	3	3	4	4	0.	0
3	3	3	4	4	4	1.000000000000000000000000000000000000000000000000000000000000000	0
3	3	4	1	4	3	1.000000000000000000000000000000000000000000000000000000000000000	0
3	3	4	2	4	3	1.000000000000000000000000000000000000000000000000000000000000000	0
3	3	4	3	4	4	1.000000000000000000000000000000000000000000000000000000000000000	0
3	3	4	4	1	3	0.707106781186547524400844362104849039284835937688474036588339869	0
3	3	4	4	1	4	0.707106781186547524400844362104849039284835937688474036588339869	0
3	3	4	4	2	3	0.707106781186547524400844362104849039284835937688474036588339869	0
3	3	4	4	2	4	-0.707106781186547524400844362104849039284835937688474036588339869	0
3	3	5	5	1	5	0.707106781186547524400844362104849039284835937688474036588339869	0
3	3	5	5	1	6	-0.707106781186547524400844362104849039284835937688474036588339869	0
3	3	5	5	4	5	0.707106781186547524400844362104849039284835937688474036588339869	0
3	3	5	5	4	6	0.707106781186547524400844362104849039284835937688474036588339869	0
3	3	5	6	2	5	0.707106781186547524400844362104849039284835937688474036588339869	0
3	3	5	6	2	6	-0.707106781186547524400844362104849039284835937688474036588339869	0
3	3	5	6	4	5	0.707106781186547524400844362104849039284835937688474036588339869	0
3	3	5	6	4	6	0.707106781186547524400844362104849039284835937688474036588339869	0
3	3	6	5	2	5	-0.707106781186547524400844362104849039284835937688474036588339869	0
3	3	6	5	2	6	0.707106781186547524400844362104849039284835937688474036588339869	0
3	3	6	5	4	5	0.707106781186547524400844362104849039284835937688474036588339869	0
3	3	6	5	4	6	0.707106781186547524400844362104849039284835937688474036588339869	0
3	3	6	6	1	5	-0.707106781186547524400844362104849039284835937688474036588339869	0
3	3	6	6	1	6	0.707106781186547524400844362104849039284835937688474036588339869	0
3	3	6	6	4	5	0.707106781186547524400844362104849039284835937688474036588339869	0
3	3	6	6	4	6	0.707106781186547524400844362104849039284835937688474036588339869	0
3	4	1	3	3	4	1.000000000000000000000000000000000000000000000000000000000000000	0
3	4	1	4	4	4	1.000000000000000000000000000000000000000000000000000000000000000	0
3	4	2	3	3	4	1.000000000000000000000000000000000000000000000000000000000000000	0
3	4	2	4	4	4	-1.000000000000000000000000000000000000000000000000000000000000000	0
3	4	3	1	3	3	1.000000000000000000000000000000000000000000000000000000000000000	0
3	4	3	2	3	3	-1.000000000000000000000000000000000000000000000000000000000000000	0
3	4	3	3	4	4	1.000000000000000000000000000000000000000000000000000000000000000	0
3	4	3	4	3	3	0.	0
3	4	3	4	3	4	1.000000000000000000000000000000000000000000000000000000000000000	0
3	4	3	4	4	3	1.000000000000000000000000000000000000000000000000000000000000000	0
3	4	3	4	4	4	0.	0
3	4	4	1	4	3	1.000000000000000000000000000000000000000000000000000000000000000	0
3	4	4	2	4	3	-1.000000000000000000000000000000000000000000000000000000000000000	0
3	4	4	3	3	1	0.707106781186547524400844362104849039284835937688474036588339869	0
3	4	4	3	3	2	-0.707106781186547524400844362104849039284835937688474036588339869	0
3	4	4	3	4	1	0.707106781186547524400844362104849039284835937688474036588339869	0
3	4	4	3	4	2	0.707106781186547524400844362104849039284835937688474036588339869	0
3	4	4	4	3	3	1.000000000000000000000000000000000000000000000000000000000000000	0
3	4	5	5	3	5	0.707106781186547524400844362104849039284835937688474036588339869	0
3	4	5	5	3	6	-0.707106781186547524400844362104849039284835937688474036588339869	0
3	4	5	5	4	5	0.707106781186547524400844362104849039284835937688474036588339869	0
3	4	5	5	4	6	0.707106781186547524400844362104849039284835937688474036588339869	0
3	4	5	6	3	5	-0.707106781186547524400844362104849039284835937688474036588339869	0
3	4	5	6	3	6	0.707106781186547524400844362104849039284835937688474036588339869	0
3	4	5	6	4	5	-0.707106781186547524400844362104849039284835937688474036588339869	0
3	4	5	6	4	6	-0.707106781186547524400844362104849039284835937688474036588339869	0
3	4	6	5	3	5	0.707106781186547524400844362104849039284835937688474036588339869	0
3	4	6	5	3	6	-0.707106781186547524400844362104849039284835937688474036588339869	0
3	4	6	5	4	5	-0.707106781186547524400844362104849039284835937688474036588339869	0
3	4	6	5	4	6	-0.707106781186547524400844362104849039284835937688474036588339869	0
3	4	6	6	3	5	-0.707106781186547524400844362104849039284835937688474036588339869	0
3	4	6	6	3	6	0.707106781186547524400844362104849039284835937688474036588339869	0
3	4	6	6	4	5	0.707106781186547524400844362104849039284835937688474036588339869	0
3	4	6	6	4	6	0.707106781186547524400844362104849039284835937688474036588339869	0
3	5	1	5	5	5	1.000000000000000000000000000000000000000000000000000000000000000	0
3	5	1	6	6	5	1.000000000000000000000000000000000000000000000000000000000000000	0
3	5	2	5	6	6	1.000000000000000000000000000000000000000000000000000000000000000	0
3	5	2	6	5	6	1.000000000000000000000000000000000000000000000000000000000000000	0
3	5	3	5	5	5	0.309016994374947424102293417182819058860154589902881431067724311	0
3	5	3	5	5	6	0.951056516295153572116439333379382143405698634125750222447305644	0
3	5	3	5	6	5	-0.951056516295153572116439333379382143405698634125750222447305644	0
3	5	3	5	6	6	0.309016994374947424102293417182819058860154589902881431067724311	0
3	5	3	6	5	5	-0.951056516295153572116439333379382143405698634125750222447305644	0
3	5	3	6	5	6	0.309016994374947424102293417182819058860154589902881431067724311	0
3	5	3	6	6	5	0.309016994374947424102293417182819058860154589902881431067724311	0
3	5	3	6	6	6	0.951056516295153572116439333379382143405698634125750222447305644	0
3	5	4	5	5	5	-0.809016994374947424102293417182819058860154589902881431067724311	0
3	5	4	5	5	6	0.587785252292473129168705954639072768597652437643145991072272481	0
3	5	4	5	6	5	-0.587785252292473129168705954639072768597652437643145991072272481	0
3	5	4	5	6	6	-0.809016994374947424102293417182819058860154589902881431067724311	0
3	5	4	6	5	5	-0.587785252292473129168705954639072768597652437643145991072272481	0
3	5	4	6	5	6	-0.809016994374947424102293417182819058860154589902881431067724311	0
3	5	4	6	6	5	-0.809016994374947424102293417182819058860154589902881431067724311	0
3	5	4	6	6	6	0.587785252292473129168705954639072768597652437643145991072272481	0
3	5	5	1	6	3	1.000000000000000000000000000000000000000000000000000000000000000	0
3	5	5	2	5	3	1.000000000000000000000000000000000000000000000000000000000000000	0
3	5	5	3	5	2	-0.707106781186547524400844362104849039284835937688474036588339869	0
3	5	5	3	5	4	0.707106781186547524400844362104849039284835937688474036588339869	0
3	5	5	3	6	2	-0.707106781186547524400844362104849039284835937688474036588339869	0
3	5	5	3	6	4	-0.707106781186547524400844362104849039284835937688474036588339869	0
3	5	5	4	5	3	0.707106781186547524400844362104849039284835937688474036588339869	0
3	5	5	4	5	4	-0.707106781186547524400844362104849039284835937688474036588339869	0
3	5	5	4	6	3	0.707106781186547524400844362104849039284835937688474036588339869	0
3	5	5	4	6	4	0.707106781186547524400844362104849039284835937688474036588339869	0
3	5	6	1	5	3	1.000000000000000000000000000000000000000000000000000000000000000	0
3	5	6	2	6	3	1.000000000000000000000000000000000000000000000000000000000000000	0
3	5	6	3	5	1	0.707106781186547524400844362104849039284835937688474036588339869	0
3	5	6	3	5	4	0.707106781186547524400844362104849039284835937688474036588339869	0
3	5	6	3	6	1	0.707106781186547524400844362104849039284835937688474036588339869	0
3	5	6	3	6	4	-0.707106781186547524400844362104849039284835937688474036588339869	0
3	5	6	4	5	3	0.707106781186547524400844362104849039284835937688474036588339869	0
3	5	6	4	5	4	0.707106781186547524400844362104849039284835937688474036588339869	0
3	5	6	4	6	3	0.707106781186547524400844362104849039284835937688474036588339869	0
3	5	6	4	6	4	-0.707106781186547524400844362104849039284835937688474036588339869	0
3	6	1	5	5	6	1.000000000000000000000000000000000000000000000000000000000000000	0
3	6	1	6	6	6	1.000000000000000000000000000000000000000000000000000000000000000	0
3	6	2	5	6	5	1.000000000000000000000000000000000000000000000000000000000000000	0
3	6	2	6	5	5	1.000000000000000000000000000000000000000000000000000000000000000	0
3	6	3	5	5	5	0.951056516295153572116439333379382143405698634125750222447305644	0
3	6	3	5	5	6	0.309016994374947424102293417182819058860154589902881431067724311	0
3	6	3	5	6	5	0.309016994374947424102293417182819058860154589902881431067724311	0
3	6	3	5	6	6	-0.951056516295153572116439333379382143405698634125750222447305644	0
3	6	3	6	5	5	0.309016994374947424102293417182819058860154589902881431067724311	0
3	6	3	6	5	6	-0.951056516295153572116439333379382143405698634125750222447305644	0
3	6	3	6	6	5	0.951056516295153572116439333379382143405698634125750222447305644	0
3	6	3	6	6	6	0.309016994374947424102293417182819058860154589902881431067724311	0
3	6	4	5	5	5	0.587785252292473129168705954639072768597652437643145991072272481	0
3	6	4	5	5	6	-0.809016994374947424102293417182819058860154589902881431067724311	0
3	6	4	5	6	5	-0.809016994374947424102293417182819058860154589902881431067724311	0
3	6	4	5	6	6	-0.587785252292473129168705954639072768597652437643145991072272481	0
3	6	4	6	5	5	-0.809016994374947424102293417182819058860154589902881431067724311	0
3	6	4	6	5	6	-0.587785252292473129168705954639072768597652437643145991072272481	0
3	6	4	6	6	5	0.587785252292473129168705954639072768597652437643145991072272481	0
3	6	4	6	6	6	-0.809016994374947424102293417182819058860154589902881431067724311	0
3	6	5	1	6	3	-1.000000000000000000000000000000000000000000000000000000000000000	0
3	6	5	2	5	3	-1.000000000000000000000000000000000000000000000000000000000000000	0
3	6	5	3	5	1	-0.707106781186547524400844362104849039284835937688474036588339869	0
3	6	5	3	5	4	-0.707106781186547524400844362104849039284835937688474036588339869	0
3	6	5	3	6	1	-0.707106781186547524400844362104849039284835937688474036588339869	0
3	6	5	3	6	4	0.707106781186547524400844362104849039284835937688474036588339869	0
3	6	5	4	5	3	0.707106781186547524400844362104849039284835937688474036588339869	0
3	6	5	4	5	4	-0.707106781186547524400844362104849039284835937688474036588339869	0
3	6	5	4	6	3	0.707106781186547524400844362104849039284835937688474036588339869	0
3	6	5	4	6	4	0.707106781186547524400844362104849039284835937688474036588339869	0
3	6	6	1	5	3	-1.000000000000000000000000000000000000000000000000000000000000000	0
3	6	6	2	6	3	-1.000000000000000000000000000000000000000000000000000000000000000	0
3	6	6	3	5	2	0.707106781186547524400844362104849039284835937688474036588339869	0
3	6	6	3	5	4	-0.707106781186547524400844362104849039284835937688474036588339869	0
3	6	6	3	6	2	0.707106781186547524400844362104849039284835937688474036588339869	0
3	6	6	3	6	4	0.707106781186547524400844362104849039284835937688474036588339869	0
3	6	6	4	5	3	0.707106781186547524400844362104849039284835937688474036588339869	0
3	6	6	4	5	4	0.707106781186547524400844362104849039284835937688474036588339869	0
3	6	6	4	6	3	0.707106781186547524400844362104849039284835937688474036588339869	0
3	6	6	4	6	4	-0.707106781186547524400844362104849039284835937688474036588339869	0
4	1	1	4	4	1	1.000000000000000000000000000000000000000000000000000000000000000	0
4	1	2	4	4	2	1.000000000000000000000000000000000000000000000000000000000000000	0
4	1	3	3	4	3	1.000000000000000000000000000000000000000000000000000000000000000	0
4	1	3	4	4	3	1.000000000000000000000000000000000000000000000000000000000000000	0
4	1	4	1	4	4	1.000000000000000000000000000000000000000000000000000000000000000	0
4	1	4	2	4	4	1.000000000000000000000000000000000000000000000000000000000000000	0
4	1	4	3	4	4	1.000000000000000000000000000000000000000000000000000000000000000	0
4	1	5	5	4	5	1.000000000000000000000000000000000000000000000000000000000000000	0
4	1	5	6	4	5	1.000000000000000000000000000000000000000000000000000000000000000	0
4	1	6	5	4	6	1.000000000000000000000000000000000000000000000000000000000000000	0
4	1	6	6	4	6	1.000000000000000000000000000000000000000000000000000000000000000	0
4	2	1	4	4	2	1.000000000000000000000000000000000000000000000000000000000000000	0
4	2	2	4	4	1	1.000000000000000000000000000000000000000000000000000000000000000	0
4	2	3	3	4	3	-1.000000000000000000000000000000000000000000000000000000000000000	0
4	2	3	4	4	3	1.000000000000000000000000000000000000000000000000000000000000000	0
4	2	4	1	4	4	-1.000000000000000000000000000000000000000000000000000000000000000	0
4	2	4	2	4	4	-1.000000000000000000000000000000000000000000000000000000000000000	0
4	2	4	3	4	4	1.000000000000000000000000000000000000000000000000000000000000000	0
4	2	5	5	4	6	1.000000000000000000000000000000000000000000000000000000000000000	0
4	2	5	6	4	6	1.000000000000000000000000000000000000000000000000000000000000000	0
4	2	6	5	4	5	1.000000000000000000000000000000000000000000000000000000000000000	0
4	2	6	6	4	5	1.000000000000000000000000000000000000000000000000000000000000000	0
4	3	1	3	3	3	1.000000000000000000000000000000000000000000000000000000000000000	0
4	3	1	4	4	3	1.000000000000000000000000000000000000000000000000000000000000000	0
4	3	2	3	3	3	-1.000000000000000000000000000000000000000000000000000000000000000	0
4	3	2	4	4	3	-1.000000000000000000000000000000000000000000000000000000000000000	0
4	3	3	1	3	4	1.000000000000000000000000000000000000000000000000000000000000000	0
4	3	3	2	3	4	1.000000000000000000000000000000000000000000000000000000000000000	0
4	3	3	3	4	4	1.000000000000000000000000000000000000000000000000000000000000000	0
4	3	3	4	3	1	0.707106781186547524400844362104849039284835937688474036588339869	0
4	3	3	4	3	2	-0.707106781186547524400844362104849039284835937688474036588339869	0
4	3	3	4	4	1	0.707106781186547524400844362104849039284835937688474036588339869	0
4	3	3	4	4	2	0.707106781186547524400844362104849039284835937688474036588339869	0
4	3	4	1	4	4	1.000000000000000000000000000000000000000000000000000000000000000	0
4	3	4	2	4	4	-1.000000000000000000000000000000000000000000000000000000000000000	0
4	3	4	3	3	3	0.	0
4	3	4	3	3	4	1.000000000000000000000000000000000000000000000000000000000000000	0
4	3	4	3	4	3	1.000000000000000000000000000000000000000000000000000000000000000	0
4	3	4	3	4	4	0.	0
4	3	4	4	3	3	1.000000000000000000000000000000000000000000000000000000000000000	0
4	3	5	5	3	5	0.707106781186547524400844362104849039284835937688474036588339869	0
4	3	5	5	3	6	-0.707106781186547524400844362104849039284835937688474036588339869	0
4	3	5	5	4	5	0.707106781186547524400844362104849039284835937688474036588339869	0
4	3	5	5	4	6	0.707106781186547524400844362104849039284835937688474036588339869	0
4	3	5	6	3	5	0.707106781186547524400844362104849039284835937688474036588339869	0
4	3	5	6	3	6	-0.707106781186547524400844362104849039284835937688474036588339869	0
4	3	5	6	4	5	-0.707106781186547524400844362104849039284835937688474036588339869	0
4	3	5	6	4	6	-0.707106781186547524400844362104849039284835937688474036588339869	0
4	3	6	5	3	5	-0.707106781186547524400844362104849039284835937688474036588339869	0
4	3	6	5	3	6	0.707106781186547524400844362104849039284835937688474036588339869	0
4	3	6	5	4	5	-0.707106781186547524400844362104849039284835937688474036588339869	0
4	3	6	5	4	6	-0.707106781186547524400844362104849039284835937688474036588339869	0
4	3	6	6	3	5	-0.707106781186547524400844362104849039284835937688474036588339869	0
4	3	6	6	3	6	0.707106781186547524400844362104849039284835937688474036588339869	0
4	3	6	6	4	5	0.707106781186547524400844362104849039284835937688474036588339869	0
4	3	6	6	4	6	0.707106781186547524400844362104849039284835937688474036588339869	0
4	4	1	1	1	4	1.000000000000000000000000000000000000000000000000000000000000000	0
4	4	1	2	2	4	1.000000000000000000000000000000000000000000000000000000000000000	0
4	4	1	3	3	4	1.000000000000000000000000000000000000000000000000000000000000000	0
4	4	2	1	2	4	-1.000000000000000000000000000000000000000000000000000000000000000	0
4	4	2	2	1	4	-1.000000000000000000000000000000000000000000000000000000000000000	0
4	4	2	3	3	4	-1.000000000000000000000000000000000000000000000000000000000000000	0
4	4	3	1	3	4	1.000000000000000000000000000000000000000000000000000000000000000	0
4	4	3	2	3	4	-1.000000000000000000000000000000000000000000000000000000000000000	0
4	4	3	3	1	3	0.707106781186547524400844362104849039284835937688474036588339869	0
4	4	3	3	1	4	0.707106781186547524400844362104849039284835937688474036588339869	0
4	4	3	3	2	3	0.707106781186547524400844362104849039284835937688474036588339869	0
4	4	3	3	2	4	-0.707106781186547524400844362104849039284835937688474036588339869	0
4	4	3	4	3	3	1.000000000000000000000000000000000000000000000000000000000000000	0
4	4	4	3	3	3	1.000000000000000000000000000000000000000000000000000000000000000	0
4	4	4	4	1	1	0.500000000000000000000000000000000000000000000000000000000000000	0
4	4	4	4	1	2	-0.500000000000000000000000000000000000000000000000000000000000000	0
4	4	4	4	1	3	0.707106781186547524400844362104849039284835937688474036588339869	0
4	4	4	4	2	1	0.500000000000000000000000000000000000000000000000000000000000000	0
4	4	4	4	2	2	-0.500000000000000000000000000000000000000000000000000000000000000	0
4	4	4	4	2	3	-0.707106781186547524400844362104849039284835937688474036588339869	0
4	4	4	4	3	1	0.707106781186547524400844362104849039284835937688474036588339869	0
4	4	4	4	3	2	0.707106781186547524400844362104849039284835937688474036588339869	0
4	4	4	4	3	3	0.	0
4	4	5	5	1	5	0.707106781186547524400844362104849039284835937688474036588339869	0
4	4	5	5	1	6	-0.707106781186547524400844362104849039284835937688474036588339869	0
4	4	5	5	3	5	0.707106781186547524400844362104849039284835937688474036588339869	0
4	4	5	5	3	6	0.707106781186547524400844362104849039284835937688474036588339869	0
4	4	5	6	2	5	0.707106781186547524400844362104849039284835937688474036588339869	0
4	4	5	6	2	6	-0.707106781186547524400844362104849039284835937688474036588339869	0
4	4	5	6	3	5	-0.707106781186547524400844362104849039284835937688474036588339869	0
4	4	5	6	3	6	-0.707106781186547524400844362104849039284835937688474036588339869	0
4	4	6	5	2	5	-0.707106781186547524400844362104849039284835937688474036588339869	0
4	4	6	5	2	6	0.707106781186547524400844362104849039284835937688474036588339869	0
4	4	6	5	3	5	-0.707106781186547524400844362104849039284835937688474036588339869	0
4	4	6	5	3	6	-0.707106781186547524400844362104849039284835937688474036588339869	0
4	4	6	6	1	5	-0.707106781186547524400844362104849039284835937688474036588339869	0
4	4	6	6	1	6	0.707106781186547524400844362104849039284835937688474036588339869	0
4	4	6	6	3	5	0.707106781186547524400844362104849039284835937688474036588339869	0
4	4	6	6	3	6	0.707106781186547524400844362104849039284835937688474036588339869	0
4	5	1	5	5	5	1.000000000000000000000000000000000000000000000000000000000000000	0
4	5	1	6	6	5	1.000000000000000000000000000000000000000000000000000000000000000	0
4	5	2	5	6	6	1.000000000000000000000000000000000000000000000000000000000000000	0
4	5	2	6	5	6	1.000000000000000000000000000000000000000000000000000000000000000	0
4	5	3	5	5	5	-0.809016994374947424102293417182819058860154589902881431067724311	0
4	5	3	5	5	6	0.587785252292473129168705954639072768597652437643145991072272481	0
4	5	3	5	6	5	-0.587785252292473129168705954639072768597652437643145991072272481	0
4	5	3	5	6	6	-0.809016994374947424102293417182819058860154589902881431067724311	0
4	5	3	6	5	5	-0.587785252292473129168705954639072768597652437643145991072272481	0
4	5	3	6	5	6	-0.809016994374947424102293417182819058860154589902881431067724311	0
4	5	3	6	6	5	-0.809016994374947424102293417182819058860154589902881431067724311	0
4	5	3	6	6	6	0.587785252292473129168705954639072768597652437643145991072272481	0
4	5	4	5	5	5	0.309016994374947424102293417182819058860154589902881431067724311	0
4	5	4	5	5	6	-0.951056516295153572116439333379382143405698634125750222447305644	0
4	5	4	5	6	5	0.951056516295153572116439333379382143405698634125750222447305644	0
4	5	4	5	6	6	0.309016994374947424102293417182819058860154589902881431067724311	0
4	5	4	6	5	5	0.951056516295153572116439333379382143405698634125750222447305644	0
4	5	4	6	5	6	0.309016994374947424102293417182819058860154589902881431067724311	0
4	5	4	6	6	5	0.309016994374947424102293417182819058860154589902881431067724311	0
4	5	4	6	6	6	-0.951056516295153572116439333379382143405698634125750222447305644	0
4	5	5	1	6	4	1.000000000000000000000000000000000000000000000000000000000000000	0
4	5	5	2	5	4	1.000000000000000000000000000000000000000000000000000000000000000	0
4	5	5	3	5	3	-0.707106781186547524400844362104849039284835937688474036588339869	0
4	5	5	3	5	4	-0.707106781186547524400844362104849039284835937688474036588339869	0
4	5	5	3	6	3	-0.707106781186547524400844362104849039284835937688474036588339869	0
4	5	5	3	6	4	0.707106781186547524400844362104849039284835937688474036588339869	0
4	5	5	4	5	2	-0.707106781186547524400844362104849039284835937688474036588339869	0
4	5	5	4	5	3	-0.707106781186547524400844362104849039284835937688474036588339869	0
4	5	5	4	6	2	-0.707106781186547524400844362104849039284835937688474036588339869	0
4	5	5	4	6	3	0.707106781186547524400844362104849039284835937688474036588339869	0
4	5	6	1	5	4	1.000000000000000000000000000000000000000000000000000000000000000	0
4	5	6	2	6	4	1.000000000000000000000000000000000000000000000000000000000000000	0
4	5	6	3	5	3	0.707106781186547524400844362104849039284835937688474036588339869	0
4	5	6	3	5	4	0.707106781186547524400844362104849039284835937688474036588339869	0
4	5	6	3	6	3	0.707106781186547524400844362104849039284835937688474036588339869	0
4	5	6	3	6	4	-0.707106781186547524400844362104849039284835937688474036588339869	0
4	5	6	4	5	1	0.707106781186547524400844362104849039284835937688474036588339869	0
4	5	6	4	5	3	0.707106781186547524400844362104849039284835937688474036588339869	0
4	5	6	4	6	1	0.707106781186547524400844362104849039284835937688474036588339869	0
4	5	6	4	6	3	-0.707106781186547524400844362104849039284835937688474036588339869	0
4	6	1	5	5	6	1.000000000000000000000000000000000000000000000000000000000000000	0
4	6	1	6	6	6	1.000000000000000000000000000000000000000000000000000000000000000	0
4	6	2	5	6	5	1.000000000000000000000000000000000000000000000000000000000000000	0
4	6	2	6	5	5	1.000000000000000000000000000000000000000000000000000000000000000	0
4	6	3	5	5	5	0.587785252292473129168705954639072768597652437643145991072272481	0
4	6	3	5	5	6	-0.809016994374947424102293417182819058860154589902881431067724311	0
4	6	3	5	6	5	-0.809016994374947424102293417182819058860154589902881431067724311	0
4	6	3	5	6	6	-0.587785252292473129168705954639072768597652437643145991072272481	0
4	6	3	6	5	5	-0.809016994374947424102293417182819058860154589902881431067724311	0
4	6	3	6	5	6	-0.587785252292473129168705954639072768597652437643145991072272481	0
4	6	3	6	6	5	0.587785252292473129168705954639072768597652437643145991072272481	0
4	6	3	6	6	6	-0.809016994374947424102293417182819058860154589902881431067724311	0
4	6	4	5	5	5	-0.951056516295153572116439333379382143405698634125750222447305644	0
4	6	4	5	5	6	0.309016994374947424102293417182819058860154589902881431067724311	0
4	6	4	5	6	5	0.309016994374947424102293417182819058860154589902881431067724311	0
4	6	4	5	6	6	0.951056516295153572116439333379382143405698634125750222447305644	0
4	6	4	6	5	5	0.309016994374947424102293417182819058860154589902881431067724311	0
4	6	4	6	5	6	0.951056516295153572116439333379382143405698634125750222447305644	0
4	6	4	6	6	5	-0.951056516295153572116439333379382143405698634125750222447305644	0
4	6	4	6	6	6	0.309016994374947424102293417182819058860154589902881431067724311	0
4	6	5	1	6	4	-1.000000000000000000000000000000000000000000000000000000000000000	0
4	6	5	2	5	4	-1.000000000000000000000000000000000000000000000000000000000000000	0
4	6	5	3	5	3	0.707106781186547524400844362104849039284835937688474036588339869	0
4	6	5	3	5	4	-0.707106781186547524400844362104849039284835937688474036588339869	0
4	6	5	3	6	3	0.707106781186547524400844362104849039284835937688474036588339869	0
4	6	5	3	6	4	0.707106781186547524400844362104849039284835937688474036588339869	0
4	6	5	4	5	1	-0.707106781186547524400844362104849039284835937688474036588339869	0
4	6	5	4	5	3	-0.707106781186547524400844362104849039284835937688474036588339869	0
4	6	5	4	6	1	-0.707106781186547524400844362104849039284835937688474036588339869	0
4	6	5	4	6	3	0.707106781186547524400844362104849039284835937688474036588339869	0
4	6	6	1	5	4	-1.000000000000000000000000000000000000000000000000000000000000000	0
4	6	6	2	6	4	-1.000000000000000000000000000000000000000000000000000000000000000	0
4	6	6	3	5	3	-0.707106781186547524400844362104849039284835937688474036588339869	0
4	6	6	3	5	4	0.707106781186547524400844362104849039284835937688474036588339869	0
4	6	6	3	6	3	-0.707106781186547524400844362104849039284835937688474036588339869	0
4	6	6	3	6	4	-0.707106781186547524400844362104849039284835937688474036588339869	0
4	6	6	4	5	2	0.707106781186547524400844362104849039284835937688474036588339869	0
4	6	6	4	5	3	0.707106781186547524400844362104849039284835937688474036588339869	0
4	6	6	4	6	2	0.707106781186547524400844362104849039284835937688474036588339869	0
4	6	6	4	6	3	-0.707106781186547524400844362104849039284835937688474036588339869	0
5	1	1	5	5	1	1.000000000000000000000000000000000000000000000000000000000000000	0
5	1	2	6	5	2	1.000000000000000000000000000000000000000000000000000000000000000	0
5	1	3	5	5	3	1.000000000000000000000000000000000000000000000000000000000000000	0
5	1	3	6	5	3	1.000000000000000000000000000000000000000000000000000000000000000	0
5	1	4	5	5	4	1.000000000000000000000000000000000000000000000000000000000000000	0
5	1	4	6	5	4	1.000000000000000000000000000000000000000000000000000000000000000	0
5	1	5	2	5	5	1.000000000000000000000000000000000000000000000000000000000000000	0
5	1	5	3	5	5	1.000000000000000000000000000000000000000000000000000000000000000	0
5	1	5	4	5	5	1.000000000000000000000000000000000000000000000000000000000000000	0
5	1	6	1	5	6	1.000000000000000000000000000000000000000000000000000000000000000	0
5	1	6	3	5	6	1.000000000000000000000000000000000000000000000000000000000000000	0
5	1	6	4	5	6	1.000000000000000000000000000000000000000000000000000000000000000	0
5	2	1	6	6	2	1.000000000000000000000000000000000000000000000000000000000000000	0
5	2	2	5	6	1	1.000000000000000000000000000000000000000000000000000000000000000	0
5	2	3	5	6	3	0.	1.0000000000000000000000000000000000000000000000000000000000000000
5	2	3	6	6	3	0.	-1.0000000000000000000000000000000000000000000000000000000000000000
5	2	4	5	6	4	0.	1.0000000000000000000000000000000000000000000000000000000000000000
5	2	4	6	6	4	0.	-1.0000000000000000000000000000000000000000000000000000000000000000
5	2	5	1	6	6	1.000000000000000000000000000000000000000000000000000000000000000	0
5	2	5	3	6	6	-1.000000000000000000000000000000000000000000000000000000000000000	0
5	2	5	4	6	6	-1.000000000000000000000000000000000000000000000000000000000000000	0
5	2	6	2	6	5	1.000000000000000000000000000000000000000000000000000000000000000	0
5	2	6	3	6	5	-1.000000000000000000000000000000000000000000000000000000000000000	0
5	2	6	4	6	5	-1.000000000000000000000000000000000000000000000000000000000000000	0
5	3	1	5	5	3	1.000000000000000000000000000000000000000000000000000000000000000	0
5	3	1	6	6	3	1.000000000000000000000000000000000000000000000000000000000000000	0
5	3	2	5	6	3	0.	1.0000000000000000000000000000000000000000000000000000000000000000
5	3	2	6	5	3	0.	-1.0000000000000000000000000000000000000000000000000000000000000000
5	3	3	5	5	1	0.707106781186547524400844362104849039284835937688474036588339869	0
5	3	3	5	5	4	0.707106781186547524400844362104849039284835937688474036588339869	0
5	3	3	5	6	1	0.707106781186547524400844362104849039284835937688474036588339869	0
5	3	3	5	6	4	-0.707106781186547524400844362104849039284835937688474036588339869	0
5	3	3	6	5	2	0.	-0.7071067811865475244008443621048490392848359376884740365883398690
5	3	3	6	5	4	0.707106781186547524400844362104849039284835937688474036588339869	0
5	3	3	6	6	2	0.	0.7071067811865475244008443621048490392848359376884740365883398690
5	3	3	6	6	4	0.707106781186547524400844362104849039284835937688474036588339869	0
5	3	4	5	5	3	0.707106781186547524400844362104849039284835937688474036588339869	0
5	3	4	5	5	4	0.707106781186547524400844362104849039284835937688474036588339869	0
5	3	4	5	6	3	0.707106781186547524400844362104849039284835937688474036588339869	0
5	3	4	5	6	4	-0.707106781186547524400844362104849039284835937688474036588339869	0
5	3	4	6	5	3	0.707106781186547524400844362104849039284835937688474036588339869	0
5	3	4	6	5	4	-0.707106781186547524400844362104849039284835937688474036588339869	0
5	3	4	6	6	3	-0.707106781186547524400844362104849039284835937688474036588339869	0
5	3	4	6	6	4	-0.707106781186547524400844362104849039284835937688474036588339869	0
5	3	5	1	6	6	0.	1.0000000000000000000000000000000000000000000000000000000000000000
5	3	5	2	5	5	1.000000000000000000000000000000000000000000000000000000000000000	0
5	3	5	3	5	5	0.309016994374947424102293417182819058860154589902881431067724311	0
5	3	5	3	5	6	0.	-0.9510565162951535721164393333793821434056986341257502224473056444
5	3	5	3	6	5	-0.951056516295153572116439333379382143405698634125750222447305644	0
5	3	5	3	6	6	0.	-0.3090169943749474241022934171828190588601545899028814310677243114
5	3	5	4	5	5	-0.809016994374947424102293417182819058860154589902881431067724311	0
5	3	5	4	5	6	0.	-0.5877852522924731291687059546390727685976524376431459910722724808
5	3	5	4	6	5	-0.587785252292473129168705954639072768597652437643145991072272481	0
5	3	5	4	6	6	0.	0.8090169943749474241022934171828190588601545899028814310677243114
5	3	6	1	5	6	1.000000000000000000000000000000000000000000000000000000000000000	0
5	3	6	2	6	5	0.	1.0000000000000000000000000000000000000000000000000000000000000000
5	3	6	3	5	5	0.	-0.9510565162951535721164393333793821434056986341257502224473056444
5	3	6	3	5	6	0.309016994374947424102293417182819058860154589902881431067724311	0
5	3	6	3	6	5	0.	-0.3090169943749474241022934171828190588601545899028814310677243114
5	3	6	3	6	6	-0.951056516295153572116439333379382143405698634125750222447305644	0
5	3	6	4	5	5	0.	-0.5877852522924731291687059546390727685976524376431459910722724808
5	3	6	4	5	6	-0.809016994374947424102293417182819058860154589902881431067724311	0
5	3	6	4	6	5	0.	0.8090169943749474241022934171828190588601545899028814310677243114
5	3	6	4	6	6	-0.587785252292473129168705954639072768597652437643145991072272481	0
5	4	1	5	5	4	1.000000000000000000000000000000000000000000000000000000000000000	0
5	4	1	6	6	4	1.000000000000000000000000000000000000000000000000000000000000000	0
5	4	2	5	6	4	0.	1.0000000000000000000000000000000000000000000000000000000000000000
5	4	2	6	5	4	0.	-1.0000000000000000000000000000000000000000000000000000000000000000
5	4	3	5	5	3	0.707106781186547524400844362104849039284835937688474036588339869	0
5	4	3	5	5	4	0.707106781186547524400844362104849039284835937688474036588339869	0
5	4	3	5	6	3	0.707106781186547524400844362104849039284835937688474036588339869	0
5	4	3	5	6	4	-0.707106781186547524400844362104849039284835937688474036588339869	0
5	4	3	6	5	3	-0.707106781186547524400844362104849039284835937688474036588339869	0
5	4	3	6	5	4	-0.707106781186547524400844362104849039284835937688474036588339869	0
5	4	3	6	6	3	0.707106781186547524400844362104849039284835937688474036588339869	0
5	4	3	6	6	4	-0.707106781186547524400844362104849039284835937688474036588339869	0
5	4	4	5	5	1	0.707106781186547524400844362104849039284835937688474036588339869	0
5	4	4	5	5	3	0.707106781186547524400844362104849039284835937688474036588339869	0
5	4	4	5	6	1	0.707106781186547524400844362104849039284835937688474036588339869	0
5	4	4	5	6	3	-0.707106781186547524400844362104849039284835937688474036588339869	0
5	4	4	6	5	2	0.	-0.7071067811865475244008443621048490392848359376884740365883398690
5	4	4	6	5	3	-0.707106781186547524400844362104849039284835937688474036588339869	0
5	4	4	6	6	2	0.	0.7071067811865475244008443621048490392848359376884740365883398690
5	4	4	6	6	3	-0.707106781186547524400844362104849039284835937688474036588339869	0
5	4	5	1	6	6	0.	1.0000000000000000000000000000000000000000000000000000000000000000
5	4	5	2	5	5	1.000000000000000000000000000000000000000000000000000000000000000	0
5	4	5	3	5	5	-0.809016994374947424102293417182819058860154589902881431067724311	0
5	4	5	3	5	6	0.	-0.5877852522924731291687059546390727685976524376431459910722724808
5	4	5	3	6	5	-0.587785252292473129168705954639072768597652437643145991072272481	0
5	4	5	3	6	6	0.	0.8090169943749474241022934171828190588601545899028814310677243114
5	4	5	4	5	5	0.309016994374947424102293417182819058860154589902881431067724311	0
5	4	5	4	5	6	0.	0.9510565162951535721164393333793821434056986341257502224473056444
5	4	5	4	6	5	0.951056516295153572116439333379382143405698634125750222447305644	0
5	4	5	4	6	6	0.	-0.3090169943749474241022934171828190588601545899028814310677243114
5	4	6	1	5	6	1.000000000000000000000000000000000000000000000000000000000000000	0
5	4	6	2	6	5	0.	1.0000000000000000000000000000000000000000000000000000000000000000
5	4	6	3	5	5	0.	-0.5877852522924731291687059546390727685976524376431459910722724808
5	4	6	3	5	6	-0.809016994374947424102293417182819058860154589902881431067724311	0
5	4	6	3	6	5	0.	0.8090169943749474241022934171828190588601545899028814310677243114
5	4	6	3	6	6	-0.587785252292473129168705954639072768597652437643145991072272481	0
5	4	6	4	5	5	0.	0.9510565162951535721164393333793821434056986341257502224473056444
5	4	6	4	5	6	0.309016994374947424102293417182819058860154589902881431067724311	0
5	4	6	4	6	5	0.	-0.3090169943749474241022934171828190588601545899028814310677243114
5	4	6	4	6	6	0.951056516295153572116439333379382143405698634125750222447305644	0
5	5	1	2	2	5	1.000000000000000000000000000000000000000000000000000000000000000	0
5	5	1	3	3	5	1.000000000000000000000000000000000000000000000000000000000000000	0
5	5	1	4	4	5	1.000000000000000000000000000000000000000000000000000000000000000	0
5	5	2	1	2	6	1.000000000000000000000000000000000000000000000000000000000000000	0
5	5	2	3	3	6	-1.000000000000000000000000000000000000000000000000000000000000000	0
5	5	2	4	4	6	-1.000000000000000000000000000000000000000000000000000000000000000	0
5	5	3	1	3	6	0.	-1.0000000000000000000000000000000000000000000000000000000000000000
5	5	3	2	3	5	-1.000000000000000000000000000000000000000000000000000000000000000	0
5	5	3	3	2	5	-0.707106781186547524400844362104849039284835937688474036588339869	0
5	5	3	3	2	6	0.	-0.7071067811865475244008443621048490392848359376884740365883398690
5	5	3	3	4	5	0.707106781186547524400844362104849039284835937688474036588339869	0
5	5	3	3	4	6	0.	-0.7071067811865475244008443621048490392848359376884740365883398690
5	5	3	4	3	5	0.707106781186547524400844362104849039284835937688474036588339869	0
5	5	3	4	3	6	0.	0.7071067811865475244008443621048490392848359376884740365883398690
5	5	3	4	4	5	-0.707106781186547524400844362104849039284835937688474036588339869	0
5	5	3	4	4	6	0.	0.7071067811865475244008443621048490392848359376884740365883398690
5	5	4	1	4	6	0.	-1.0000000000000000000000000000000000000000000000000000000000000000
5	5	4	2	4	5	-1.000000000000000000000000000000000000000000000000000000000000000	0
5	5	4	3	3	5	-0.707106781186547524400844362104849039284835937688474036588339869	0
5	5	4	3	3	6	0.	-0.7071067811865475244008443621048490392848359376884740365883398690
5	5	4	3	4	5	-0.707106781186547524400844362104849039284835937688474036588339869	0
5	5	4	3	4	6	0.	0.7071067811865475244008443621048490392848359376884740365883398690
5	5	4	4	2	5	-0.707106781186547524400844362104849039284835937688474036588339869	0
5	5	4	4	2	6	0.	-0.7071067811865475244008443621048490392848359376884740365883398690
5	5	4	4	3	5	-0.707106781186547524400844362104849039284835937688474036588339869	0
5	5	4	4	3	6	0.	0.7071067811865475244008443621048490392848359376884740365883398690
5	5	5	5	3	3	0.	-0.8506508083520399321815404970630110722404014037648168818367402424
5	5	5	5	3	4	0.	-0.5257311121191336060256690848478766072854979322433417815289355232
5	5	5	5	4	3	0.	-0.5257311121191336060256690848478766072854979322433417815289355232
5	5	5	5	4	4	0.	0.8506508083520399321815404970630110722404014037648168818367402424
5	5	5	6	2	2	0.447213595499957939281834733746255247088123671922305144854179449	0
5	5	5	6	2	3	0.	0.6324555320336758663997787088865437067439110278650433653715009706
5	5	5	6	2	4	0.	0.6324555320336758663997787088865437067439110278650433653715009706
5	5	5	6	3	2	-0.632455532033675866399778708886543706743911027865043365371500971	0
5	5	5	6	3	3	0.	-0.2763932022500210303590826331268723764559381640388474275729102755
5	5	5	6	3	4	0.	0.7236067977499789696409173668731276235440618359611525724270897245
5	5	5	6	4	2	-0.632455532033675866399778708886543706743911027865043365371500971	0
5	5	5	6	4	3	0.	0.7236067977499789696409173668731276235440618359611525724270897245
5	5	5	6	4	4	0.	-0.2763932022500210303590826331268723764559381640388474275729102755
5	5	6	5	2	1	0.447213595499957939281834733746255247088123671922305144854179449	0
5	5	6	5	2	3	0.632455532033675866399778708886543706743911027865043365371500971	0
5	5	6	5	2	4	0.632455532033675866399778708886543706743911027865043365371500971	0
5	5	6	5	3	1	-0.632455532033675866399778708886543706743911027865043365371500971	0
5	5	6	5	3	3	-0.276393202250021030359082633126872376455938164038847427572910275	0
5	5	6	5	3	4	0.723606797749978969640917366873127623544061835961152572427089725	0
5	5	6	5	4	1	-0.632455532033675866399778708886543706743911027865043365371500971	0
5	5	6	5	4	3	0.723606797749978969640917366873127623544061835961152572427089725	0
5	5	6	5	4	4	-0.276393202250021030359082633126872376455938164038847427572910275	0
5	5	6	6	3	3	0.850650808352039932181540497063011072240401403764816881836740242	0
5	5	6	6	3	4	0.525731112119133606025669084847876607285497932243341781528935523	0
5	5	6	6	4	3	0.525731112119133606025669084847876607285497932243341781528935523	0
5	5	6	6	4	4	-0.850650808352039932181540497063011072240401403764816881836740242	0
5	6	1	1	1	6	1.000000000000000000000000000000000000000000000000000000000000000	0
5	6	1	3	3	6	1.000000000000000000000000000000000000000000000000000000000000000	0
5	6	1	4	4	6	1.000000000000000000000000000000000000000000000000000000000000000	0
5	6	2	2	1	5	1.000000000000000000000000000000000000000000000000000000000000000	0
5	6	2	3	3	5	-1.000000000000000000000000000000000000000000000000000000000000000	0
5	6	2	4	4	5	-1.000000000000000000000000000000000000000000000000000000000000000	0
5	6	3	1	3	6	1.000000000000000000000000000000000000000000000000000000000000000	0
5	6	3	2	3	5	0.	1.0000000000000000000000000000000000000000000000000000000000000000
5	6	3	3	1	5	0.	0.7071067811865475244008443621048490392848359376884740365883398690
5	6	3	3	1	6	0.707106781186547524400844362104849039284835937688474036588339869	0
5	6	3	3	4	5	0.	-0.7071067811865475244008443621048490392848359376884740365883398690
5	6	3	3	4	6	0.707106781186547524400844362104849039284835937688474036588339869	0
5	6	3	4	3	5	0.	0.7071067811865475244008443621048490392848359376884740365883398690
5	6	3	4	3	6	0.707106781186547524400844362104849039284835937688474036588339869	0
5	6	3	4	4	5	0.	-0.7071067811865475244008443621048490392848359376884740365883398690
5	6	3	4	4	6	0.707106781186547524400844362104849039284835937688474036588339869	0
5	6	4	1	4	6	1.000000000000000000000000000000000000000000000000000000000000000	0
5	6	4	2	4	5	0.	1.0000000000000000000000000000000000000000000000000000000000000000
5	6	4	3	3	5	0.	0.7071067811865475244008443621048490392848359376884740365883398690
5	6	4	3	3	6	0.707106781186547524400844362104849039284835937688474036588339869	0
5	6	4	3	4	5	0.	-0.7071067811865475244008443621048490392848359376884740365883398690
5	6	4	3	4	6	0.707106781186547524400844362104849039284835937688474036588339869	0
5	6	4	4	1	5	0.	0.7071067811865475244008443621048490392848359376884740365883398690
5	6	4	4	1	6	0.707106781186547524400844362104849039284835937688474036588339869	0
5	6	4	4	3	5	0.	-0.7071067811865475244008443621048490392848359376884740365883398690
5	6	4	4	3	6	0.707106781186547524400844362104849039284835937688474036588339869	0
5	6	5	5	1	1	0.447213595499957939281834733746255247088123671922305144854179449	0
5	6	5	5	1	3	-0.632455532033675866399778708886543706743911027865043365371500971	0
5	6	5	5	1	4	-0.632455532033675866399778708886543706743911027865043365371500971	0
5	6	5	5	3	1	0.632455532033675866399778708886543706743911027865043365371500971	0
5	6	5	5	3	3	-0.276393202250021030359082633126872376455938164038847427572910275	0
5	6	5	5	3	4	0.723606797749978969640917366873127623544061835961152572427089725	0
5	6	5	5	4	1	0.632455532033675866399778708886543706743911027865043365371500971	0
5	6	5	5	4	3	0.723606797749978969640917366873127623544061835961152572427089725	0
5	6	5	5	4	4	-0.276393202250021030359082633126872376455938164038847427572910275	0
5	6	5	6	3	3	0.850650808352039932181540497063011072240401403764816881836740242	0
5	6	5	6	3	4	0.525731112119133606025669084847876607285497932243341781528935523	0
5	6	5	6	4	3	0.525731112119133606025669084847876607285497932243341781528935523	0
5	6	5	6	4	4	-0.850650808352039932181540497063011072240401403764816881836740242	0
5	6	6	5	3	3	0.	-0.8506508083520399321815404970630110722404014037648168818367402424
5	6	6	5	3	4	0.	-0.5257311121191336060256690848478766072854979322433417815289355232
5	6	6	5	4	3	0.	-0.5257311121191336060256690848478766072854979322433417815289355232
5	6	6	5	4	4	0.	0.8506508083520399321815404970630110722404014037648168818367402424
5	6	6	6	1	2	0.447213595499957939281834733746255247088123671922305144854179449	0
5	6	6	6	1	3	0.	-0.6324555320336758663997787088865437067439110278650433653715009706
5	6	6	6	1	4	0.	-0.6324555320336758663997787088865437067439110278650433653715009706
5	6	6	6	3	2	0.632455532033675866399778708886543706743911027865043365371500971	0
5	6	6	6	3	3	0.	-0.2763932022500210303590826331268723764559381640388474275729102755
5	6	6	6	3	4	0.	0.7236067977499789696409173668731276235440618359611525724270897245
5	6	6	6	4	2	0.632455532033675866399778708886543706743911027865043365371500971	0
5	6	6	6	4	3	0.	0.7236067977499789696409173668731276235440618359611525724270897245
5	6	6	6	4	4	0.	-0.2763932022500210303590826331268723764559381640388474275729102755
6	1	1	6	6	1	1.000000000000000000000000000000000000000000000000000000000000000	0
6	1	2	5	6	2	1.000000000000000000000000000000000000000000000000000000000000000	0
6	1	3	5	6	3	1.000000000000000000000000000000000000000000000000000000000000000	0
6	1	3	6	6	3	1.000000000000000000000000000000000000000000000000000000000000000	0
6	1	4	5	6	4	1.000000000000000000000000000000000000000000000000000000000000000	0
6	1	4	6	6	4	1.000000000000000000000000000000000000000000000000000000000000000	0
6	1	5	1	6	5	1.000000000000000000000000000000000000000000000000000000000000000	0
6	1	5	3	6	5	1.000000000000000000000000000000000000000000000000000000000000000	0
6	1	5	4	6	5	1.000000000000000000000000000000000000000000000000000000000000000	0
6	1	6	2	6	6	1.000000000000000000000000000000000000000000000000000000000000000	0
6	1	6	3	6	6	1.000000000000000000000000000000000000000000000000000000000000000	0
6	1	6	4	6	6	1.000000000000000000000000000000000000000000000000000000000000000	0
6	2	1	5	5	2	1.000000000000000000000000000000000000000000000000000000000000000	0
6	2	2	6	5	1	1.000000000000000000000000000000000000000000000000000000000000000	0
6	2	3	5	5	3	0.	-1.0000000000000000000000000000000000000000000000000000000000000000
6	2	3	6	5	3	0.	1.0000000000000000000000000000000000000000000000000000000000000000
6	2	4	5	5	4	0.	-1.0000000000000000000000000000000000000000000000000000000000000000
6	2	4	6	5	4	0.	1.0000000000000000000000000000000000000000000000000000000000000000
6	2	5	2	5	6	1.000000000000000000000000000000000000000000000000000000000000000	0
6	2	5	3	5	6	-1.000000000000000000000000000000000000000000000000000000000000000	0
6	2	5	4	5	6	-1.000000000000000000000000000000000000000000000000000000000000000	0
6	2	6	1	5	5	1.000000000000000000000000000000000000000000000000000000000000000	0
6	2	6	3	5	5	-1.000000000000000000000000000000000000000000000000000000000000000	0
6	2	6	4	5	5	-1.000000000000000000000000000000000000000000000000000000000000000	0
6	3	1	5	5	3	1.000000000000000000000000000000000000000000000000000000000000000	0
6	3	1	6	6	3	1.000000000000000000000000000000000000000000000000000000000000000	0
6	3	2	5	6	3	0.	-1.0000000000000000000000000000000000000000000000000000000000000000
6	3	2	6	5	3	0.	1.0000000000000000000000000000000000000000000000000000000000000000
6	3	3	5	5	2	0.	0.7071067811865475244008443621048490392848359376884740365883398690
6	3	3	5	5	4	0.707106781186547524400844362104849039284835937688474036588339869	0
6	3	3	5	6	2	0.	-0.7071067811865475244008443621048490392848359376884740365883398690
6	3	3	5	6	4	0.707106781186547524400844362104849039284835937688474036588339869	0
6	3	3	6	5	1	0.707106781186547524400844362104849039284835937688474036588339869	0
6	3	3	6	5	4	-0.707106781186547524400844362104849039284835937688474036588339869	0
6	3	3	6	6	1	0.707106781186547524400844362104849039284835937688474036588339869	0
6	3	3	6	6	4	0.707106781186547524400844362104849039284835937688474036588339869	0
6	3	4	5	5	3	-0.707106781186547524400844362104849039284835937688474036588339869	0
6	3	4	5	5	4	-0.707106781186547524400844362104849039284835937688474036588339869	0
6	3	4	5	6	3	0.707106781186547524400844362104849039284835937688474036588339869	0
6	3	4	5	6	4	-0.707106781186547524400844362104849039284835937688474036588339869	0
6	3	4	6	5	3	0.707106781186547524400844362104849039284835937688474036588339869	0
6	3	4	6	5	4	-0.707106781186547524400844362104849039284835937688474036588339869	0
6	3	4	6	6	3	0.707106781186547524400844362104849039284835937688474036588339869	0
6	3	4	6	6	4	0.707106781186547524400844362104849039284835937688474036588339869	0
6	3	5	1	6	5	1.000000000000000000000000000000000000000000000000000000000000000	0
6	3	5	2	5	6	0.	1.0000000000000000000000000000000000000000000000000000000000000000
6	3	5	3	5	5	-0.951056516295153572116439333379382143405698634125750222447305644	0
6	3	5	3	5	6	0.	-0.3090169943749474241022934171828190588601545899028814310677243114
6	3	5	3	6	5	0.309016994374947424102293417182819058860154589902881431067724311	0
6	3	5	3	6	6	0.	-0.9510565162951535721164393333793821434056986341257502224473056444
6	3	5	4	5	5	-0.587785252292473129168705954639072768597652437643145991072272481	0
6	3	5	4	5	6	0.	0.8090169943749474241022934171828190588601545899028814310677243114
6	3	5	4	6	5	-0.809016994374947424102293417182819058860154589902881431067724311	0
6	3	5	4	6	6	0.	-0.5877852522924731291687059546390727685976524376431459910722724808
6	3	6	1	5	5	0.	1.0000000000000000000000000000000000000000000000000000000000000000
6	3	6	2	6	6	1.000000000000000000000000000000000000000000000000000000000000000	0
6	3	6	3	5	5	0.	-0.3090169943749474241022934171828190588601545899028814310677243114
6	3	6	3	5	6	-0.951056516295153572116439333379382143405698634125750222447305644	0
6	3	6	3	6	5	0.	-0.9510565162951535721164393333793821434056986341257502224473056444
6	3	6	3	6	6	0.309016994374947424102293417182819058860154589902881431067724311	0
6	3	6	4	5	5	0.	0.8090169943749474241022934171828190588601545899028814310677243114
6	3	6	4	5	6	-0.587785252292473129168705954639072768597652437643145991072272481	0
6	3	6	4	6	5	0.	-0.5877852522924731291687059546390727685976524376431459910722724808
6	3	6	4	6	6	-0.809016994374947424102293417182819058860154589902881431067724311	0
6	4	1	5	5	4	1.000000000000000000000000000000000000000000000000000000000000000	0
6	4	1	6	6	4	1.000000000000000000000000000000000000000000000000000000000000000	0
6	4	2	5	6	4	0.	-1.0000000000000000000000000000000000000000000000000000000000000000
6	4	2	6	5	4	0.	1.0000000000000000000000000000000000000000000000000000000000000000
6	4	3	5	5	3	0.707106781186547524400844362104849039284835937688474036588339869	0
6	4	3	5	5	4	-0.707106781186547524400844362104849039284835937688474036588339869	0
6	4	3	5	6	3	-0.707106781186547524400844362104849039284835937688474036588339869	0
6	4	3	5	6	4	-0.707106781186547524400844362104849039284835937688474036588339869	0
6	4	3	6	5	3	0.707106781186547524400844362104849039284835937688474036588339869	0
6	4	3	6	5	4	-0.707106781186547524400844362104849039284835937688474036588339869	0
6	4	3	6	6	3	0.707106781186547524400844362104849039284835937688474036588339869	0
6	4	3	6	6	4	0.707106781186547524400844362104849039284835937688474036588339869	0
6	4	4	5	5	2	0.	0.7071067811865475244008443621048490392848359376884740365883398690
6	4	4	5	5	3	-0.707106781186547524400844362104849039284835937688474036588339869	0
6	4	4	5	6	2	0.	-0.7071067811865475244008443621048490392848359376884740365883398690
6	4	4	5	6	3	-0.707106781186547524400844362104849039284835937688474036588339869	0
6	4	4	6	5	1	0.707106781186547524400844362104849039284835937688474036588339869	0
6	4	4	6	5	3	-0.707106781186547524400844362104849039284835937688474036588339869	0
6	4	4	6	6	1	0.707106781186547524400844362104849039284835937688474036588339869	0
6	4	4	6	6	3	0.707106781186547524400844362104849039284835937688474036588339869	0
6	4	5	1	6	5	1.000000000000000000000000000000000000000000000000000000000000000	0
6	4	5	2	5	6	0.	1.0000000000000000000000000000000000000000000000000000000000000000
6	4	5	3	5	5	-0.587785252292473129168705954639072768597652437643145991072272481	0
6	4	5	3	5	6	0.	0.8090169943749474241022934171828190588601545899028814310677243114
6	4	5	3	6	5	-0.809016994374947424102293417182819058860154589902881431067724311	0
6	4	5	3	6	6	0.	-0.5877852522924731291687059546390727685976524376431459910722724808
6	4	5	4	5	5	0.951056516295153572116439333379382143405698634125750222447305644	0
6	4	5	4	5	6	0.	-0.3090169943749474241022934171828190588601545899028814310677243114
6	4	5	4	6	5	0.309016994374947424102293417182819058860154589902881431067724311	0
6	4	5	4	6	6	0.	0.9510565162951535721164393333793821434056986341257502224473056444
6	4	6	1	5	5	0.	1.0000000000000000000000000000000000000000000000000000000000000000
6	4	6	2	6	6	1.000000000000000000000000000000000000000000000000000000000000000	0
6	4	6	3	5	5	0.	0.8090169943749474241022934171828190588601545899028814310677243114
6	4	6	3	5	6	-0.587785252292473129168705954639072768597652437643145991072272481	0
6	4	6	3	6	5	0.	-0.5877852522924731291687059546390727685976524376431459910722724808
6	4	6	3	6	6	-0.809016994374947424102293417182819058860154589902881431067724311	0
6	4	6	4	5	5	0.	-0.3090169943749474241022934171828190588601545899028814310677243114
6	4	6	4	5	6	0.951056516295153572116439333379382143405698634125750222447305644	0
6	4	6	4	6	5	0.	0.9510565162951535721164393333793821434056986341257502224473056444
6	4	6	4	6	6	0.309016994374947424102293417182819058860154589902881431067724311	0
6	5	1	1	1	5	1.000000000000000000000000000000000000000000000000000000000000000	0
6	5	1	3	3	5	1.000000000000000000000000000000000000000000000000000000000000000	0
6	5	1	4	4	5	1.000000000000000000000000000000000000000000000000000000000000000	0
6	5	2	2	1	6	1.000000000000000000000000000000000000000000000000000000000000000	0
6	5	2	3	3	6	-1.000000000000000000000000000000000000000000000000000000000000000	0
6	5	2	4	4	6	-1.000000000000000000000000000000000000000000000000000000000000000	0
6	5	3	1	3	5	-1.000000000000000000000000000000000000000000000000000000000000000	0
6	5	3	2	3	6	0.	-1.0000000000000000000000000000000000000000000000000000000000000000
6	5	3	3	1	5	-0.707106781186547524400844362104849039284835937688474036588339869	0
6	5	3	3	1	6	0.	-0.7071067811865475244008443621048490392848359376884740365883398690
6	5	3	3	4	5	0.707106781186547524400844362104849039284835937688474036588339869	0
6	5	3	3	4	6	0.	-0.7071067811865475244008443621048490392848359376884740365883398690
6	5	3	4	3	5	0.707106781186547524400844362104849039284835937688474036588339869	0
6	5	3	4	3	6	0.	0.7071067811865475244008443621048490392848359376884740365883398690
6	5	3	4	4	5	0.707106781186547524400844362104849039284835937688474036588339869	0
6	5	3	4	4	6	0.	-0.7071067811865475244008443621048490392848359376884740365883398690
6	5	4	1	4	5	-1.000000000000000000000000000000000000000000000000000000000000000	0
6	5	4	2	4	6	0.	-1.0000000000000000000000000000000000000000000000000000000000000000
6	5	4	3	3	5	0.707106781186547524400844362104849039284835937688474036588339869	0
6	5	4	3	3	6	0.	0.7071067811865475244008443621048490392848359376884740365883398690
6	5	4	3	4	5	0.707106781186547524400844362104849039284835937688474036588339869	0
6	5	4	3	4	6	0.	-0.7071067811865475244008443621048490392848359376884740365883398690
6	5	4	4	1	5	-0.707106781186547524400844362104849039284835937688474036588339869	0
6	5	4	4	1	6	0.	-0.7071067811865475244008443621048490392848359376884740365883398690
6	5	4	4	3	5	0.707106781186547524400844362104849039284835937688474036588339869	0
6	5	4	4	3	6	0.	-0.7071067811865475244008443621048490392848359376884740365883398690
6	5	5	5	1	2	0.447213595499957939281834733746255247088123671922305144854179449	0
6	5	5	5	1	3	0.	0.6324555320336758663997787088865437067439110278650433653715009706
6	5	5	5	1	4	0.	0.6324555320336758663997787088865437067439110278650433653715009706
6	5	5	5	3	2	-0.632455532033675866399778708886543706743911027865043365371500971	0
6	5	5	5	3	3	0.	-0.2763932022500210303590826331268723764559381640388474275729102755
6	5	5	5	3	4	0.	0.7236067977499789696409173668731276235440618359611525724270897245
6	5	5	5	4	2	-0.632455532033675866399778708886543706743911027865043365371500971	0
6	5	5	5	4	3	0.	0.7236067977499789696409173668731276235440618359611525724270897245
6	5	5	5	4	4	0.	-0.2763932022500210303590826331268723764559381640388474275729102755
6	5	5	6	3	3	0.	-0.8506508083520399321815404970630110722404014037648168818367402424
6	5	5	6	3	4	0.	-0.5257311121191336060256690848478766072854979322433417815289355232
6	5	5	6	4	3	0.	-0.5257311121191336060256690848478766072854979322433417815289355232
6	5	5	6	4	4	0.	0.8506508083520399321815404970630110722404014037648168818367402424
6	5	6	5	3	3	0.850650808352039932181540497063011072240401403764816881836740242	0
6	5	6	5	3	4	0.525731112119133606025669084847876607285497932243341781528935523	0
6	5	6	5	4	3	0.525731112119133606025669084847876607285497932243341781528935523	0
6	5	6	5	4	4	-0.850650808352039932181540497063011072240401403764816881836740242	0
6	5	6	6	1	1	0.447213595499957939281834733746255247088123671922305144854179449	0
6	5	6	6	1	3	0.632455532033675866399778708886543706743911027865043365371500971	0
6	5	6	6	1	4	0.632455532033675866399778708886543706743911027865043365371500971	0
6	5	6	6	3	1	-0.632455532033675866399778708886543706743911027865043365371500971	0
6	5	6	6	3	3	-0.276393202250021030359082633126872376455938164038847427572910275	0
6	5	6	6	3	4	0.723606797749978969640917366873127623544061835961152572427089725	0
6	5	6	6	4	1	-0.632455532033675866399778708886543706743911027865043365371500971	0
6	5	6	6	4	3	0.723606797749978969640917366873127623544061835961152572427089725	0
6	5	6	6	4	4	-0.276393202250021030359082633126872376455938164038847427572910275	0
6	6	1	2	2	6	1.000000000000000000000000000000000000000000000000000000000000000	0
6	6	1	3	3	6	1.000000000000000000000000000000000000000000000000000000000000000	0
6	6	1	4	4	6	1.000000000000000000000000000000000000000000000000000000000000000	0
6	6	2	1	2	5	1.000000000000000000000000000000000000000000000000000000000000000	0
6	6	2	3	3	5	-1.000000000000000000000000000000000000000000000000000000000000000	0
6	6	2	4	4	5	-1.000000000000000000000000000000000000000000000000000000000000000	0
6	6	3	1	3	5	0.	1.0000000000000000000000000000000000000000000000000000000000000000
6	6	3	2	3	6	1.000000000000000000000000000000000000000000000000000000000000000	0
6	6	3	3	2	5	0.	0.7071067811865475244008443621048490392848359376884740365883398690
6	6	3	3	2	6	0.707106781186547524400844362104849039284835937688474036588339869	0
6	6	3	3	4	5	0.	-0.7071067811865475244008443621048490392848359376884740365883398690
6	6	3	3	4	6	0.707106781186547524400844362104849039284835937688474036588339869	0
6	6	3	4	3	5	0.	0.7071067811865475244008443621048490392848359376884740365883398690
6	6	3	4	3	6	0.707106781186547524400844362104849039284835937688474036588339869	0
6	6	3	4	4	5	0.	0.7071067811865475244008443621048490392848359376884740365883398690
6	6	3	4	4	6	-0.707106781186547524400844362104849039284835937688474036588339869	0
6	6	4	1	4	5	0.	1.0000000000000000000000000000000000000000000000000000000000000000
6	6	4	2	4	6	1.000000000000000000000000000000000000000000000000000000000000000	0
6	6	4	3	3	5	0.	-0.7071067811865475244008443621048490392848359376884740365883398690
6	6	4	3	3	6	-0.707106781186547524400844362104849039284835937688474036588339869	0
6	6	4	3	4	5	0.	0.7071067811865475244008443621048490392848359376884740365883398690
6	6	4	3	4	6	-0.707106781186547524400844362104849039284835937688474036588339869	0
6	6	4	4	2	5	0.	0.7071067811865475244008443621048490392848359376884740365883398690
6	6	4	4	2	6	0.707106781186547524400844362104849039284835937688474036588339869	0
6	6	4	4	3	5	0.	0.7071067811865475244008443621048490392848359376884740365883398690
6	6	4	4	3	6	-0.707106781186547524400844362104849039284835937688474036588339869	0
6	6	5	5	3	3	0.850650808352039932181540497063011072240401403764816881836740242	0
6	6	5	5	3	4	0.525731112119133606025669084847876607285497932243341781528935523	0
6	6	5	5	4	3	0.525731112119133606025669084847876607285497932243341781528935523	0
6	6	5	5	4	4	-0.850650808352039932181540497063011072240401403764816881836740242	0
6	6	5	6	2	1	0.447213595499957939281834733746255247088123671922305144854179449	0
6	6	5	6	2	3	-0.632455532033675866399778708886543706743911027865043365371500971	0
6	6	5	6	2	4	-0.632455532033675866399778708886543706743911027865043365371500971	0
6	6	5	6	3	1	0.632455532033675866399778708886543706743911027865043365371500971	0
6	6	5	6	3	3	-0.276393202250021030359082633126872376455938164038847427572910275	0
6	6	5	6	3	4	0.723606797749978969640917366873127623544061835961152572427089725	0
6	6	5	6	4	1	0.632455532033675866399778708886543706743911027865043365371500971	0
6	6	5	6	4	3	0.723606797749978969640917366873127623544061835961152572427089725	0
6	6	5	6	4	4	-0.276393202250021030359082633126872376455938164038847427572910275	0
6	6	6	5	2	2	0.447213595499957939281834733746255247088123671922305144854179449	0
6	6	6	5	2	3	0.	-0.6324555320336758663997787088865437067439110278650433653715009706
6	6	6	5	2	4	0.	-0.6324555320336758663997787088865437067439110278650433653715009706
6	6	6	5	3	2	0.632455532033675866399778708886543706743911027865043365371500971	0
6	6	6	5	3	3	0.	-0.2763932022500210303590826331268723764559381640388474275729102755
6	6	6	5	3	4	0.	0.7236067977499789696409173668731276235440618359611525724270897245
6	6	6	5	4	2	0.632455532033675866399778708886543706743911027865043365371500971	0
6	6	6	5	4	3	0.	0.7236067977499789696409173668731276235440618359611525724270897245
6	6	6	5	4	4	0.	-0.2763932022500210303590826331268723764559381640388474275729102755
6	6	6	6	3	3	0.	-0.8506508083520399321815404970630110722404014037648168818367402424
6	6	6	6	3	4	0.	-0.5257311121191336060256690848478766072854979322433417815289355232
6	6	6	6	4	3	0.	-0.5257311121191336060256690848478766072854979322433417815289355232
6	6	6	6	4	4	0.	0.8506508083520399321815404970630110722404014037648168818367402424