1	1	1	1	1	1	1.000000000000000000000000000000000000000000000000000000000000000	0
1	1	2	2	1	2	1.000000000000000000000000000000000000000000000000000000000000000	0
1	1	3	3	1	3	1.000000000000000000000000000000000000000000000000000000000000000	0
1	1	4	4	1	4	1.000000000000000000000000000000000000000000000000000000000000000	0
1	1	5	5	1	5	1.000000000000000000000000000000000000000000000000000000000000000	0
1	1	6	6	1	6	1.000000000000000000000000000000000000000000000000000000000000000	0
1	2	1	2	2	2	1.000000000000000000000000000000000000000000000000000000000000000	0
1	2	2	1	2	1	1.000000000000000000000000000000000000000000000000000000000000000	0
1	2	3	4	2	4	1.000000000000000000000000000000000000000000000000000000000000000	0
1	2	4	3	2	3	1.000000000000000000000000000000000000000000000000000000000000000	0
1	2	5	6	2	6	1.000000000000000000000000000000000000000000000000000000000000000	0
1	2	6	5	2	5	1.000000000000000000000000000000000000000000000000000000000000000	0
1	3	1	3	3	3	1.000000000000000000000000000000000000000000000000000000000000000	0
1	3	2	4	3	4	1.000000000000000000000000000000000000000000000000000000000000000	0
1	3	3	1	3	1	1.000000000000000000000000000000000000000000000000000000000000000	0
1	3	4	2	3	2	1.000000000000000000000000000000000000000000000000000000000000000	0
1	3	5	6	3	6	1.000000000000000000000000000000000000000000000000000000000000000	0
1	3	6	5	3	5	1.000000000000000000000000000000000000000000000000000000000000000	0
1	4	1	4	4	4	1.000000000000000000000000000000000000000000000000000000000000000	0
1	4	2	3	4	3	1.000000000000000000000000000000000000000000000000000000000000000	0
1	4	3	2	4	2	1.000000000000000000000000000000000000000000000000000000000000000	0
1	4	4	1	4	1	1.000000000000000000000000000000000000000000000000000000000000000	0
1	4	5	5	4	5	1.000000000000000000000000000000000000000000000000000000000000000	0
1	4	6	6	4	6	1.000000000000000000000000000000000000000000000000000000000000000	0
1	5	1	5	5	5	1.000000000000000000000000000000000000000000000000000000000000000	0
1	5	2	6	5	6	1.000000000000000000000000000000000000000000000000000000000000000	0
1	5	3	6	5	6	1.000000000000000000000000000000000000000000000000000000000000000	0
1	5	4	5	5	5	1.000000000000000000000000000000000000000000000000000000000000000	0
1	5	5	1	5	1	1.000000000000000000000000000000000000000000000000000000000000000	0
1	5	5	4	5	4	1.000000000000000000000000000000000000000000000000000000000000000	0
1	5	5	6	5	6	1.000000000000000000000000000000000000000000000000000000000000000	0
1	5	6	2	5	2	1.000000000000000000000000000000000000000000000000000000000000000	0
1	5	6	3	5	3	1.000000000000000000000000000000000000000000000000000000000000000	0
1	5	6	5	5	5	1.000000000000000000000000000000000000000000000000000000000000000	0
1	6	1	6	6	6	1.000000000000000000000000000000000000000000000000000000000000000	0
1	6	2	5	6	5	1.000000000000000000000000000000000000000000000000000000000000000	0
1	6	3	5	6	5	1.000000000000000000000000000000000000000000000000000000000000000	0
1	6	4	6	6	6	1.000000000000000000000000000000000000000000000000000000000000000	0
1	6	5	2	6	2	1.000000000000000000000000000000000000000000000000000000000000000	0
1	6	5	3	6	3	1.000000000000000000000000000000000000000000000000000000000000000	0
1	6	5	5	6	5	1.000000000000000000000000000000000000000000000000000000000000000	0
1	6	6	1	6	1	1.000000000000000000000000000000000000000000000000000000000000000	0
1	6	6	4	6	4	1.000000000000000000000000000000000000000000000000000000000000000	0
1	6	6	6	6	6	1.000000000000000000000000000000000000000000000000000000000000000	0
2	1	1	2	2	1	1.000000000000000000000000000000000000000000000000000000000000000	0
2	1	2	1	2	2	1.000000000000000000000000000000000000000000000000000000000000000	0
2	1	3	4	2	3	1.000000000000000000000000000000000000000000000000000000000000000	0
2	1	4	3	2	4	1.000000000000000000000000000000000000000000000000000000000000000	0
2	1	5	6	2	5	1.000000000000000000000000000000000000000000000000000000000000000	0
2	1	6	5	2	6	1.000000000000000000000000000000000000000000000000000000000000000	0
2	2	1	1	1	2	1.000000000000000000000000000000000000000000000000000000000000000	0
2	2	2	2	1	1	-1.000000000000000000000000000000000000000000000000000000000000000	0
2	2	3	3	1	4	0.5000000000000000000000000000000000000000000000000000000000000000	0.8660254037844386467637231707529361834714026269051903140279034897
2	2	4	4	1	3	-0.5000000000000000000000000000000000000000000000000000000000000000	-0.8660254037844386467637231707529361834714026269051903140279034897
2	2	5	5	1	6	0.5000000000000000000000000000000000000000000000000000000000000000	-0.8660254037844386467637231707529361834714026269051903140279034897
2	2	6	6	1	5	-0.5000000000000000000000000000000000000000000000000000000000000000	0.8660254037844386467637231707529361834714026269051903140279034897
2	3	1	4	4	3	1.000000000000000000000000000000000000000000000000000000000000000	0
2	3	2	3	4	4	1.000000000000000000000000000000000000000000000000000000000000000	0
2	3	3	2	4	1	0.5000000000000000000000000000000000000000000000000000000000000000	-0.8660254037844386467637231707529361834714026269051903140279034897
2	3	4	1	4	2	1.000000000000000000000000000000000000000000000000000000000000000	0
2	3	5	5	4	6	-0.8660254037844386467637231707529361834714026269051903140279034897	-0.5000000000000000000000000000000000000000000000000000000000000000
2	3	6	6	4	5	0.5000000000000000000000000000000000000000000000000000000000000000	-0.8660254037844386467637231707529361834714026269051903140279034897
2	4	1	3	3	4	1.000000000000000000000000000000000000000000000000000000000000000	0
2	4	2	4	3	3	-1.000000000000000000000000000000000000000000000000000000000000000	0
2	4	3	1	3	2	1.000000000000000000000000000000000000000000000000000000000000000	0
2	4	4	2	3	1	-0.5000000000000000000000000000000000000000000000000000000000000000	0.8660254037844386467637231707529361834714026269051903140279034897
2	4	5	6	3	5	-0.8660254037844386467637231707529361834714026269051903140279034897	-0.5000000000000000000000000000000000000000000000000000000000000000
2	4	6	5	3	6	0.5000000000000000000000000000000000000000000000000000000000000000	-0.8660254037844386467637231707529361834714026269051903140279034897
2	5	1	6	6	5	1.000000000000000000000000000000000000000000000000000000000000000	0
2	5	2	5	6	6	1.000000000000000000000000000000000000000000000000000000000000000	0
2	5	3	5	6	6	0.	1.0000000000000000000000000000000000000000000000000000000000000000
2	5	4	6	6	5	-1.000000000000000000000000000000000000000000000000000000000000000	0
2	5	5	2	6	1	0.	1.0000000000000000000000000000000000000000000000000000000000000000
2	5	5	3	6	4	0.5000000000000000000000000000000000000000000000000000000000000000	0.8660254037844386467637231707529361834714026269051903140279034897
2	5	5	5	6	6	-1.000000000000000000000000000000000000000000000000000000000000000	0
2	5	6	1	6	2	0.8660254037844386467637231707529361834714026269051903140279034897	-0.5000000000000000000000000000000000000000000000000000000000000000
2	5	6	4	6	3	0.8660254037844386467637231707529361834714026269051903140279034897	-0.5000000000000000000000000000000000000000000000000000000000000000
2	5	6	6	6	5	0.	-1.0000000000000000000000000000000000000000000000000000000000000000
2	6	1	5	5	6	1.000000000000000000000000000000000000000000000000000000000000000	0
2	6	2	6	5	5	-1.000000000000000000000000000000000000000000000000000000000000000	0
2	6	3	6	5	5	0.	1.0000000000000000000000000000000000000000000000000000000000000000
2	6	4	5	5	6	-1.000000000000000000000000000000000000000000000000000000000000000	0
2	6	5	1	5	2	0.8660254037844386467637231707529361834714026269051903140279034897	-0.5000000000000000000000000000000000000000000000000000000000000000
2	6	5	4	5	3	-0.5000000000000000000000000000000000000000000000000000000000000000	-0.8660254037844386467637231707529361834714026269051903140279034897
2	6	5	6	5	5	1.000000000000000000000000000000000000000000000000000000000000000	0
2	6	6	2	5	1	0.	-1.0000000000000000000000000000000000000000000000000000000000000000
2	6	6	3	5	4	-0.8660254037844386467637231707529361834714026269051903140279034897	0.5000000000000000000000000000000000000000000000000000000000000000
2	6	6	5	5	6	0.	1.0000000000000000000000000000000000000000000000000000000000000000
3	1	1	3	3	1	1.000000000000000000000000000000000000000000000000000000000000000	0
3	1	2	4	3	2	1.000000000000000000000000000000000000000000000000000000000000000	0
3	1	3	1	3	3	1.000000000000000000000000000000000000000000000000000000000000000	0
3	1	4	2	3	4	1.000000000000000000000000000000000000000000000000000000000000000	0
3	1	5	6	3	5	1.000000000000000000000000000000000000000000000000000000000000000	0
3	1	6	5	3	6	1.000000000000000000000000000000000000000000000000000000000000000	0
3	2	1	4	4	2	1.000000000000000000000000000000000000000000000000000000000000000	0
3	2	2	3	4	1	0.5000000000000000000000000000000000000000000000000000000000000000	-0.8660254037844386467637231707529361834714026269051903140279034897
3	2	3	2	4	4	1.000000000000000000000000000000000000000000000000000000000000000	0
3	2	4	1	4	3	1.000000000000000000000000000000000000000000000000000000000000000	0
3	2	5	5	4	6	0.8660254037844386467637231707529361834714026269051903140279034897	0.5000000000000000000000000000000000000000000000000000000000000000
3	2	6	6	4	5	0.5000000000000000000000000000000000000000000000000000000000000000	-0.8660254037844386467637231707529361834714026269051903140279034897
3	3	1	1	1	3	1.000000000000000000000000000000000000000000000000000000000000000	0
3	3	2	2	1	4	0.5000000000000000000000000000000000000000000000000000000000000000	0.8660254037844386467637231707529361834714026269051903140279034897
3	3	3	3	1	1	-1.000000000000000000000000000000000000000000000000000000000000000	0
3	3	4	4	1	2	-0.5000000000000000000000000000000000000000000000000000000000000000	-0.8660254037844386467637231707529361834714026269051903140279034897
3	3	5	5	1	6	0.	-1.0000000000000000000000000000000000000000000000000000000000000000
3	3	6	6	1	5	0.	1.0000000000000000000000000000000000000000000000000000000000000000
3	4	1	2	2	4	1.000000000000000000000000000000000000000000000000000000000000000	0
3	4	2	1	2	3	1.000000000000000000000000000000000000000000000000000000000000000	0
3	4	3	4	2	2	-1.000000000000000000000000000000000000000000000000000000000000000	0
3	4	4	3	2	1	-0.5000000000000000000000000000000000000000000000000000000000000000	0.8660254037844386467637231707529361834714026269051903140279034897
3	4	5	6	2	5	1.000000000000000000000000000000000000000000000000000000000000000	0
3	4	6	5	2	6	0.	-1.0000000000000000000000000000000000000000000000000000000000000000
3	5	1	6	6	5	1.000000000000000000000000000000000000000000000000000000000000000	0
3	5	2	5	6	6	0.	1.0000000000000000000000000000000000000000000000000000000000000000
3	5	3	5	6	6	-1.000000000000000000000000000000000000000000000000000000000000000	0
3	5	4	6	6	5	-1.000000000000000000000000000000000000000000000000000000000000000	0
3	5	5	2	6	4	-0.9659258262890682867497431997288973676339048390084045504023430763	0.2588190451025207623488988376240483283490689013199305138140032073
3	5	5	3	6	1	-0.9659258262890682867497431997288973676339048390084045504023430763	-0.2588190451025207623488988376240483283490689013199305138140032073
3	5	5	5	6	6	0.	1.0000000000000000000000000000000000000000000000000000000000000000
3	5	6	1	6	3	0.2588190451025207623488988376240483283490689013199305138140032073	0.9659258262890682867497431997288973676339048390084045504023430763
3	5	6	4	6	2	-0.2588190451025207623488988376240483283490689013199305138140032073	-0.9659258262890682867497431997288973676339048390084045504023430763
3	5	6	6	6	5	0.	1.0000000000000000000000000000000000000000000000000000000000000000
3	6	1	5	5	6	1.000000000000000000000000000000000000000000000000000000000000000	0
3	6	2	6	5	5	0.	1.0000000000000000000000000000000000000000000000000000000000000000
3	6	3	6	5	5	1.000000000000000000000000000000000000000000000000000000000000000	0
3	6	4	5	5	6	-1.000000000000000000000000000000000000000000000000000000000000000	0
3	6	5	1	5	3	-0.2588190451025207623488988376240483283490689013199305138140032073	-0.9659258262890682867497431997288973676339048390084045504023430763
3	6	5	4	5	2	-0.9659258262890682867497431997288973676339048390084045504023430763	0.2588190451025207623488988376240483283490689013199305138140032073
3	6	5	6	5	5	0.	1.0000000000000000000000000000000000000000000000000000000000000000
3	6	6	2	5	4	-0.2588190451025207623488988376240483283490689013199305138140032073	-0.9659258262890682867497431997288973676339048390084045504023430763
3	6	6	3	5	1	-0.9659258262890682867497431997288973676339048390084045504023430763	-0.2588190451025207623488988376240483283490689013199305138140032073
3	6	6	5	5	6	0.	-1.0000000000000000000000000000000000000000000000000000000000000000
4	1	1	4	4	1	1.000000000000000000000000000000000000000000000000000000000000000	0
4	1	2	3	4	2	1.000000000000000000000000000000000000000000000000000000000000000	0
4	1	3	2	4	3	1.000000000000000000000000000000000000000000000000000000000000000	0
4	1	4	1	4	4	1.000000000000000000000000000000000000000000000000000000000000000	0
4	1	5	5	4	5	1.000000000000000000000000000000000000000000000000000000000000000	0
4	1	6	6	4	6	1.000000000000000000000000000000000000000000000000000000000000000	0
4	2	1	3	3	2	1.000000000000000000000000000000000000000000000000000000000000000	0
4	2	2	4	3	1	-0.5000000000000000000000000000000000000000000000000000000000000000	0.8660254037844386467637231707529361834714026269051903140279034897
4	2	3	1	3	4	1.000000000000000000000000000000000000000000000000000000000000000	0
4	2	4	2	3	3	-1.000000000000000000000000000000000000000000000000000000000000000	0
4	2	5	6	3	6	0.5000000000000000000000000000000000000000000000000000000000000000	-0.8660254037844386467637231707529361834714026269051903140279034897
4	2	6	5	3	5	0.8660254037844386467637231707529361834714026269051903140279034897	0.5000000000000000000000000000000000000000000000000000000000000000
4	3	1	2	2	3	1.000000000000000000000000000000000000000000000000000000000000000	0
4	3	2	1	2	4	1.000000000000000000000000000000000000000000000000000000000000000	0
4	3	3	4	2	1	-0.5000000000000000000000000000000000000000000000000000000000000000	0.8660254037844386467637231707529361834714026269051903140279034897
4	3	4	3	2	2	-1.000000000000000000000000000000000000000000000000000000000000000	0
4	3	5	6	2	6	0.	-1.0000000000000000000000000000000000000000000000000000000000000000
4	3	6	5	2	5	-1.000000000000000000000000000000000000000000000000000000000000000	0
4	4	1	1	1	4	1.000000000000000000000000000000000000000000000000000000000000000	0
4	4	2	2	1	3	-0.5000000000000000000000000000000000000000000000000000000000000000	-0.8660254037844386467637231707529361834714026269051903140279034897
4	4	3	3	1	2	-0.5000000000000000000000000000000000000000000000000000000000000000	-0.8660254037844386467637231707529361834714026269051903140279034897
4	4	4	4	1	1	1.000000000000000000000000000000000000000000000000000000000000000	0
4	4	5	5	1	5	0.	1.0000000000000000000000000000000000000000000000000000000000000000
4	4	6	6	1	6	0.	1.0000000000000000000000000000000000000000000000000000000000000000
4	5	1	5	5	5	1.000000000000000000000000000000000000000000000000000000000000000	0
4	5	2	6	5	6	-1.000000000000000000000000000000000000000000000000000000000000000	0
4	5	3	6	5	6	-1.000000000000000000000000000000000000000000000000000000000000000	0
4	5	4	5	5	5	1.000000000000000000000000000000000000000000000000000000000000000	0
4	5	5	1	5	4	0.9659258262890682867497431997288973676339048390084045504023430763	-0.2588190451025207623488988376240483283490689013199305138140032073
4	5	5	4	5	1	0.2588190451025207623488988376240483283490689013199305138140032073	-0.9659258262890682867497431997288973676339048390084045504023430763
4	5	5	6	5	6	1.000000000000000000000000000000000000000000000000000000000000000	0
4	5	6	2	5	3	-0.2588190451025207623488988376240483283490689013199305138140032073	-0.9659258262890682867497431997288973676339048390084045504023430763
4	5	6	3	5	2	-0.2588190451025207623488988376240483283490689013199305138140032073	-0.9659258262890682867497431997288973676339048390084045504023430763
4	5	6	5	5	5	-1.000000000000000000000000000000000000000000000000000000000000000	0
4	6	1	6	6	6	1.000000000000000000000000000000000000000000000000000000000000000	0
4	6	2	5	6	5	-1.000000000000000000000000000000000000000000000000000000000000000	0
4	6	3	5	6	5	-1.000000000000000000000000000000000000000000000000000000000000000	0
4	6	4	6	6	6	1.000000000000000000000000000000000000000000000000000000000000000	0
4	6	5	2	6	3	0.9659258262890682867497431997288973676339048390084045504023430763	-0.2588190451025207623488988376240483283490689013199305138140032073
4	6	5	3	6	2	-0.9659258262890682867497431997288973676339048390084045504023430763	0.2588190451025207623488988376240483283490689013199305138140032073
4	6	5	5	6	5	1.000000000000000000000000000000000000000000000000000000000000000	0
4	6	6	1	6	4	-0.9659258262890682867497431997288973676339048390084045504023430763	0.2588190451025207623488988376240483283490689013199305138140032073
4	6	6	4	6	1	-0.2588190451025207623488988376240483283490689013199305138140032073	0.9659258262890682867497431997288973676339048390084045504023430763
4	6	6	6	6	6	-1.000000000000000000000000000000000000000000000000000000000000000	0
5	1	1	5	5	1	1.000000000000000000000000000000000000000000000000000000000000000	0
5	1	2	6	5	2	1.000000000000000000000000000000000000000000000000000000000000000	0
5	1	3	6	5	3	1.000000000000000000000000000000000000000000000000000000000000000	0
5	1	4	5	5	4	1.000000000000000000000000000000000000000000000000000000000000000	0
5	1	5	1	5	5	1.000000000000000000000000000000000000000000000000000000000000000	0
5	1	5	4	5	5	1.000000000000000000000000000000000000000000000000000000000000000	0
5	1	5	6	5	5	1.000000000000000000000000000000000000000000000000000000000000000	0
5	1	6	2	5	6	1.000000000000000000000000000000000000000000000000000000000000000	0
5	1	6	3	5	6	1.000000000000000000000000000000000000000000000000000000000000000	0
5	1	6	5	5	6	1.000000000000000000000000000000000000000000000000000000000000000	0
5	2	1	6	6	2	1.000000000000000000000000000000000000000000000000000000000000000	0
5	2	2	5	6	1	0.5000000000000000000000000000000000000000000000000000000000000000	0.8660254037844386467637231707529361834714026269051903140279034897
5	2	3	5	6	4	0.8660254037844386467637231707529361834714026269051903140279034897	-0.5000000000000000000000000000000000000000000000000000000000000000
5	2	4	6	6	3	-0.5000000000000000000000000000000000000000000000000000000000000000	-0.8660254037844386467637231707529361834714026269051903140279034897
5	2	5	2	6	6	-1.000000000000000000000000000000000000000000000000000000000000000	0
5	2	5	3	6	6	0.	-1.0000000000000000000000000000000000000000000000000000000000000000
5	2	5	5	6	6	0.	1.0000000000000000000000000000000000000000000000000000000000000000
5	2	6	1	6	5	-1.000000000000000000000000000000000000000000000000000000000000000	0
5	2	6	4	6	5	-1.000000000000000000000000000000000000000000000000000000000000000	0
5	2	6	6	6	5	-1.000000000000000000000000000000000000000000000000000000000000000	0
5	3	1	6	6	3	1.000000000000000000000000000000000000000000000000000000000000000	0
5	3	2	5	6	4	-0.8660254037844386467637231707529361834714026269051903140279034897	0.5000000000000000000000000000000000000000000000000000000000000000
5	3	3	5	6	1	0.8660254037844386467637231707529361834714026269051903140279034897	0.5000000000000000000000000000000000000000000000000000000000000000
5	3	4	6	6	2	-0.8660254037844386467637231707529361834714026269051903140279034897	-0.5000000000000000000000000000000000000000000000000000000000000000
5	3	5	2	6	6	0.5000000000000000000000000000000000000000000000000000000000000000	0.8660254037844386467637231707529361834714026269051903140279034897
5	3	5	3	6	6	-0.8660254037844386467637231707529361834714026269051903140279034897	0.5000000000000000000000000000000000000000000000000000000000000000
5	3	5	5	6	6	-0.8660254037844386467637231707529361834714026269051903140279034897	0.5000000000000000000000000000000000000000000000000000000000000000
5	3	6	1	6	5	-0.8660254037844386467637231707529361834714026269051903140279034897	0.5000000000000000000000000000000000000000000000000000000000000000
5	3	6	4	6	5	-0.8660254037844386467637231707529361834714026269051903140279034897	0.5000000000000000000000000000000000000000000000000000000000000000
5	3	6	6	6	5	0.8660254037844386467637231707529361834714026269051903140279034897	-0.5000000000000000000000000000000000000000000000000000000000000000
5	4	1	5	5	4	1.000000000000000000000000000000000000000000000000000000000000000	0
5	4	2	6	5	3	-0.8660254037844386467637231707529361834714026269051903140279034897	0.5000000000000000000000000000000000000000000000000000000000000000
5	4	3	6	5	2	0.5000000000000000000000000000000000000000000000000000000000000000	-0.8660254037844386467637231707529361834714026269051903140279034897
5	4	4	5	5	1	-0.8660254037844386467637231707529361834714026269051903140279034897	-0.5000000000000000000000000000000000000000000000000000000000000000
5	4	5	1	5	5	-0.8660254037844386467637231707529361834714026269051903140279034897	0.5000000000000000000000000000000000000000000000000000000000000000
5	4	5	4	5	5	-0.8660254037844386467637231707529361834714026269051903140279034897	0.5000000000000000000000000000000000000000000000000000000000000000
5	4	5	6	5	5	0.8660254037844386467637231707529361834714026269051903140279034897	-0.5000000000000000000000000000000000000000000000000000000000000000
5	4	6	2	5	6	0.8660254037844386467637231707529361834714026269051903140279034897	-0.5000000000000000000000000000000000000000000000000000000000000000
5	4	6	3	5	6	0.8660254037844386467637231707529361834714026269051903140279034897	-0.5000000000000000000000000000000000000000000000000000000000000000
5	4	6	5	5	6	-0.8660254037844386467637231707529361834714026269051903140279034897	0.5000000000000000000000000000000000000000000000000000000000000000
5	5	1	1	1	5	1.000000000000000000000000000000000000000000000000000000000000000	0
5	5	1	4	4	5	1.000000000000000000000000000000000000000000000000000000000000000	0
5	5	1	6	6	5	1.000000000000000000000000000000000000000000000000000000000000000	0
5	5	2	2	1	6	0.	1.0000000000000000000000000000000000000000000000000000000000000000
5	5	2	3	4	6	-0.5000000000000000000000000000000000000000000000000000000000000000	0.8660254037844386467637231707529361834714026269051903140279034897
5	5	2	5	6	6	-1.000000000000000000000000000000000000000000000000000000000000000	0
5	5	3	2	4	6	-0.7071067811865475244008443621048490392848359376884740365883398690	-0.7071067811865475244008443621048490392848359376884740365883398690
5	5	3	3	1	6	-0.9659258262890682867497431997288973676339048390084045504023430763	-0.2588190451025207623488988376240483283490689013199305138140032073
5	5	3	5	6	6	0.	1.0000000000000000000000000000000000000000000000000000000000000000
5	5	4	1	4	5	-0.7071067811865475244008443621048490392848359376884740365883398690	-0.7071067811865475244008443621048490392848359376884740365883398690
5	5	4	4	1	5	0.2588190451025207623488988376240483283490689013199305138140032073	-0.9659258262890682867497431997288973676339048390084045504023430763
5	5	4	6	6	5	1.000000000000000000000000000000000000000000000000000000000000000	0
5	5	5	2	6	6	0.8660254037844386467637231707529361834714026269051903140279034897	-0.5000000000000000000000000000000000000000000000000000000000000000
5	5	5	3	6	6	-0.5000000000000000000000000000000000000000000000000000000000000000	-0.8660254037844386467637231707529361834714026269051903140279034897
5	5	5	5	1	1	-0.500000000000000000000000000000000000000000000000000000000000000	0
5	5	5	5	1	4	-0.1294095225512603811744494188120241641745344506599652569070016037	0.4829629131445341433748715998644486838169524195042022752011715382
5	5	5	5	1	6	-0.6123724356957945245493210186764728479914868701641675321081731418	0.3535533905932737622004221810524245196424179688442370182941699345
5	5	5	5	4	1	-0.1294095225512603811744494188120241641745344506599652569070016037	0.4829629131445341433748715998644486838169524195042022752011715382
5	5	5	5	4	4	0.4330127018922193233818615853764680917357013134525951570139517449	0.2500000000000000000000000000000000000000000000000000000000000000
5	5	5	5	4	6	-0.1830127018922193233818615853764680917357013134525951570139517449	-0.6830127018922193233818615853764680917357013134525951570139517449
5	5	5	5	6	1	-0.6123724356957945245493210186764728479914868701641675321081731418	0.3535533905932737622004221810524245196424179688442370182941699345
5	5	5	5	6	4	-0.1830127018922193233818615853764680917357013134525951570139517449	-0.6830127018922193233818615853764680917357013134525951570139517449
5	5	5	5	6	6	0.	0
5	5	6	1	6	5	-0.8660254037844386467637231707529361834714026269051903140279034897	0.5000000000000000000000000000000000000000000000000000000000000000
5	5	6	4	6	5	0.8660254037844386467637231707529361834714026269051903140279034897	-0.5000000000000000000000000000000000000000000000000000000000000000
5	5	6	6	1	2	0.	-0.5000000000000000000000000000000000000000000000000000000000000000
5	5	6	6	1	3	0.4829629131445341433748715998644486838169524195042022752011715382	0.1294095225512603811744494188120241641745344506599652569070016037
5	5	6	6	1	5	0.6123724356957945245493210186764728479914868701641675321081731418	-0.3535533905932737622004221810524245196424179688442370182941699345
5	5	6	6	4	2	0.4829629131445341433748715998644486838169524195042022752011715382	0.1294095225512603811744494188120241641745344506599652569070016037
5	5	6	6	4	3	-0.2500000000000000000000000000000000000000000000000000000000000000	0.4330127018922193233818615853764680917357013134525951570139517449
5	5	6	6	4	5	-0.1830127018922193233818615853764680917357013134525951570139517449	-0.6830127018922193233818615853764680917357013134525951570139517449
5	5	6	6	6	2	0.6123724356957945245493210186764728479914868701641675321081731418	-0.3535533905932737622004221810524245196424179688442370182941699345
5	5	6	6	6	3	-0.1830127018922193233818615853764680917357013134525951570139517449	-0.6830127018922193233818615853764680917357013134525951570139517449
5	5	6	6	6	5	0.	0
5	6	1	2	2	6	1.000000000000000000000000000000000000000000000000000000000000000	0
5	6	1	3	3	6	1.000000000000000000000000000000000000000000000000000000000000000	0
5	6	1	5	5	6	1.000000000000000000000000000000000000000000000000000000000000000	0
5	6	2	1	2	5	-0.8660254037844386467637231707529361834714026269051903140279034897	-0.5000000000000000000000000000000000000000000000000000000000000000
5	6	2	4	3	5	0.5000000000000000000000000000000000000000000000000000000000000000	-0.8660254037844386467637231707529361834714026269051903140279034897
5	6	2	6	5	5	1.000000000000000000000000000000000000000000000000000000000000000	0
5	6	3	1	3	5	-0.7071067811865475244008443621048490392848359376884740365883398690	0.7071067811865475244008443621048490392848359376884740365883398690
5	6	3	4	2	5	-0.7071067811865475244008443621048490392848359376884740365883398690	-0.7071067811865475244008443621048490392848359376884740365883398690
5	6	3	6	5	5	0.	1.0000000000000000000000000000000000000000000000000000000000000000
5	6	4	2	3	6	0.7071067811865475244008443621048490392848359376884740365883398690	0.7071067811865475244008443621048490392848359376884740365883398690
5	6	4	3	2	6	-0.7071067811865475244008443621048490392848359376884740365883398690	-0.7071067811865475244008443621048490392848359376884740365883398690
5	6	4	5	5	6	1.000000000000000000000000000000000000000000000000000000000000000	0
5	6	5	1	5	5	0.5000000000000000000000000000000000000000000000000000000000000000	0.8660254037844386467637231707529361834714026269051903140279034897
5	6	5	4	5	5	-0.5000000000000000000000000000000000000000000000000000000000000000	-0.8660254037844386467637231707529361834714026269051903140279034897
5	6	5	6	2	2	0.500000000000000000000000000000000000000000000000000000000000000	0
5	6	5	6	2	3	0.4829629131445341433748715998644486838169524195042022752011715382	0.1294095225512603811744494188120241641745344506599652569070016037
5	6	5	6	2	5	-0.6123724356957945245493210186764728479914868701641675321081731418	0.3535533905932737622004221810524245196424179688442370182941699345
5	6	5	6	3	2	0.4829629131445341433748715998644486838169524195042022752011715382	0.1294095225512603811744494188120241641745344506599652569070016037
5	6	5	6	3	3	0.4330127018922193233818615853764680917357013134525951570139517449	0.2500000000000000000000000000000000000000000000000000000000000000
5	6	5	6	3	5	0.6830127018922193233818615853764680917357013134525951570139517449	-0.1830127018922193233818615853764680917357013134525951570139517449
5	6	5	6	5	2	-0.6123724356957945245493210186764728479914868701641675321081731418	0.3535533905932737622004221810524245196424179688442370182941699345
5	6	5	6	5	3	0.6830127018922193233818615853764680917357013134525951570139517449	-0.1830127018922193233818615853764680917357013134525951570139517449
5	6	5	6	5	5	0.	0
5	6	6	2	5	6	0.8660254037844386467637231707529361834714026269051903140279034897	-0.5000000000000000000000000000000000000000000000000000000000000000
5	6	6	3	5	6	-0.8660254037844386467637231707529361834714026269051903140279034897	0.5000000000000000000000000000000000000000000000000000000000000000
5	6	6	5	2	1	0.	-0.5000000000000000000000000000000000000000000000000000000000000000
5	6	6	5	2	4	-0.4829629131445341433748715998644486838169524195042022752011715382	-0.1294095225512603811744494188120241641745344506599652569070016037
5	6	6	5	2	6	-0.3535533905932737622004221810524245196424179688442370182941699345	-0.6123724356957945245493210186764728479914868701641675321081731418
5	6	6	5	3	1	-0.4829629131445341433748715998644486838169524195042022752011715382	-0.1294095225512603811744494188120241641745344506599652569070016037
5	6	6	5	3	4	-0.2500000000000000000000000000000000000000000000000000000000000000	0.4330127018922193233818615853764680917357013134525951570139517449
5	6	6	5	3	6	0.6830127018922193233818615853764680917357013134525951570139517449	-0.1830127018922193233818615853764680917357013134525951570139517449
5	6	6	5	5	1	-0.3535533905932737622004221810524245196424179688442370182941699345	-0.6123724356957945245493210186764728479914868701641675321081731418
5	6	6	5	5	4	0.6830127018922193233818615853764680917357013134525951570139517449	-0.1830127018922193233818615853764680917357013134525951570139517449
5	6	6	5	5	6	0.	0
6	1	1	6	6	1	1.000000000000000000000000000000000000000000000000000000000000000	0
6	1	2	5	6	2	1.000000000000000000000000000000000000000000000000000000000000000	0
6	1	3	5	6	3	1.000000000000000000000000000000000000000000000000000000000000000	0
6	1	4	6	6	4	1.000000000000000000000000000000000000000000000000000000000000000	0
6	1	5	2	6	5	1.000000000000000000000000000000000000000000000000000000000000000	0
6	1	5	3	6	5	1.000000000000000000000000000000000000000000000000000000000000000	0
6	1	5	5	6	5	1.000000000000000000000000000000000000000000000000000000000000000	0
6	1	6	1	6	6	1.000000000000000000000000000000000000000000000000000000000000000	0
6	1	6	4	6	6	1.000000000000000000000000000000000000000000000000000000000000000	0
6	1	6	6	6	6	1.000000000000000000000000000000000000000000000000000000000000000	0
6	2	1	5	5	2	1.000000000000000000000000000000000000000000000000000000000000000	0
6	2	2	6	5	1	-0.5000000000000000000000000000000000000000000000000000000000000000	-0.8660254037844386467637231707529361834714026269051903140279034897
6	2	3	6	5	4	-0.5000000000000000000000000000000000000000000000000000000000000000	-0.8660254037844386467637231707529361834714026269051903140279034897
6	2	4	5	5	3	0.8660254037844386467637231707529361834714026269051903140279034897	-0.5000000000000000000000000000000000000000000000000000000000000000
6	2	5	1	5	6	-1.000000000000000000000000000000000000000000000000000000000000000	0
6	2	5	4	5	6	-1.000000000000000000000000000000000000000000000000000000000000000	0
6	2	5	6	5	6	-1.000000000000000000000000000000000000000000000000000000000000000	0
6	2	6	2	5	5	1.000000000000000000000000000000000000000000000000000000000000000	0
6	2	6	3	5	5	0.	-1.0000000000000000000000000000000000000000000000000000000000000000
6	2	6	5	5	5	0.	1.0000000000000000000000000000000000000000000000000000000000000000
6	3	1	5	5	3	1.000000000000000000000000000000000000000000000000000000000000000	0
6	3	2	6	5	4	-0.5000000000000000000000000000000000000000000000000000000000000000	-0.8660254037844386467637231707529361834714026269051903140279034897
6	3	3	6	5	1	-0.8660254037844386467637231707529361834714026269051903140279034897	-0.5000000000000000000000000000000000000000000000000000000000000000
6	3	4	5	5	2	-0.5000000000000000000000000000000000000000000000000000000000000000	0.8660254037844386467637231707529361834714026269051903140279034897
6	3	5	1	5	6	-0.8660254037844386467637231707529361834714026269051903140279034897	0.5000000000000000000000000000000000000000000000000000000000000000
6	3	5	4	5	6	-0.8660254037844386467637231707529361834714026269051903140279034897	0.5000000000000000000000000000000000000000000000000000000000000000
6	3	5	6	5	6	0.8660254037844386467637231707529361834714026269051903140279034897	-0.5000000000000000000000000000000000000000000000000000000000000000
6	3	6	2	5	5	0.5000000000000000000000000000000000000000000000000000000000000000	0.8660254037844386467637231707529361834714026269051903140279034897
6	3	6	3	5	5	0.8660254037844386467637231707529361834714026269051903140279034897	-0.5000000000000000000000000000000000000000000000000000000000000000
6	3	6	5	5	5	0.8660254037844386467637231707529361834714026269051903140279034897	-0.5000000000000000000000000000000000000000000000000000000000000000
6	4	1	6	6	4	1.000000000000000000000000000000000000000000000000000000000000000	0
6	4	2	5	6	3	-0.5000000000000000000000000000000000000000000000000000000000000000	-0.8660254037844386467637231707529361834714026269051903140279034897
6	4	3	5	6	2	-0.8660254037844386467637231707529361834714026269051903140279034897	-0.5000000000000000000000000000000000000000000000000000000000000000
6	4	4	6	6	1	-0.8660254037844386467637231707529361834714026269051903140279034897	-0.5000000000000000000000000000000000000000000000000000000000000000
6	4	5	2	6	5	0.8660254037844386467637231707529361834714026269051903140279034897	-0.5000000000000000000000000000000000000000000000000000000000000000
6	4	5	3	6	5	0.8660254037844386467637231707529361834714026269051903140279034897	-0.5000000000000000000000000000000000000000000000000000000000000000
6	4	5	5	6	5	-0.8660254037844386467637231707529361834714026269051903140279034897	0.5000000000000000000000000000000000000000000000000000000000000000
6	4	6	1	6	6	-0.8660254037844386467637231707529361834714026269051903140279034897	0.5000000000000000000000000000000000000000000000000000000000000000
6	4	6	4	6	6	-0.8660254037844386467637231707529361834714026269051903140279034897	0.5000000000000000000000000000000000000000000000000000000000000000
6	4	6	6	6	6	0.8660254037844386467637231707529361834714026269051903140279034897	-0.5000000000000000000000000000000000000000000000000000000000000000
6	5	1	2	2	5	1.000000000000000000000000000000000000000000000000000000000000000	0
6	5	1	3	3	5	1.000000000000000000000000000000000000000000000000000000000000000	0
6	5	1	5	5	5	1.000000000000000000000000000000000000000000000000000000000000000	0
6	5	2	1	2	6	-0.8660254037844386467637231707529361834714026269051903140279034897	-0.5000000000000000000000000000000000000000000000000000000000000000
6	5	2	4	3	6	0.8660254037844386467637231707529361834714026269051903140279034897	0.5000000000000000000000000000000000000000000000000000000000000000
6	5	2	6	5	6	0.	-1.0000000000000000000000000000000000000000000000000000000000000000
6	5	3	1	3	6	0.7071067811865475244008443621048490392848359376884740365883398690	-0.7071067811865475244008443621048490392848359376884740365883398690
6	5	3	4	2	6	0.7071067811865475244008443621048490392848359376884740365883398690	-0.7071067811865475244008443621048490392848359376884740365883398690
6	5	3	6	5	6	0.	1.0000000000000000000000000000000000000000000000000000000000000000
6	5	4	2	3	5	0.7071067811865475244008443621048490392848359376884740365883398690	-0.7071067811865475244008443621048490392848359376884740365883398690
6	5	4	3	2	5	0.7071067811865475244008443621048490392848359376884740365883398690	-0.7071067811865475244008443621048490392848359376884740365883398690
6	5	4	5	5	5	-1.000000000000000000000000000000000000000000000000000000000000000	0
6	5	5	1	5	6	-0.8660254037844386467637231707529361834714026269051903140279034897	0.5000000000000000000000000000000000000000000000000000000000000000
6	5	5	4	5	6	0.8660254037844386467637231707529361834714026269051903140279034897	-0.5000000000000000000000000000000000000000000000000000000000000000
6	5	5	6	2	1	0.	-0.5000000000000000000000000000000000000000000000000000000000000000
6	5	5	6	2	4	0.4829629131445341433748715998644486838169524195042022752011715382	0.1294095225512603811744494188120241641745344506599652569070016037
6	5	5	6	2	6	0.6123724356957945245493210186764728479914868701641675321081731418	-0.3535533905932737622004221810524245196424179688442370182941699345
6	5	5	6	3	1	0.4829629131445341433748715998644486838169524195042022752011715382	0.1294095225512603811744494188120241641745344506599652569070016037
6	5	5	6	3	4	-0.2500000000000000000000000000000000000000000000000000000000000000	0.4330127018922193233818615853764680917357013134525951570139517449
6	5	5	6	3	6	-0.1830127018922193233818615853764680917357013134525951570139517449	-0.6830127018922193233818615853764680917357013134525951570139517449
6	5	5	6	5	1	0.6123724356957945245493210186764728479914868701641675321081731418	-0.3535533905932737622004221810524245196424179688442370182941699345
6	5	5	6	5	4	-0.1830127018922193233818615853764680917357013134525951570139517449	-0.6830127018922193233818615853764680917357013134525951570139517449
6	5	5	6	5	6	0.	0
6	5	6	2	5	5	-0.8660254037844386467637231707529361834714026269051903140279034897	0.5000000000000000000000000000000000000000000000000000000000000000
6	5	6	3	5	5	-0.5000000000000000000000000000000000000000000000000000000000000000	-0.8660254037844386467637231707529361834714026269051903140279034897
6	5	6	5	2	2	0.500000000000000000000000000000000000000000000000000000000000000	0
6	5	6	5	2	3	0.4829629131445341433748715998644486838169524195042022752011715382	0.1294095225512603811744494188120241641745344506599652569070016037
6	5	6	5	2	5	-0.3535533905932737622004221810524245196424179688442370182941699345	-0.6123724356957945245493210186764728479914868701641675321081731418
6	5	6	5	3	2	0.4829629131445341433748715998644486838169524195042022752011715382	0.1294095225512603811744494188120241641745344506599652569070016037
6	5	6	5	3	3	0.4330127018922193233818615853764680917357013134525951570139517449	0.2500000000000000000000000000000000000000000000000000000000000000
6	5	6	5	3	5	0.1830127018922193233818615853764680917357013134525951570139517449	0.6830127018922193233818615853764680917357013134525951570139517449
6	5	6	5	5	2	-0.3535533905932737622004221810524245196424179688442370182941699345	-0.6123724356957945245493210186764728479914868701641675321081731418
6	5	6	5	5	3	0.1830127018922193233818615853764680917357013134525951570139517449	0.6830127018922193233818615853764680917357013134525951570139517449
6	5	6	5	5	5	0.	0
6	6	1	1	1	6	1.000000000000000000000000000000000000000000000000000000000000000	0
6	6	1	4	4	6	1.000000000000000000000000000000000000000000000000000000000000000	0
6	6	1	6	6	6	1.000000000000000000000000000000000000000000000000000000000000000	0
6	6	2	2	1	5	0.	-1.0000000000000000000000000000000000000000000000000000000000000000
6	6	2	3	4	5	-0.8660254037844386467637231707529361834714026269051903140279034897	-0.5000000000000000000000000000000000000000000000000000000000000000
6	6	2	5	6	5	0.	1.0000000000000000000000000000000000000000000000000000000000000000
6	6	3	2	4	5	0.7071067811865475244008443621048490392848359376884740365883398690	-0.7071067811865475244008443621048490392848359376884740365883398690
6	6	3	3	1	5	-0.9659258262890682867497431997288973676339048390084045504023430763	-0.2588190451025207623488988376240483283490689013199305138140032073
6	6	3	5	6	5	0.	-1.0000000000000000000000000000000000000000000000000000000000000000
6	6	4	1	4	6	0.7071067811865475244008443621048490392848359376884740365883398690	0.7071067811865475244008443621048490392848359376884740365883398690
6	6	4	4	1	6	-0.2588190451025207623488988376240483283490689013199305138140032073	0.9659258262890682867497431997288973676339048390084045504023430763
6	6	4	6	6	6	-1.000000000000000000000000000000000000000000000000000000000000000	0
6	6	5	2	6	5	0.8660254037844386467637231707529361834714026269051903140279034897	-0.5000000000000000000000000000000000000000000000000000000000000000
6	6	5	3	6	5	-0.8660254037844386467637231707529361834714026269051903140279034897	0.5000000000000000000000000000000000000000000000000000000000000000
6	6	5	5	1	2	0.	-0.5000000000000000000000000000000000000000000000000000000000000000
6	6	5	5	1	3	-0.4829629131445341433748715998644486838169524195042022752011715382	-0.1294095225512603811744494188120241641745344506599652569070016037
6	6	5	5	1	5	-0.3535533905932737622004221810524245196424179688442370182941699345	-0.6123724356957945245493210186764728479914868701641675321081731418
6	6	5	5	4	2	-0.4829629131445341433748715998644486838169524195042022752011715382	-0.1294095225512603811744494188120241641745344506599652569070016037
6	6	5	5	4	3	-0.2500000000000000000000000000000000000000000000000000000000000000	0.4330127018922193233818615853764680917357013134525951570139517449
6	6	5	5	4	5	0.6830127018922193233818615853764680917357013134525951570139517449	-0.1830127018922193233818615853764680917357013134525951570139517449
6	6	5	5	6	2	-0.3535533905932737622004221810524245196424179688442370182941699345	-0.6123724356957945245493210186764728479914868701641675321081731418
6	6	5	5	6	3	0.6830127018922193233818615853764680917357013134525951570139517449	-0.1830127018922193233818615853764680917357013134525951570139517449
6	6	5	5	6	5	0.	0
6	6	6	1	6	6	-0.5000000000000000000000000000000000000000000000000000000000000000	-0.8660254037844386467637231707529361834714026269051903140279034897
6	6	6	4	6	6	0.5000000000000000000000000000000000000000000000000000000000000000	0.8660254037844386467637231707529361834714026269051903140279034897
6	6	6	6	1	1	0.500000000000000000000000000000000000000000000000000000000000000	0
6	6	6	6	1	4	-0.1294095225512603811744494188120241641745344506599652569070016037	0.4829629131445341433748715998644486838169524195042022752011715382
6	6	6	6	1	6	0.3535533905932737622004221810524245196424179688442370182941699345	0.6123724356957945245493210186764728479914868701641675321081731418
6	6	6	6	4	1	-0.1294095225512603811744494188120241641745344506599652569070016037	0.4829629131445341433748715998644486838169524195042022752011715382
6	6	6	6	4	4	-0.4330127018922193233818615853764680917357013134525951570139517449	-0.2500000000000000000000000000000000000000000000000000000000000000
6	6	6	6	4	6	0.6830127018922193233818615853764680917357013134525951570139517449	-0.1830127018922193233818615853764680917357013134525951570139517449
6	6	6	6	6	1	0.3535533905932737622004221810524245196424179688442370182941699345	0.6123724356957945245493210186764728479914868701641675321081731418
6	6	6	6	6	4	0.6830127018922193233818615853764680917357013134525951570139517449	-0.1830127018922193233818615853764680917357013134525951570139517449
6	6	6	6	6	6	0.	0