1	1	1	1.000000000000000000000000000000000000000000000000000000000000000	0
1	2	2	1.000000000000000000000000000000000000000000000000000000000000000	0
1	3	3	1.000000000000000000000000000000000000000000000000000000000000000	0
1	4	4	1.000000000000000000000000000000000000000000000000000000000000000	0
1	5	5	1.000000000000000000000000000000000000000000000000000000000000000	0
1	6	6	1.000000000000000000000000000000000000000000000000000000000000000	0
2	1	2	1.000000000000000000000000000000000000000000000000000000000000000	0
2	2	1	0.1205366802553230533490676874525435822736811592275714047969488240	0.9927088740980539928007516494925201793436756329701668557709975605
2	2	3	-0.8854560256532098959003755220150988786054984163475349018024038087	0.4647231720437685456560153351331047775577358653324689769540246850
2	3	2	-0.0731306163545019193568312445136920718099805298303245074675544635	0.1928295875991489245930162279620403280319825027981432944384307446
2	3	4	-0.1171527144033135934294741877524849986255713948898812639393527242	0.1697250082043975982211342260531381886886079398825930499439948359
2	4	3	0.1543663225237951260105441174649212188699209631096592850383507858	-0.1367566282581098658309499288637135717869290231279173731517804862
2	4	5	0.3588549726460845505725317739274796759007816882259286626361837642	-2.9554365949467951349798223512841574833026502178982938050693588921
2	5	4	8.4031900691817289990633107489067060500569088458269102920250169625	-2.0712003309034478279863236154533996250465818831856561687991551371
2	5	6	-0.2125937399370807118588692849000955322808206285652796477010748372	-0.5605636222113473010589816952702679561085201074337175479774070972
2	6	5	-0.5821018259208326713370132545786317649962569250537785459276446180	-0.1434752141199790117457873661230487166523887806370574423317773065
2	6	6	-0.2398521142966372572671508717436115675142876525011279718235915035	-0.2124904311737468740798991263098097478967150448518097264527611105
3	1	3	1.000000000000000000000000000000000000000000000000000000000000000	0
3	2	2	-1.7194525655971531257916128759951406110963166959148297226572757656	4.5338238025117737442862773647907825147254237818978935247319466185
3	2	4	-2.7545034540796340478840738091689938447256311657509324406689838719	3.9905871897534473877131216769680526945272105445036057622985691154
3	3	1	-0.7485107481711010986346305997013513838464515901758261340696312391	-0.6631226582407952023767854926667662795247641070441061881807863297
3	3	3	0.3546048870425356259696378926000184743163554321137947534217393687	-0.9350162426854148234397845998378307290505174695784318706963802701
3	3	5	-0.3546048870425356259696378926000184743163554321137947534217393687	-0.9350162426854148234397845998378307290505174695784318706963802701
3	4	2	0.1205366802553230533490676874525435822736811592275714047969488240	-0.9927088740980539928007516494925201793436756329701668557709975605
3	4	4	0.1205366802553230533490676874525435822736811592275714047969488240	-0.3178291050021155780658940789498369378436503948001247988345125368
3	4	6	-4.7644518356628939047098459208840889237588539296824577873239354264	-1.1743319069729725905885383260980426242536904923167378840515399888
3	5	3	-12.6310068587245239491958383737795778940550064116607233077694869900	6.6292637956388141696731081733393368551810215636489202297235721251
3	5	5	-0.3504051371707289738079145888412456449761839465114321837906957025	0.9239424123778134051668437078438773420512561313541188676275962764
3	5	6	-0.7485107481711010986346305997013513838464515901758261340696312391	0.6631226582407952023767854926667662795247641070441061881807863297
3	6	4	0.8854560256532098959003755220150988786054984163475349018024038087	0.4647231720437685456560153351331047775577358653324689769540246850
3	6	5	-0.1940491948151041581236584094361992286338081446998884361877290460	-1.5981389009262100258165700925045970085752815766225380588771665998
3	6	6	1.0680647467311558025118075591275166245334925524535181694796625016	-2.8162552827804747971245833508700100702735200521868678782470291267
4	1	4	1.000000000000000000000000000000000000000000000000000000000000000	0
4	2	3	3.6294726140236823253467178388776688496813954531652835970821459079	-3.2154321547208937564761690079028376766069966609686415092484052402
4	2	5	0.0404873622896765302522154543428990833004096631533862889204611014	-0.3334434277487068966010845672894038518839423939154897831424677173
4	3	2	0.1205366802553230533490676874525435822736811592275714047969488240	-0.9927088740980539928007516494925201793436756329701668557709975605
4	3	4	1.0432063140290144818305131391800786811235291437948843276983506943	-2.7507089826771252108201536727697328990492607956361725322943805552
4	3	6	-0.1978670464816316248676222357250084834238331746602584818955469538	-0.0487698467812415273714461971721381141672458741856291630064293550
4	4	1	0.5680647467311558025118075591275166245334925524535181694796625016	0.8229838658936563945796174234393819906550676930875738058270027246
4	4	3	-0.5680647467311558025118075591275166245334925524535181694796625016	0.8229838658936563945796174234393819906550676930875738058270027246
4	4	5	0.1205366802553230533490676874525435822736811592275714047969488240	0.9927088740980539928007516494925201793436756329701668557709975605
4	4	6	0.3546048870425356259696378926000184743163554321137947534217393687	-0.9350162426854148234397845998378307290505174695784318706963802701
4	5	2	-2.1759518416393166269345347577350533465424044843642305258000795976	1.9277251167834688162405362493303509083941931025485987264673778306
4	5	4	-2.5740574526396887517612507685951590854126721280286244760790151343	1.3509695679479418417243537377987973924410074607252716846439756001
4	5	5	1.5989158853418300724425451885425970288226355366872583178603269416	0.8391757925178360680368182397006675504997332274771832996729978579
4	5	6	0.5482721836523605986755368245662541284000171211716906656862426562	0.7943093879010273360799814919588586773766473912585296445442359158
4	6	3	-0.1525380906890973489402923531162371615523507718511737018951487487	-0.1351369561865097552320491783073508777388243394064083093638134542
4	6	4	-0.0611425582869019851444914647591274008838639752408646751495902307	0.0885802882138664191787328347363183273365165060504373478106684996
4	6	5	-2.941883634852104054313964552587578454499730211478007177175289053	0
4	6	6	-2.5740574526396887517612507685951590854126721280286244760790151343	-1.3509695679479418417243537377987973924410074607252716846439756001
5	1	5	1.000000000000000000000000000000000000000000000000000000000000000	0
5	2	4	0.1121869200940737796910941333681557325589755973620417317101837202	-0.0276515923249265226910687464102389870627382757594450924180210809
5	2	6	-0.5914784976813750805060499637463328095235462649665749933845933505	-1.5596006223820445612986318657435512177385569209543684652966213500
5	3	3	-0.0620720408226228532623643496598741636543129768784118628803098688	0.0325779201570618539142453809108525543225803397960196691604342217
5	3	5	-0.3588549726460845505725317739274796759007816882259286626361837642	0.9462227974096451502450141511943486121724851130300041368542685865
5	3	6	-0.7485107481711010986346305997013513838464515901758261340696312391	0.6631226582407952023767854926667662795247641070441061881807863297
5	4	2	-0.2574819577374318506148126097662910770327279853992801725297213936	0.2281091095633274403435241749036940120812053792867337471972714023
5	4	4	-0.3045900830851910026475517398935830866215849914791316903505884752	0.1598612076528611922028319307726157111303035860434676176462163949
5	4	5	0.4903524822995680455754935333850881488331940813788385684578386134	0.2573568357905556060367358740516186210198008810704633815815230526
5	4	6	0.5885718190717896092167029411671894314176328304117634481343095387	0.8526934892599571782023714408094145007692448306626703417975124821
5	5	1	0.5680647467311558025118075591275166245334925524535181694796625016	-0.8229838658936563945796174234393819906550676930875738058270027246
5	5	3	0.9709418174260520271569822762937892272498651057390035885876445265	0.2393156642875577671487537262602118952031730227383060133551597187
5	5	4	0.1205366802553230533490676874525435822736811592275714047969488240	-0.9927088740980539928007516494925201793436756329701668557709975605
5	5	5	0.8854560256532098959003755220150988786054984163475349018024038087	-0.4647231720437685456560153351331047775577358653324689769540246850
5	5	6	-1.000000000000000000000000000000000000000000000000000000000000000	0
5	6	2	0.5680647467311558025118075591275166245334925524535181694796625016	0.8229838658936563945796174234393819906550676930875738058270027246
5	6	3	1.5630966232415283101073566965900941947539408941032859750543091092	-0.3852687154090719707100935396455085934848664286376305812450813612
5	6	4	-1.0808659425680188932528237821215157919839134248684032114518153335	-2.8500092621265861633705271903468391156780030160669820316760551955
5	6	5	0.0633497976431479757809051249408687995438603723431257697029575151	-0.0917780264801623986540551750059364488138838773290424951897298112
5	6	6	0.0999283331567306572706671488325668404481440066810714722300814122	-0.0524464350755124531594303441483648036853348358123126433368400022
6	1	6	1.000000000000000000000000000000000000000000000000000000000000000	0
6	2	5	-1.6195242324404224685209457271625737706481726892337582504271943534	-0.3991768719404189593515856570328276063334766087817736310013761135
6	2	6	-2.3358907707386281163524624162692152989712232441282932117354012981	-2.0694186436695751858360757771172783198613234271439212167929215398
6	3	4	0.8854560256532098959003755220150988786054984163475349018024038087	0.4647231720437685456560153351331047775577358653324689769540246850
6	3	5	-0.0748732366594859440033805726538733311047338492932969048524627008	-0.6166365815523863598210479943685947123535735871039434692640573557
6	3	6	0.1177312764036961714332258214537041391091645992610145134588853869	-0.3104318629887850855809373339321102403624780182024952760961391902
6	4	3	-3.6729733379815188242037959571377561142353076647158827939393420759	-3.2539704332650592209941072346638834674437213166368111028289504900
6	4	4	-5.2777895711285727019059181247136452508640818241374879032716742955	7.6461982364067587569117334300559899296999120393354549491177660688
6	4	5	-0.339918271461567355370183096534821771326449817578248438401453930	0
6	4	6	-0.3045900830851910026475517398935830866215849914791316903505884752	-0.1598612076528611922028319307726157111303035860434676176462163949
6	5	2	0.5680647467311558025118075591275166245334925524535181694796625016	0.8229838658936563945796174234393819906550676930875738058270027246
6	5	3	0.6031156352136367246042684923013698581628070222896208874913706078	-0.1486546529286308653976023794160978280083359425918953514883280785
6	5	4	-0.1163369303835164011873443836937707529335096736252088351659051578	-0.3067552746945141597929531869558835508443890565758117957657285431
6	5	5	5.0939003514502262280386920807251099537904023298202233194558357089	-7.3797887086585493250336147330308250951131209716598579389494855028
6	5	6	7.8459466759630376484075919142755122284706153294317655878786841518	-4.1178704772492467260017082268298158513349337907510537107843512886
6	6	1	-0.3546048870425356259696378926000184743163554321137947534217393687	-0.9350162426854148234397845998378307290505174695784318706963802701
6	6	2	-0.8854560256532098959003755220150988786054984163475349018024038087	-0.4647231720437685456560153351331047775577358653324689769540246850
6	6	3	0.7485107481711010986346305997013513838464515901758261340696312391	-0.6631226582407952023767854926667662795247641070441061881807863297
6	6	4	-0.7485107481711010986346305997013513838464515901758261340696312391	-0.6631226582407952023767854926667662795247641070441061881807863297
6	6	5	0.1205366802553230533490676874525435822736811592275714047969488240	-0.9927088740980539928007516494925201793436756329701668557709975605
6	6	6	-0.5680647467311558025118075591275166245334925524535181694796625016	0.8229838658936563945796174234393819906550676930875738058270027246