1	1	1	1.000000000000000000000000000000000000000000000000000000000000000	0
1	2	2	1.000000000000000000000000000000000000000000000000000000000000000	0
1	3	3	1.000000000000000000000000000000000000000000000000000000000000000	0
1	4	4	1.000000000000000000000000000000000000000000000000000000000000000	0
1	5	5	1.000000000000000000000000000000000000000000000000000000000000000	0
2	1	2	1.000000000000000000000000000000000000000000000000000000000000000	0
2	2	1	-0.6548607339452850640569250724662935531837911993369284276062956045	-0.7557495743542582837740358439723444201797174451692235695799998831
2	2	3	0.9594929736144973898903680570663276990624548484221619550444950590	-0.2817325568414296977114179153466168990357778989732668718310803061
2	3	2	-0.6318913314458768226405293181562483583257686836345200546278793336	-1.3836490128673469574743333117047559812041805973906008685050240273
2	3	4	1.2796379483324758358074815524590361158953199245874830840472897209	-0.8223733742970272798190538696653085944675485068713807118668301954
2	4	3	-0.2164763184439903971112551689266251548017637731699832422016560013	-1.5056258662490368786895661469277100536090991977014766779283113129
2	4	5	-0.3451392660547149359430749275337064468162088006630715723937043955	0.3983119461787512369103530754235754820202886688276746673356827058
2	5	4	0.0079585675908606415506418917164536082482443865336290751652582417	-0.0553530534389209251702148095299898981170875386087186671364569733
2	5	5	-0.0670473631120192057774896621467496903964724536600335155966879975	0.1468132464691833570093946803906545016041093824562296593693413070
3	1	3	1.000000000000000000000000000000000000000000000000000000000000000	0
3	2	2	-0.2731001747286012850854814806132535347329535493385524840081405458	-0.5980059677547501297568127326418399201082637386037664534918501611
3	2	4	0.5530529220575025337227643467835961853302849897887821441437177590	-0.3554255313152754243847207997556106116000231842446149559246738787
3	3	1	-0.6548607339452850640569250724662935531837911993369284276062956045	0.7557495743542582837740358439723444201797174451692235695799998831
3	3	3	-0.4154150130018864255292741492296232035240049104645368124262233324	-0.9096319953545183714117153830790284600602410511946441707561044503
3	3	5	0.4154150130018864255292741492296232035240049104645368124262233324	-0.9096319953545183714117153830790284600602410511946441707561044503
3	4	2	-0.9594929736144973898903680570663276990624548484221619550444950590	0.2817325568414296977114179153466168990357778989732668718310803061
3	4	4	-1.7566685458330675943910857981489909210372974088850747110688734501	-3.8465675637856574566849765632537370267124968184804954707619045347
3	4	5	0.2085177508531297555606132772101715465535193866363541670363977596	1.4502728128101159535193513373977201554920116590927580107918543396
3	5	3	-0.1491674108735851039955940541734587846554292522376615045455194539	-0.0437995037155071827298181493184220716480458716537372386604195895
3	5	4	-0.6548607339452850640569250724662935531837911993369284276062956045	-0.7557495743542582837740358439723444201797174451692235695799998831
3	5	5	0.1863927988858961048048865764530741643295012990836094710363545132	0.4081432983008757816434054112207243551560077879106457049842585848
4	1	4	1.000000000000000000000000000000000000000000000000000000000000000	0
4	2	3	-0.0935599484430051438323962897172684862678301413666201890992227000	-0.6507237347403504870154973441069536636642483422697972025514348671
4	2	5	-1.2425204056480000898394153343903158556551381189798249511508262324	1.4339449886354227744952252313118746676042595045270625401543610387
4	3	2	-0.9594929736144973898903680570663276990624548484221619550444950590	0.2817325568414296977114179153466168990357778989732668718310803061
4	3	4	-0.0982368776606741760826987607796651732526014231683591857998110599	-0.2151087568986607016663998896536527247479468372711097295442499937
4	3	5	0.0971308826701134980838582546203006808687349277464072867619894856	0.6755601278278439228096591892746540928634391244151510524974888884
4	4	1	0.4154150130018864255292741492296232035240049104645368124262233324	0.9096319953545183714117153830790284600602410511946441707561044503
4	4	3	-1.000000000000000000000000000000000000000000000000000000000000000	0
4	4	4	-0.8412535328311811688618116489193677175132924984205378986426501177	-0.5406408174555975821076359543186916954317706078981138400357498893
4	4	5	-0.6548607339452850640569250724662935531837911993369284276062956045	-0.7557495743542582837740358439723444201797174451692235695799998831
4	5	2	0.0440779606126109643610939078367044955384499379576251426182717266	-0.0965172707011075399885027607835358152040304753197679877200042955
4	5	3	0.6548607339452850640569250724662935531837911993369284276062956045	-0.1922844606713988883512000132791106221081616472226898259178392709
4	5	4	0.1018078118877825303341607256826973678535062095481462834625778456	0.0298934707583385439434847350905716409161994136176108454331739832
4	5	5	-0.1989386945578960284180189803029980487222411372945535702245673311	-0.1278501358411696100737383762399328591552542929478462706549757388
5	1	5	1.000000000000000000000000000000000000000000000000000000000000000	0
5	2	4	2.5448691566067462295301331002847624532203049175168304655678058088	-17.6999537683742324287033621323152795935982884160260777485249096446
5	2	5	-2.5738466811742798438376611865989489513087008961812523376952857225	5.6359380837363556555649225943212223059167795072521729668409394522
5	3	3	-6.1717687598385286070905586336673075898592908034868649474068092902	-1.8121948161779600121951459074420273818440678788200973997054456403
5	3	4	-0.6548607339452850640569250724662935531837911993369284276062956045	-0.7557495743542582837740358439723444201797174451692235695799998831
5	3	5	0.9258385198292947433325374996897445139892875879560010862164267853	2.0273035730766207138615457970956801065920147160912071292496956341
5	4	2	3.9151002140054610126994728355183166688219933946017902363379358402	-8.5728736521674947408381837744959308725690352745380242668467395365
5	4	3	1.4058359567066526983866798523224497056927266611227362156143929039	-0.4127906816144279720338975780787588362765163149502675693807741505
5	4	4	9.0427910132313786554289375613489197631428342601310300411264734038	2.6552030115897093875618432648280916676164778683125844281747197783
5	4	5	-3.5574150522787461531432655041346863376130447557277745647560186267	-2.2862118336907885982577638360677549029880074250160540974543652173
5	5	1	0.8412535328311811688618116489193677175132924984205378986426501177	0.5406408174555975821076359543186916954317706078981138400357498893
5	5	2	-0.1423148382732851404437926686163696687910513611259843284180827866	0.9898214418809327323760920377767187873765193719487166878386154449
5	5	3	-0.8412535328311811688618116489193677175132924984205378986426501177	0.5406408174555975821076359543186916954317706078981138400357498893
5	5	4	-1.000000000000000000000000000000000000000000000000000000000000000	0
5	5	5	-0.9594929736144973898903680570663276990624548484221619550444950590	-0.2817325568414296977114179153466168990357778989732668718310803061