1	1	1	1	1	1	1.000000000000000000000000000000000000000000000000000000000000000	0
1	1	2	2	1	2	1.000000000000000000000000000000000000000000000000000000000000000	0
1	1	3	3	1	3	1.000000000000000000000000000000000000000000000000000000000000000	0
1	1	4	4	1	4	1.000000000000000000000000000000000000000000000000000000000000000	0
1	2	1	2	2	2	1.000000000000000000000000000000000000000000000000000000000000000	0
1	2	2	1	2	1	1.000000000000000000000000000000000000000000000000000000000000000	0
1	2	3	4	2	4	1.000000000000000000000000000000000000000000000000000000000000000	0
1	2	4	3	2	3	1.000000000000000000000000000000000000000000000000000000000000000	0
1	3	1	3	3	3	1.000000000000000000000000000000000000000000000000000000000000000	0
1	3	2	4	3	4	1.000000000000000000000000000000000000000000000000000000000000000	0
1	3	3	1	3	1	1.000000000000000000000000000000000000000000000000000000000000000	0
1	3	3	3	3	3	1.000000000000000000000000000000000000000000000000000000000000000	0
1	3	3	4	3	4	1.000000000000000000000000000000000000000000000000000000000000000	0
1	3	4	2	3	2	1.000000000000000000000000000000000000000000000000000000000000000	0
1	3	4	3	3	3	1.000000000000000000000000000000000000000000000000000000000000000	0
1	3	4	4	3	4	1.000000000000000000000000000000000000000000000000000000000000000	0
1	4	1	4	4	4	1.000000000000000000000000000000000000000000000000000000000000000	0
1	4	2	3	4	3	1.000000000000000000000000000000000000000000000000000000000000000	0
1	4	3	2	4	2	1.000000000000000000000000000000000000000000000000000000000000000	0
1	4	3	3	4	3	1.000000000000000000000000000000000000000000000000000000000000000	0
1	4	3	4	4	4	1.000000000000000000000000000000000000000000000000000000000000000	0
1	4	4	1	4	1	1.000000000000000000000000000000000000000000000000000000000000000	0
1	4	4	3	4	3	1.000000000000000000000000000000000000000000000000000000000000000	0
1	4	4	4	4	4	1.000000000000000000000000000000000000000000000000000000000000000	0
2	1	1	2	2	1	1.000000000000000000000000000000000000000000000000000000000000000	0
2	1	2	1	2	2	1.000000000000000000000000000000000000000000000000000000000000000	0
2	1	3	4	2	3	1.000000000000000000000000000000000000000000000000000000000000000	0
2	1	4	3	2	4	1.000000000000000000000000000000000000000000000000000000000000000	0
2	2	1	1	1	2	1.000000000000000000000000000000000000000000000000000000000000000	0
2	2	2	2	1	1	1.000000000000000000000000000000000000000000000000000000000000000	0
2	2	3	3	1	4	-1.000000000000000000000000000000000000000000000000000000000000000	0
2	2	4	4	1	3	-1.000000000000000000000000000000000000000000000000000000000000000	0
2	3	1	4	4	3	1.000000000000000000000000000000000000000000000000000000000000000	0
2	3	2	3	4	4	1.000000000000000000000000000000000000000000000000000000000000000	0
2	3	3	2	4	1	-1.000000000000000000000000000000000000000000000000000000000000000	0
2	3	3	3	4	4	-1.000000000000000000000000000000000000000000000000000000000000000	0
2	3	3	4	4	3	-1.000000000000000000000000000000000000000000000000000000000000000	0
2	3	4	1	4	2	1.000000000000000000000000000000000000000000000000000000000000000	0
2	3	4	3	4	4	1.000000000000000000000000000000000000000000000000000000000000000	0
2	3	4	4	4	3	-1.000000000000000000000000000000000000000000000000000000000000000	0
2	4	1	3	3	4	1.000000000000000000000000000000000000000000000000000000000000000	0
2	4	2	4	3	3	1.000000000000000000000000000000000000000000000000000000000000000	0
2	4	3	1	3	2	1.000000000000000000000000000000000000000000000000000000000000000	0
2	4	3	3	3	4	-1.000000000000000000000000000000000000000000000000000000000000000	0
2	4	3	4	3	3	-1.000000000000000000000000000000000000000000000000000000000000000	0
2	4	4	2	3	1	-1.000000000000000000000000000000000000000000000000000000000000000	0
2	4	4	3	3	4	-1.000000000000000000000000000000000000000000000000000000000000000	0
2	4	4	4	3	3	1.000000000000000000000000000000000000000000000000000000000000000	0
3	1	1	3	3	1	1.000000000000000000000000000000000000000000000000000000000000000	0
3	1	2	4	3	2	1.000000000000000000000000000000000000000000000000000000000000000	0
3	1	3	1	3	3	1.000000000000000000000000000000000000000000000000000000000000000	0
3	1	3	3	3	3	1.000000000000000000000000000000000000000000000000000000000000000	0
3	1	3	4	3	3	1.000000000000000000000000000000000000000000000000000000000000000	0
3	1	4	2	3	4	1.000000000000000000000000000000000000000000000000000000000000000	0
3	1	4	3	3	4	1.000000000000000000000000000000000000000000000000000000000000000	0
3	1	4	4	3	4	1.000000000000000000000000000000000000000000000000000000000000000	0
3	2	1	4	4	2	1.000000000000000000000000000000000000000000000000000000000000000	0
3	2	2	3	4	1	-1.000000000000000000000000000000000000000000000000000000000000000	0
3	2	3	2	4	4	1.000000000000000000000000000000000000000000000000000000000000000	0
3	2	3	3	4	4	-1.000000000000000000000000000000000000000000000000000000000000000	0
3	2	3	4	4	4	1.000000000000000000000000000000000000000000000000000000000000000	0
3	2	4	1	4	3	1.000000000000000000000000000000000000000000000000000000000000000	0
3	2	4	3	4	3	-1.000000000000000000000000000000000000000000000000000000000000000	0
3	2	4	4	4	3	-1.000000000000000000000000000000000000000000000000000000000000000	0
3	3	1	1	1	3	1.000000000000000000000000000000000000000000000000000000000000000	0
3	3	1	3	3	3	1.000000000000000000000000000000000000000000000000000000000000000	0
3	3	1	4	4	3	1.000000000000000000000000000000000000000000000000000000000000000	0
3	3	2	2	1	4	-1.000000000000000000000000000000000000000000000000000000000000000	0
3	3	2	3	4	4	-1.000000000000000000000000000000000000000000000000000000000000000	0
3	3	2	4	3	4	-1.000000000000000000000000000000000000000000000000000000000000000	0
3	3	3	1	3	3	1.000000000000000000000000000000000000000000000000000000000000000	0
3	3	3	2	4	4	-1.000000000000000000000000000000000000000000000000000000000000000	0
3	3	3	3	1	1	0.414213562373095048801688724209698078569671875376948073176679738	0
3	3	3	3	1	3	-0.643594252905582624735443437418209808924202742444007651156152009	0
3	3	3	3	1	4	-0.643594252905582624735443437418209808924202742444007651156152009	0
3	3	3	3	3	1	-0.643594252905582624735443437418209808924202742444007651156152009	0
3	3	3	3	3	3	0.292893218813452475599155637895150960715164062311525963411660131	0
3	3	3	3	3	4	-0.707106781186547524400844362104849039284835937688474036588339869	0
3	3	3	3	4	1	-0.643594252905582624735443437418209808924202742444007651156152009	0
3	3	3	3	4	3	-0.707106781186547524400844362104849039284835937688474036588339869	0
3	3	3	3	4	4	0.292893218813452475599155637895150960715164062311525963411660131	0
3	3	3	4	3	3	-0.707106781186547524400844362104849039284835937688474036588339869	0
3	3	3	4	3	4	0.707106781186547524400844362104849039284835937688474036588339869	0
3	3	3	4	4	3	0.707106781186547524400844362104849039284835937688474036588339869	0
3	3	3	4	4	4	0.707106781186547524400844362104849039284835937688474036588339869	0
3	3	4	1	4	3	1.000000000000000000000000000000000000000000000000000000000000000	0
3	3	4	2	3	4	-1.000000000000000000000000000000000000000000000000000000000000000	0
3	3	4	3	3	3	-0.707106781186547524400844362104849039284835937688474036588339869	0
3	3	4	3	3	4	0.707106781186547524400844362104849039284835937688474036588339869	0
3	3	4	3	4	3	0.707106781186547524400844362104849039284835937688474036588339869	0
3	3	4	3	4	4	0.707106781186547524400844362104849039284835937688474036588339869	0
3	3	4	4	1	2	-0.414213562373095048801688724209698078569671875376948073176679738	0
3	3	4	4	1	3	-0.643594252905582624735443437418209808924202742444007651156152009	0
3	3	4	4	1	4	-0.643594252905582624735443437418209808924202742444007651156152009	0
3	3	4	4	3	2	-0.643594252905582624735443437418209808924202742444007651156152009	0
3	3	4	4	3	3	0.707106781186547524400844362104849039284835937688474036588339869	0
3	3	4	4	3	4	-0.292893218813452475599155637895150960715164062311525963411660131	0
3	3	4	4	4	2	-0.643594252905582624735443437418209808924202742444007651156152009	0
3	3	4	4	4	3	-0.292893218813452475599155637895150960715164062311525963411660131	0
3	3	4	4	4	4	0.707106781186547524400844362104849039284835937688474036588339869	0
3	4	1	2	2	4	1.000000000000000000000000000000000000000000000000000000000000000	0
3	4	1	3	3	4	1.000000000000000000000000000000000000000000000000000000000000000	0
3	4	1	4	4	4	1.000000000000000000000000000000000000000000000000000000000000000	0
3	4	2	1	2	3	1.000000000000000000000000000000000000000000000000000000000000000	0
3	4	2	3	4	3	-1.000000000000000000000000000000000000000000000000000000000000000	0
3	4	2	4	3	3	-1.000000000000000000000000000000000000000000000000000000000000000	0
3	4	3	1	3	3	1.000000000000000000000000000000000000000000000000000000000000000	0
3	4	3	2	4	4	1.000000000000000000000000000000000000000000000000000000000000000	0
3	4	3	3	3	3	-0.707106781186547524400844362104849039284835937688474036588339869	0
3	4	3	3	3	4	0.707106781186547524400844362104849039284835937688474036588339869	0
3	4	3	3	4	3	0.707106781186547524400844362104849039284835937688474036588339869	0
3	4	3	3	4	4	0.707106781186547524400844362104849039284835937688474036588339869	0
3	4	3	4	2	2	0.414213562373095048801688724209698078569671875376948073176679738	0
3	4	3	4	2	3	-0.643594252905582624735443437418209808924202742444007651156152009	0
3	4	3	4	2	4	0.643594252905582624735443437418209808924202742444007651156152009	0
3	4	3	4	3	2	-0.643594252905582624735443437418209808924202742444007651156152009	0
3	4	3	4	3	3	0.292893218813452475599155637895150960715164062311525963411660131	0
3	4	3	4	3	4	0.707106781186547524400844362104849039284835937688474036588339869	0
3	4	3	4	4	2	0.643594252905582624735443437418209808924202742444007651156152009	0
3	4	3	4	4	3	0.707106781186547524400844362104849039284835937688474036588339869	0
3	4	3	4	4	4	0.292893218813452475599155637895150960715164062311525963411660131	0
3	4	4	1	4	3	1.000000000000000000000000000000000000000000000000000000000000000	0
3	4	4	2	3	4	-1.000000000000000000000000000000000000000000000000000000000000000	0
3	4	4	3	2	1	-0.414213562373095048801688724209698078569671875376948073176679738	0
3	4	4	3	2	3	-0.643594252905582624735443437418209808924202742444007651156152009	0
3	4	4	3	2	4	-0.643594252905582624735443437418209808924202742444007651156152009	0
3	4	4	3	3	1	-0.643594252905582624735443437418209808924202742444007651156152009	0
3	4	4	3	3	3	0.707106781186547524400844362104849039284835937688474036588339869	0
3	4	4	3	3	4	-0.292893218813452475599155637895150960715164062311525963411660131	0
3	4	4	3	4	1	-0.643594252905582624735443437418209808924202742444007651156152009	0
3	4	4	3	4	3	-0.292893218813452475599155637895150960715164062311525963411660131	0
3	4	4	3	4	4	0.707106781186547524400844362104849039284835937688474036588339869	0
3	4	4	4	3	3	0.707106781186547524400844362104849039284835937688474036588339869	0
3	4	4	4	3	4	0.707106781186547524400844362104849039284835937688474036588339869	0
3	4	4	4	4	3	0.707106781186547524400844362104849039284835937688474036588339869	0
3	4	4	4	4	4	-0.707106781186547524400844362104849039284835937688474036588339869	0
4	1	1	4	4	1	1.000000000000000000000000000000000000000000000000000000000000000	0
4	1	2	3	4	2	1.000000000000000000000000000000000000000000000000000000000000000	0
4	1	3	2	4	3	1.000000000000000000000000000000000000000000000000000000000000000	0
4	1	3	3	4	3	1.000000000000000000000000000000000000000000000000000000000000000	0
4	1	3	4	4	3	1.000000000000000000000000000000000000000000000000000000000000000	0
4	1	4	1	4	4	1.000000000000000000000000000000000000000000000000000000000000000	0
4	1	4	3	4	4	1.000000000000000000000000000000000000000000000000000000000000000	0
4	1	4	4	4	4	1.000000000000000000000000000000000000000000000000000000000000000	0
4	2	1	3	3	2	1.000000000000000000000000000000000000000000000000000000000000000	0
4	2	2	4	3	1	-1.000000000000000000000000000000000000000000000000000000000000000	0
4	2	3	1	3	4	1.000000000000000000000000000000000000000000000000000000000000000	0
4	2	3	3	3	4	-1.000000000000000000000000000000000000000000000000000000000000000	0
4	2	3	4	3	4	-1.000000000000000000000000000000000000000000000000000000000000000	0
4	2	4	2	3	3	1.000000000000000000000000000000000000000000000000000000000000000	0
4	2	4	3	3	3	-1.000000000000000000000000000000000000000000000000000000000000000	0
4	2	4	4	3	3	1.000000000000000000000000000000000000000000000000000000000000000	0
4	3	1	2	2	3	1.000000000000000000000000000000000000000000000000000000000000000	0
4	3	1	3	3	3	1.000000000000000000000000000000000000000000000000000000000000000	0
4	3	1	4	4	3	1.000000000000000000000000000000000000000000000000000000000000000	0
4	3	2	1	2	4	1.000000000000000000000000000000000000000000000000000000000000000	0
4	3	2	3	4	4	1.000000000000000000000000000000000000000000000000000000000000000	0
4	3	2	4	3	4	-1.000000000000000000000000000000000000000000000000000000000000000	0
4	3	3	1	3	4	1.000000000000000000000000000000000000000000000000000000000000000	0
4	3	3	2	4	3	-1.000000000000000000000000000000000000000000000000000000000000000	0
4	3	3	3	3	3	-0.707106781186547524400844362104849039284835937688474036588339869	0
4	3	3	3	3	4	0.707106781186547524400844362104849039284835937688474036588339869	0
4	3	3	3	4	3	0.707106781186547524400844362104849039284835937688474036588339869	0
4	3	3	3	4	4	0.707106781186547524400844362104849039284835937688474036588339869	0
4	3	3	4	2	1	-0.414213562373095048801688724209698078569671875376948073176679738	0
4	3	3	4	2	3	-0.643594252905582624735443437418209808924202742444007651156152009	0
4	3	3	4	2	4	-0.643594252905582624735443437418209808924202742444007651156152009	0
4	3	3	4	3	1	-0.643594252905582624735443437418209808924202742444007651156152009	0
4	3	3	4	3	3	0.707106781186547524400844362104849039284835937688474036588339869	0
4	3	3	4	3	4	-0.292893218813452475599155637895150960715164062311525963411660131	0
4	3	3	4	4	1	-0.643594252905582624735443437418209808924202742444007651156152009	0
4	3	3	4	4	3	-0.292893218813452475599155637895150960715164062311525963411660131	0
4	3	3	4	4	4	0.707106781186547524400844362104849039284835937688474036588339869	0
4	3	4	1	4	4	1.000000000000000000000000000000000000000000000000000000000000000	0
4	3	4	2	3	3	-1.000000000000000000000000000000000000000000000000000000000000000	0
4	3	4	3	2	2	0.414213562373095048801688724209698078569671875376948073176679738	0
4	3	4	3	2	3	-0.643594252905582624735443437418209808924202742444007651156152009	0
4	3	4	3	2	4	0.643594252905582624735443437418209808924202742444007651156152009	0
4	3	4	3	3	2	-0.643594252905582624735443437418209808924202742444007651156152009	0
4	3	4	3	3	3	0.292893218813452475599155637895150960715164062311525963411660131	0
4	3	4	3	3	4	0.707106781186547524400844362104849039284835937688474036588339869	0
4	3	4	3	4	2	0.643594252905582624735443437418209808924202742444007651156152009	0
4	3	4	3	4	3	0.707106781186547524400844362104849039284835937688474036588339869	0
4	3	4	3	4	4	0.292893218813452475599155637895150960715164062311525963411660131	0
4	3	4	4	3	3	0.707106781186547524400844362104849039284835937688474036588339869	0
4	3	4	4	3	4	0.707106781186547524400844362104849039284835937688474036588339869	0
4	3	4	4	4	3	0.707106781186547524400844362104849039284835937688474036588339869	0
4	3	4	4	4	4	-0.707106781186547524400844362104849039284835937688474036588339869	0
4	4	1	1	1	4	1.000000000000000000000000000000000000000000000000000000000000000	0
4	4	1	3	3	4	1.000000000000000000000000000000000000000000000000000000000000000	0
4	4	1	4	4	4	1.000000000000000000000000000000000000000000000000000000000000000	0
4	4	2	2	1	3	-1.000000000000000000000000000000000000000000000000000000000000000	0
4	4	2	3	4	3	-1.000000000000000000000000000000000000000000000000000000000000000	0
4	4	2	4	3	3	1.000000000000000000000000000000000000000000000000000000000000000	0
4	4	3	1	3	4	1.000000000000000000000000000000000000000000000000000000000000000	0
4	4	3	2	4	3	-1.000000000000000000000000000000000000000000000000000000000000000	0
4	4	3	3	1	2	-0.414213562373095048801688724209698078569671875376948073176679738	0
4	4	3	3	1	3	-0.643594252905582624735443437418209808924202742444007651156152009	0
4	4	3	3	1	4	-0.643594252905582624735443437418209808924202742444007651156152009	0
4	4	3	3	3	2	-0.643594252905582624735443437418209808924202742444007651156152009	0
4	4	3	3	3	3	0.707106781186547524400844362104849039284835937688474036588339869	0
4	4	3	3	3	4	-0.292893218813452475599155637895150960715164062311525963411660131	0
4	4	3	3	4	2	-0.643594252905582624735443437418209808924202742444007651156152009	0
4	4	3	3	4	3	-0.292893218813452475599155637895150960715164062311525963411660131	0
4	4	3	3	4	4	0.707106781186547524400844362104849039284835937688474036588339869	0
4	4	3	4	3	3	0.707106781186547524400844362104849039284835937688474036588339869	0
4	4	3	4	3	4	0.707106781186547524400844362104849039284835937688474036588339869	0
4	4	3	4	4	3	0.707106781186547524400844362104849039284835937688474036588339869	0
4	4	3	4	4	4	-0.707106781186547524400844362104849039284835937688474036588339869	0
4	4	4	1	4	4	1.000000000000000000000000000000000000000000000000000000000000000	0
4	4	4	2	3	3	1.000000000000000000000000000000000000000000000000000000000000000	0
4	4	4	3	3	3	0.707106781186547524400844362104849039284835937688474036588339869	0
4	4	4	3	3	4	0.707106781186547524400844362104849039284835937688474036588339869	0
4	4	4	3	4	3	0.707106781186547524400844362104849039284835937688474036588339869	0
4	4	4	3	4	4	-0.707106781186547524400844362104849039284835937688474036588339869	0
4	4	4	4	1	1	0.414213562373095048801688724209698078569671875376948073176679738	0
4	4	4	4	1	3	-0.643594252905582624735443437418209808924202742444007651156152009	0
4	4	4	4	1	4	-0.643594252905582624735443437418209808924202742444007651156152009	0
4	4	4	4	3	1	-0.643594252905582624735443437418209808924202742444007651156152009	0
4	4	4	4	3	3	0.292893218813452475599155637895150960715164062311525963411660131	0
4	4	4	4	3	4	-0.707106781186547524400844362104849039284835937688474036588339869	0
4	4	4	4	4	1	-0.643594252905582624735443437418209808924202742444007651156152009	0
4	4	4	4	4	3	-0.707106781186547524400844362104849039284835937688474036588339869	0
4	4	4	4	4	4	0.292893218813452475599155637895150960715164062311525963411660131	0