1	1	1	1	1	1	1.000000000000000000000000000000000000000000000000000000000000000	0
1	1	2	2	1	2	1.000000000000000000000000000000000000000000000000000000000000000	0
1	1	3	3	1	3	1.000000000000000000000000000000000000000000000000000000000000000	0
1	1	4	4	1	4	1.000000000000000000000000000000000000000000000000000000000000000	0
1	1	5	5	1	5	1.000000000000000000000000000000000000000000000000000000000000000	0
1	2	1	2	2	2	1.000000000000000000000000000000000000000000000000000000000000000	0
1	2	2	1	2	1	1.000000000000000000000000000000000000000000000000000000000000000	0
1	2	3	4	2	4	1.000000000000000000000000000000000000000000000000000000000000000	0
1	2	4	3	2	3	1.000000000000000000000000000000000000000000000000000000000000000	0
1	2	5	5	2	5	1.000000000000000000000000000000000000000000000000000000000000000	0
1	3	1	3	3	3	1.000000000000000000000000000000000000000000000000000000000000000	0
1	3	2	4	3	4	1.000000000000000000000000000000000000000000000000000000000000000	0
1	3	3	2	3	2	1.000000000000000000000000000000000000000000000000000000000000000	0
1	3	3	5	3	5	1.000000000000000000000000000000000000000000000000000000000000000	0
1	3	4	1	3	1	1.000000000000000000000000000000000000000000000000000000000000000	0
1	3	4	5	3	5	1.000000000000000000000000000000000000000000000000000000000000000	0
1	3	5	3	3	3	1.000000000000000000000000000000000000000000000000000000000000000	0
1	3	5	4	3	4	1.000000000000000000000000000000000000000000000000000000000000000	0
1	4	1	4	4	4	1.000000000000000000000000000000000000000000000000000000000000000	0
1	4	2	3	4	3	1.000000000000000000000000000000000000000000000000000000000000000	0
1	4	3	1	4	1	1.000000000000000000000000000000000000000000000000000000000000000	0
1	4	3	5	4	5	1.000000000000000000000000000000000000000000000000000000000000000	0
1	4	4	2	4	2	1.000000000000000000000000000000000000000000000000000000000000000	0
1	4	4	5	4	5	1.000000000000000000000000000000000000000000000000000000000000000	0
1	4	5	3	4	3	1.000000000000000000000000000000000000000000000000000000000000000	0
1	4	5	4	4	4	1.000000000000000000000000000000000000000000000000000000000000000	0
1	5	1	5	5	5	1.000000000000000000000000000000000000000000000000000000000000000	0
1	5	2	5	5	5	1.000000000000000000000000000000000000000000000000000000000000000	0
1	5	3	3	5	3	1.000000000000000000000000000000000000000000000000000000000000000	0
1	5	3	4	5	4	1.000000000000000000000000000000000000000000000000000000000000000	0
1	5	4	3	5	3	1.000000000000000000000000000000000000000000000000000000000000000	0
1	5	4	4	5	4	1.000000000000000000000000000000000000000000000000000000000000000	0
1	5	5	1	5	1	1.000000000000000000000000000000000000000000000000000000000000000	0
1	5	5	2	5	2	1.000000000000000000000000000000000000000000000000000000000000000	0
1	5	5	5	5	5	1.000000000000000000000000000000000000000000000000000000000000000	0
2	1	1	2	2	1	1.000000000000000000000000000000000000000000000000000000000000000	0
2	1	2	1	2	2	1.000000000000000000000000000000000000000000000000000000000000000	0
2	1	3	4	2	3	1.000000000000000000000000000000000000000000000000000000000000000	0
2	1	4	3	2	4	1.000000000000000000000000000000000000000000000000000000000000000	0
2	1	5	5	2	5	1.000000000000000000000000000000000000000000000000000000000000000	0
2	2	1	1	1	2	1.000000000000000000000000000000000000000000000000000000000000000	0
2	2	2	2	1	1	1.000000000000000000000000000000000000000000000000000000000000000	0
2	2	3	3	1	4	1.000000000000000000000000000000000000000000000000000000000000000	0
2	2	4	4	1	3	1.000000000000000000000000000000000000000000000000000000000000000	0
2	2	5	5	1	5	1.000000000000000000000000000000000000000000000000000000000000000	0
2	3	1	4	4	3	1.000000000000000000000000000000000000000000000000000000000000000	0
2	3	2	3	4	4	1.000000000000000000000000000000000000000000000000000000000000000	0
2	3	3	1	4	2	1.000000000000000000000000000000000000000000000000000000000000000	0
2	3	3	5	4	5	1.000000000000000000000000000000000000000000000000000000000000000	0
2	3	4	2	4	1	1.000000000000000000000000000000000000000000000000000000000000000	0
2	3	4	5	4	5	1.000000000000000000000000000000000000000000000000000000000000000	0
2	3	5	3	4	4	1.000000000000000000000000000000000000000000000000000000000000000	0
2	3	5	4	4	3	1.000000000000000000000000000000000000000000000000000000000000000	0
2	4	1	3	3	4	1.000000000000000000000000000000000000000000000000000000000000000	0
2	4	2	4	3	3	1.000000000000000000000000000000000000000000000000000000000000000	0
2	4	3	2	3	1	1.000000000000000000000000000000000000000000000000000000000000000	0
2	4	3	5	3	5	1.000000000000000000000000000000000000000000000000000000000000000	0
2	4	4	1	3	2	1.000000000000000000000000000000000000000000000000000000000000000	0
2	4	4	5	3	5	1.000000000000000000000000000000000000000000000000000000000000000	0
2	4	5	3	3	4	1.000000000000000000000000000000000000000000000000000000000000000	0
2	4	5	4	3	3	1.000000000000000000000000000000000000000000000000000000000000000	0
2	5	1	5	5	5	1.000000000000000000000000000000000000000000000000000000000000000	0
2	5	2	5	5	5	1.000000000000000000000000000000000000000000000000000000000000000	0
2	5	3	3	5	4	1.000000000000000000000000000000000000000000000000000000000000000	0
2	5	3	4	5	3	1.000000000000000000000000000000000000000000000000000000000000000	0
2	5	4	3	5	4	1.000000000000000000000000000000000000000000000000000000000000000	0
2	5	4	4	5	3	1.000000000000000000000000000000000000000000000000000000000000000	0
2	5	5	1	5	2	1.000000000000000000000000000000000000000000000000000000000000000	0
2	5	5	2	5	1	1.000000000000000000000000000000000000000000000000000000000000000	0
2	5	5	5	5	5	-1.000000000000000000000000000000000000000000000000000000000000000	0
3	1	1	3	3	1	1.000000000000000000000000000000000000000000000000000000000000000	0
3	1	2	4	3	2	1.000000000000000000000000000000000000000000000000000000000000000	0
3	1	3	2	3	3	1.000000000000000000000000000000000000000000000000000000000000000	0
3	1	3	5	3	3	1.000000000000000000000000000000000000000000000000000000000000000	0
3	1	4	1	3	4	1.000000000000000000000000000000000000000000000000000000000000000	0
3	1	4	5	3	4	1.000000000000000000000000000000000000000000000000000000000000000	0
3	1	5	3	3	5	1.000000000000000000000000000000000000000000000000000000000000000	0
3	1	5	4	3	5	1.000000000000000000000000000000000000000000000000000000000000000	0
3	2	1	4	4	2	1.000000000000000000000000000000000000000000000000000000000000000	0
3	2	2	3	4	1	1.000000000000000000000000000000000000000000000000000000000000000	0
3	2	3	1	4	4	1.000000000000000000000000000000000000000000000000000000000000000	0
3	2	3	5	4	4	-1.000000000000000000000000000000000000000000000000000000000000000	0
3	2	4	2	4	3	1.000000000000000000000000000000000000000000000000000000000000000	0
3	2	4	5	4	3	-1.000000000000000000000000000000000000000000000000000000000000000	0
3	2	5	3	4	5	0.	-1.0000000000000000000000000000000000000000000000000000000000000000
3	2	5	4	4	5	0.	1.0000000000000000000000000000000000000000000000000000000000000000
3	3	1	2	2	3	1.000000000000000000000000000000000000000000000000000000000000000	0
3	3	1	5	5	3	1.000000000000000000000000000000000000000000000000000000000000000	0
3	3	2	1	2	4	1.000000000000000000000000000000000000000000000000000000000000000	0
3	3	2	5	5	4	-1.000000000000000000000000000000000000000000000000000000000000000	0
3	3	3	3	5	5	0.	-1.0000000000000000000000000000000000000000000000000000000000000000
3	3	3	4	2	2	-0.577350269189625764509148780501957455647601751270126876018602326	0
3	3	3	4	2	5	0.	0.8164965809277260327324280249019637973219824935522233761442308558
3	3	3	4	5	2	0.816496580927726032732428024901963797321982493552223376144230856	0
3	3	3	4	5	5	0.	0.5773502691896257645091487805019574556476017512701268760186023265
3	3	4	3	2	1	-0.577350269189625764509148780501957455647601751270126876018602326	0
3	3	4	3	2	5	-0.816496580927726032732428024901963797321982493552223376144230856	0
3	3	4	3	5	1	0.816496580927726032732428024901963797321982493552223376144230856	0
3	3	4	3	5	5	-0.577350269189625764509148780501957455647601751270126876018602326	0
3	3	4	4	5	5	-1.000000000000000000000000000000000000000000000000000000000000000	0
3	3	5	1	5	4	0.	1.0000000000000000000000000000000000000000000000000000000000000000
3	3	5	2	5	3	-1.000000000000000000000000000000000000000000000000000000000000000	0
3	3	5	5	2	3	-0.707106781186547524400844362104849039284835937688474036588339869	0
3	3	5	5	2	4	0.	0.7071067811865475244008443621048490392848359376884740365883398690
3	3	5	5	5	3	-0.707106781186547524400844362104849039284835937688474036588339869	0
3	3	5	5	5	4	0.	-0.7071067811865475244008443621048490392848359376884740365883398690
3	4	1	1	1	4	1.000000000000000000000000000000000000000000000000000000000000000	0
3	4	1	5	5	4	1.000000000000000000000000000000000000000000000000000000000000000	0
3	4	2	2	1	3	1.000000000000000000000000000000000000000000000000000000000000000	0
3	4	2	5	5	3	-1.000000000000000000000000000000000000000000000000000000000000000	0
3	4	3	3	1	1	-0.577350269189625764509148780501957455647601751270126876018602326	0
3	4	3	3	1	5	0.816496580927726032732428024901963797321982493552223376144230856	0
3	4	3	3	5	1	-0.816496580927726032732428024901963797321982493552223376144230856	0
3	4	3	3	5	5	-0.577350269189625764509148780501957455647601751270126876018602326	0
3	4	3	4	5	5	-1.000000000000000000000000000000000000000000000000000000000000000	0
3	4	4	3	5	5	0.	-1.0000000000000000000000000000000000000000000000000000000000000000
3	4	4	4	1	2	-0.577350269189625764509148780501957455647601751270126876018602326	0
3	4	4	4	1	5	0.	-0.8164965809277260327324280249019637973219824935522233761442308558
3	4	4	4	5	2	-0.816496580927726032732428024901963797321982493552223376144230856	0
3	4	4	4	5	5	0.	0.5773502691896257645091487805019574556476017512701268760186023265
3	4	5	1	5	4	1.000000000000000000000000000000000000000000000000000000000000000	0
3	4	5	2	5	3	0.	-1.0000000000000000000000000000000000000000000000000000000000000000
3	4	5	5	1	3	0.	-0.7071067811865475244008443621048490392848359376884740365883398690
3	4	5	5	1	4	0.707106781186547524400844362104849039284835937688474036588339869	0
3	4	5	5	5	3	0.	0.7071067811865475244008443621048490392848359376884740365883398690
3	4	5	5	5	4	0.707106781186547524400844362104849039284835937688474036588339869	0
3	5	1	3	3	5	1.000000000000000000000000000000000000000000000000000000000000000	0
3	5	1	4	4	5	1.000000000000000000000000000000000000000000000000000000000000000	0
3	5	2	3	4	5	0.	-1.0000000000000000000000000000000000000000000000000000000000000000
3	5	2	4	3	5	0.	1.0000000000000000000000000000000000000000000000000000000000000000
3	5	3	1	4	4	0.	-1.0000000000000000000000000000000000000000000000000000000000000000
3	5	3	2	3	3	1.000000000000000000000000000000000000000000000000000000000000000	0
3	5	3	5	3	3	-0.500000000000000000000000000000000000000000000000000000000000000	0
3	5	3	5	3	4	0.	0.8660254037844386467637231707529361834714026269051903140279034897
3	5	3	5	4	3	-0.866025403784438646763723170752936183471402626905190314027903490	0
3	5	3	5	4	4	0.	-0.5000000000000000000000000000000000000000000000000000000000000000
3	5	4	1	3	4	1.000000000000000000000000000000000000000000000000000000000000000	0
3	5	4	2	4	3	0.	-1.0000000000000000000000000000000000000000000000000000000000000000
3	5	4	5	3	3	0.	0.8660254037844386467637231707529361834714026269051903140279034897
3	5	4	5	3	4	-0.500000000000000000000000000000000000000000000000000000000000000	0
3	5	4	5	4	3	0.	-0.5000000000000000000000000000000000000000000000000000000000000000
3	5	4	5	4	4	-0.866025403784438646763723170752936183471402626905190314027903490	0
3	5	5	3	3	1	0.707106781186547524400844362104849039284835937688474036588339869	0
3	5	5	3	3	5	0.707106781186547524400844362104849039284835937688474036588339869	0
3	5	5	3	4	1	0.707106781186547524400844362104849039284835937688474036588339869	0
3	5	5	3	4	5	-0.707106781186547524400844362104849039284835937688474036588339869	0
3	5	5	4	3	2	0.	0.7071067811865475244008443621048490392848359376884740365883398690
3	5	5	4	3	5	-0.707106781186547524400844362104849039284835937688474036588339869	0
3	5	5	4	4	2	0.	-0.7071067811865475244008443621048490392848359376884740365883398690
3	5	5	4	4	5	-0.707106781186547524400844362104849039284835937688474036588339869	0
4	1	1	4	4	1	1.000000000000000000000000000000000000000000000000000000000000000	0
4	1	2	3	4	2	1.000000000000000000000000000000000000000000000000000000000000000	0
4	1	3	1	4	3	1.000000000000000000000000000000000000000000000000000000000000000	0
4	1	3	5	4	3	1.000000000000000000000000000000000000000000000000000000000000000	0
4	1	4	2	4	4	1.000000000000000000000000000000000000000000000000000000000000000	0
4	1	4	5	4	4	1.000000000000000000000000000000000000000000000000000000000000000	0
4	1	5	3	4	5	1.000000000000000000000000000000000000000000000000000000000000000	0
4	1	5	4	4	5	1.000000000000000000000000000000000000000000000000000000000000000	0
4	2	1	3	3	2	1.000000000000000000000000000000000000000000000000000000000000000	0
4	2	2	4	3	1	1.000000000000000000000000000000000000000000000000000000000000000	0
4	2	3	2	3	4	1.000000000000000000000000000000000000000000000000000000000000000	0
4	2	3	5	3	4	-1.000000000000000000000000000000000000000000000000000000000000000	0
4	2	4	1	3	3	1.000000000000000000000000000000000000000000000000000000000000000	0
4	2	4	5	3	3	-1.000000000000000000000000000000000000000000000000000000000000000	0
4	2	5	3	3	5	0.	1.0000000000000000000000000000000000000000000000000000000000000000
4	2	5	4	3	5	0.	-1.0000000000000000000000000000000000000000000000000000000000000000
4	3	1	1	1	3	1.000000000000000000000000000000000000000000000000000000000000000	0
4	3	1	5	5	3	1.000000000000000000000000000000000000000000000000000000000000000	0
4	3	2	2	1	4	1.000000000000000000000000000000000000000000000000000000000000000	0
4	3	2	5	5	4	-1.000000000000000000000000000000000000000000000000000000000000000	0
4	3	3	3	1	2	-0.577350269189625764509148780501957455647601751270126876018602326	0
4	3	3	3	1	5	0.	0.8164965809277260327324280249019637973219824935522233761442308558
4	3	3	3	5	2	0.816496580927726032732428024901963797321982493552223376144230856	0
4	3	3	3	5	5	0.	0.5773502691896257645091487805019574556476017512701268760186023265
4	3	3	4	5	5	0.	-1.0000000000000000000000000000000000000000000000000000000000000000
4	3	4	3	5	5	-1.000000000000000000000000000000000000000000000000000000000000000	0
4	3	4	4	1	1	-0.577350269189625764509148780501957455647601751270126876018602326	0
4	3	4	4	1	5	-0.816496580927726032732428024901963797321982493552223376144230856	0
4	3	4	4	5	1	0.816496580927726032732428024901963797321982493552223376144230856	0
4	3	4	4	5	5	-0.577350269189625764509148780501957455647601751270126876018602326	0
4	3	5	1	5	3	-1.000000000000000000000000000000000000000000000000000000000000000	0
4	3	5	2	5	4	0.	1.0000000000000000000000000000000000000000000000000000000000000000
4	3	5	5	1	3	-0.707106781186547524400844362104849039284835937688474036588339869	0
4	3	5	5	1	4	0.	0.7071067811865475244008443621048490392848359376884740365883398690
4	3	5	5	5	3	0.707106781186547524400844362104849039284835937688474036588339869	0
4	3	5	5	5	4	0.	0.7071067811865475244008443621048490392848359376884740365883398690
4	4	1	2	2	4	1.000000000000000000000000000000000000000000000000000000000000000	0
4	4	1	5	5	4	1.000000000000000000000000000000000000000000000000000000000000000	0
4	4	2	1	2	3	1.000000000000000000000000000000000000000000000000000000000000000	0
4	4	2	5	5	3	-1.000000000000000000000000000000000000000000000000000000000000000	0
4	4	3	3	5	5	-1.000000000000000000000000000000000000000000000000000000000000000	0
4	4	3	4	2	1	-0.577350269189625764509148780501957455647601751270126876018602326	0
4	4	3	4	2	5	0.816496580927726032732428024901963797321982493552223376144230856	0
4	4	3	4	5	1	-0.816496580927726032732428024901963797321982493552223376144230856	0
4	4	3	4	5	5	-0.577350269189625764509148780501957455647601751270126876018602326	0
4	4	4	3	2	2	-0.577350269189625764509148780501957455647601751270126876018602326	0
4	4	4	3	2	5	0.	-0.8164965809277260327324280249019637973219824935522233761442308558
4	4	4	3	5	2	-0.816496580927726032732428024901963797321982493552223376144230856	0
4	4	4	3	5	5	0.	0.5773502691896257645091487805019574556476017512701268760186023265
4	4	4	4	5	5	0.	-1.0000000000000000000000000000000000000000000000000000000000000000
4	4	5	1	5	3	0.	-1.0000000000000000000000000000000000000000000000000000000000000000
4	4	5	2	5	4	1.000000000000000000000000000000000000000000000000000000000000000	0
4	4	5	5	2	3	0.	-0.7071067811865475244008443621048490392848359376884740365883398690
4	4	5	5	2	4	0.707106781186547524400844362104849039284835937688474036588339869	0
4	4	5	5	5	3	0.	-0.7071067811865475244008443621048490392848359376884740365883398690
4	4	5	5	5	4	-0.707106781186547524400844362104849039284835937688474036588339869	0
4	5	1	3	3	5	1.000000000000000000000000000000000000000000000000000000000000000	0
4	5	1	4	4	5	1.000000000000000000000000000000000000000000000000000000000000000	0
4	5	2	3	4	5	0.	1.0000000000000000000000000000000000000000000000000000000000000000
4	5	2	4	3	5	0.	-1.0000000000000000000000000000000000000000000000000000000000000000
4	5	3	1	4	3	1.000000000000000000000000000000000000000000000000000000000000000	0
4	5	3	2	3	4	0.	-1.0000000000000000000000000000000000000000000000000000000000000000
4	5	3	5	3	3	-0.866025403784438646763723170752936183471402626905190314027903490	0
4	5	3	5	3	4	0.	-0.5000000000000000000000000000000000000000000000000000000000000000
4	5	3	5	4	3	-0.500000000000000000000000000000000000000000000000000000000000000	0
4	5	3	5	4	4	0.	0.8660254037844386467637231707529361834714026269051903140279034897
4	5	4	1	3	3	0.	-1.0000000000000000000000000000000000000000000000000000000000000000
4	5	4	2	4	4	1.000000000000000000000000000000000000000000000000000000000000000	0
4	5	4	5	3	3	0.	-0.5000000000000000000000000000000000000000000000000000000000000000
4	5	4	5	3	4	-0.866025403784438646763723170752936183471402626905190314027903490	0
4	5	4	5	4	3	0.	0.8660254037844386467637231707529361834714026269051903140279034897
4	5	4	5	4	4	-0.500000000000000000000000000000000000000000000000000000000000000	0
4	5	5	3	3	2	0.	-0.7071067811865475244008443621048490392848359376884740365883398690
4	5	5	3	3	5	-0.707106781186547524400844362104849039284835937688474036588339869	0
4	5	5	3	4	2	0.	0.7071067811865475244008443621048490392848359376884740365883398690
4	5	5	3	4	5	-0.707106781186547524400844362104849039284835937688474036588339869	0
4	5	5	4	3	1	0.707106781186547524400844362104849039284835937688474036588339869	0
4	5	5	4	3	5	-0.707106781186547524400844362104849039284835937688474036588339869	0
4	5	5	4	4	1	0.707106781186547524400844362104849039284835937688474036588339869	0
4	5	5	4	4	5	0.707106781186547524400844362104849039284835937688474036588339869	0
5	1	1	5	5	1	1.000000000000000000000000000000000000000000000000000000000000000	0
5	1	2	5	5	2	1.000000000000000000000000000000000000000000000000000000000000000	0
5	1	3	3	5	3	1.000000000000000000000000000000000000000000000000000000000000000	0
5	1	3	4	5	3	1.000000000000000000000000000000000000000000000000000000000000000	0
5	1	4	3	5	4	1.000000000000000000000000000000000000000000000000000000000000000	0
5	1	4	4	5	4	1.000000000000000000000000000000000000000000000000000000000000000	0
5	1	5	1	5	5	1.000000000000000000000000000000000000000000000000000000000000000	0
5	1	5	2	5	5	1.000000000000000000000000000000000000000000000000000000000000000	0
5	1	5	5	5	5	1.000000000000000000000000000000000000000000000000000000000000000	0
5	2	1	5	5	2	1.000000000000000000000000000000000000000000000000000000000000000	0
5	2	2	5	5	1	1.000000000000000000000000000000000000000000000000000000000000000	0
5	2	3	3	5	4	1.000000000000000000000000000000000000000000000000000000000000000	0
5	2	3	4	5	4	1.000000000000000000000000000000000000000000000000000000000000000	0
5	2	4	3	5	3	1.000000000000000000000000000000000000000000000000000000000000000	0
5	2	4	4	5	3	1.000000000000000000000000000000000000000000000000000000000000000	0
5	2	5	1	5	5	-1.000000000000000000000000000000000000000000000000000000000000000	0
5	2	5	2	5	5	-1.000000000000000000000000000000000000000000000000000000000000000	0
5	2	5	5	5	5	1.000000000000000000000000000000000000000000000000000000000000000	0
5	3	1	3	3	3	1.000000000000000000000000000000000000000000000000000000000000000	0
5	3	1	4	4	3	1.000000000000000000000000000000000000000000000000000000000000000	0
5	3	2	3	4	4	1.000000000000000000000000000000000000000000000000000000000000000	0
5	3	2	4	3	4	1.000000000000000000000000000000000000000000000000000000000000000	0
5	3	3	1	4	5	1.000000000000000000000000000000000000000000000000000000000000000	0
5	3	3	2	3	5	1.000000000000000000000000000000000000000000000000000000000000000	0
5	3	3	5	3	2	-0.707106781186547524400844362104849039284835937688474036588339869	0
5	3	3	5	3	5	-0.707106781186547524400844362104849039284835937688474036588339869	0
5	3	3	5	4	2	-0.707106781186547524400844362104849039284835937688474036588339869	0
5	3	3	5	4	5	0.707106781186547524400844362104849039284835937688474036588339869	0
5	3	4	1	3	5	1.000000000000000000000000000000000000000000000000000000000000000	0
5	3	4	2	4	5	1.000000000000000000000000000000000000000000000000000000000000000	0
5	3	4	5	3	1	0.707106781186547524400844362104849039284835937688474036588339869	0
5	3	4	5	3	5	0.707106781186547524400844362104849039284835937688474036588339869	0
5	3	4	5	4	1	0.707106781186547524400844362104849039284835937688474036588339869	0
5	3	4	5	4	5	-0.707106781186547524400844362104849039284835937688474036588339869	0
5	3	5	3	3	3	-0.500000000000000000000000000000000000000000000000000000000000000	0
5	3	5	3	3	4	0.866025403784438646763723170752936183471402626905190314027903490	0
5	3	5	3	4	3	-0.866025403784438646763723170752936183471402626905190314027903490	0
5	3	5	3	4	4	-0.500000000000000000000000000000000000000000000000000000000000000	0
5	3	5	4	3	3	-0.866025403784438646763723170752936183471402626905190314027903490	0
5	3	5	4	3	4	-0.500000000000000000000000000000000000000000000000000000000000000	0
5	3	5	4	4	3	-0.500000000000000000000000000000000000000000000000000000000000000	0
5	3	5	4	4	4	0.866025403784438646763723170752936183471402626905190314027903490	0
5	4	1	3	3	4	1.000000000000000000000000000000000000000000000000000000000000000	0
5	4	1	4	4	4	1.000000000000000000000000000000000000000000000000000000000000000	0
5	4	2	3	4	3	1.000000000000000000000000000000000000000000000000000000000000000	0
5	4	2	4	3	3	1.000000000000000000000000000000000000000000000000000000000000000	0
5	4	3	1	4	5	-1.000000000000000000000000000000000000000000000000000000000000000	0
5	4	3	2	3	5	-1.000000000000000000000000000000000000000000000000000000000000000	0
5	4	3	5	3	1	-0.707106781186547524400844362104849039284835937688474036588339869	0
5	4	3	5	3	5	-0.707106781186547524400844362104849039284835937688474036588339869	0
5	4	3	5	4	1	-0.707106781186547524400844362104849039284835937688474036588339869	0
5	4	3	5	4	5	0.707106781186547524400844362104849039284835937688474036588339869	0
5	4	4	1	3	5	-1.000000000000000000000000000000000000000000000000000000000000000	0
5	4	4	2	4	5	-1.000000000000000000000000000000000000000000000000000000000000000	0
5	4	4	5	3	2	0.707106781186547524400844362104849039284835937688474036588339869	0
5	4	4	5	3	5	0.707106781186547524400844362104849039284835937688474036588339869	0
5	4	4	5	4	2	0.707106781186547524400844362104849039284835937688474036588339869	0
5	4	4	5	4	5	-0.707106781186547524400844362104849039284835937688474036588339869	0
5	4	5	3	3	3	0.866025403784438646763723170752936183471402626905190314027903490	0
5	4	5	3	3	4	-0.500000000000000000000000000000000000000000000000000000000000000	0
5	4	5	3	4	3	-0.500000000000000000000000000000000000000000000000000000000000000	0
5	4	5	3	4	4	-0.866025403784438646763723170752936183471402626905190314027903490	0
5	4	5	4	3	3	-0.500000000000000000000000000000000000000000000000000000000000000	0
5	4	5	4	3	4	-0.866025403784438646763723170752936183471402626905190314027903490	0
5	4	5	4	4	3	0.866025403784438646763723170752936183471402626905190314027903490	0
5	4	5	4	4	4	-0.500000000000000000000000000000000000000000000000000000000000000	0
5	5	1	1	1	5	1.000000000000000000000000000000000000000000000000000000000000000	0
5	5	1	2	2	5	1.000000000000000000000000000000000000000000000000000000000000000	0
5	5	1	5	5	5	1.000000000000000000000000000000000000000000000000000000000000000	0
5	5	2	1	2	5	-1.000000000000000000000000000000000000000000000000000000000000000	0
5	5	2	2	1	5	-1.000000000000000000000000000000000000000000000000000000000000000	0
5	5	2	5	5	5	-1.000000000000000000000000000000000000000000000000000000000000000	0
5	5	3	3	1	3	0.707106781186547524400844362104849039284835937688474036588339869	0
5	5	3	3	1	4	-0.707106781186547524400844362104849039284835937688474036588339869	0
5	5	3	3	5	3	0.707106781186547524400844362104849039284835937688474036588339869	0
5	5	3	3	5	4	0.707106781186547524400844362104849039284835937688474036588339869	0
5	5	3	4	2	3	0.707106781186547524400844362104849039284835937688474036588339869	0
5	5	3	4	2	4	-0.707106781186547524400844362104849039284835937688474036588339869	0
5	5	3	4	5	3	-0.707106781186547524400844362104849039284835937688474036588339869	0
5	5	3	4	5	4	-0.707106781186547524400844362104849039284835937688474036588339869	0
5	5	4	3	2	3	-0.707106781186547524400844362104849039284835937688474036588339869	0
5	5	4	3	2	4	0.707106781186547524400844362104849039284835937688474036588339869	0
5	5	4	3	5	3	-0.707106781186547524400844362104849039284835937688474036588339869	0
5	5	4	3	5	4	-0.707106781186547524400844362104849039284835937688474036588339869	0
5	5	4	4	1	3	-0.707106781186547524400844362104849039284835937688474036588339869	0
5	5	4	4	1	4	0.707106781186547524400844362104849039284835937688474036588339869	0
5	5	4	4	5	3	0.707106781186547524400844362104849039284835937688474036588339869	0
5	5	4	4	5	4	0.707106781186547524400844362104849039284835937688474036588339869	0
5	5	5	1	5	5	1.000000000000000000000000000000000000000000000000000000000000000	0
5	5	5	2	5	5	-1.000000000000000000000000000000000000000000000000000000000000000	0
5	5	5	5	1	1	0.500000000000000000000000000000000000000000000000000000000000000	0
5	5	5	5	1	2	-0.500000000000000000000000000000000000000000000000000000000000000	0
5	5	5	5	1	5	0.707106781186547524400844362104849039284835937688474036588339869	0
5	5	5	5	2	1	0.500000000000000000000000000000000000000000000000000000000000000	0
5	5	5	5	2	2	-0.500000000000000000000000000000000000000000000000000000000000000	0
5	5	5	5	2	5	-0.707106781186547524400844362104849039284835937688474036588339869	0
5	5	5	5	5	1	0.707106781186547524400844362104849039284835937688474036588339869	0
5	5	5	5	5	2	0.707106781186547524400844362104849039284835937688474036588339869	0
5	5	5	5	5	5	0.	0