1	1	1	1.000000000000000000000000000000000000000000000000000000000000000	0
1	2	2	1.000000000000000000000000000000000000000000000000000000000000000	0
1	3	3	1.000000000000000000000000000000000000000000000000000000000000000	0
1	4	4	1.000000000000000000000000000000000000000000000000000000000000000	0
1	5	5	1.000000000000000000000000000000000000000000000000000000000000000	0
1	6	6	1.000000000000000000000000000000000000000000000000000000000000000	0
1	7	7	1.000000000000000000000000000000000000000000000000000000000000000	0
2	1	2	1.000000000000000000000000000000000000000000000000000000000000000	0
2	2	1	1.000000000000000000000000000000000000000000000000000000000000000	0
2	3	3	0.8090169943749474241022934171828190588601545899028814310677243114	-0.5877852522924731291687059546390727685976524376431459910722724808
2	4	4	0.8090169943749474241022934171828190588601545899028814310677243114	-0.5877852522924731291687059546390727685976524376431459910722724808
2	5	5	0.8090169943749474241022934171828190588601545899028814310677243114	0.5877852522924731291687059546390727685976524376431459910722724808
2	6	6	-1.000000000000000000000000000000000000000000000000000000000000000	0
2	7	7	0.8090169943749474241022934171828190588601545899028814310677243114	0.5877852522924731291687059546390727685976524376431459910722724808
3	1	3	1.000000000000000000000000000000000000000000000000000000000000000	0
3	2	3	0.8090169943749474241022934171828190588601545899028814310677243114	0.5877852522924731291687059546390727685976524376431459910722724808
3	3	1	-0.1423148382732851404437926686163696687910513611259843284180827866	-0.9898214418809327323760920377767187873765193719487166878386154449
3	3	2	0.1423148382732851404437926686163696687910513611259843284180827866	0.9898214418809327323760920377767187873765193719487166878386154449
3	3	7	-0.1423148382732851404437926686163696687910513611259843284180827866	0.9898214418809327323760920377767187873765193719487166878386154449
3	4	6	0.4154150130018864255292741492296232035240049104645368124262233324	-0.9096319953545183714117153830790284600602410511946441707561044503
3	4	7	0.1985904666457454649825982338832459220562278671385807983020026601	-0.9800825610923934085579115422063699191729340694580550397513230148
3	5	5	0.0855750084788397428544362032324567564399227007036137188202822978	-0.9963317308626913876242320559879490045416315101358347946689453447
3	5	6	-0.9211236531148501159329021282782128071959489011328777092978126592	0.3892701063173914903895747264449321369261489871072053882835495524
3	6	4	0.7741416106390824490643725637222281648702166028286804568934074801	0.6330124538088703887271152762762650288323554223280685953351116353
3	6	5	-0.9983691039261356791012880254984185496026279573493001679566126837	0.0570888108627679837485364101221128343140636223200300453967946365
3	7	3	0.6106478796354381306932542723821207732355791919326922143252149289	-0.7919022459222750967567379392185911277200040452134975257170497593
3	7	4	-0.0285560507936962538481730470104789854281047048042903488378613076	-0.9995921928281892296257285154349983157366069613085598140596562553
4	1	4	1.000000000000000000000000000000000000000000000000000000000000000	0
4	2	4	0.8090169943749474241022934171828190588601545899028814310677243114	0.5877852522924731291687059546390727685976524376431459910722724808
4	3	6	0.4154150130018864255292741492296232035240049104645368124262233324	-0.9096319953545183714117153830790284600602410511946441707561044503
4	3	7	-0.8707460771197771877217507835501149827317652853347107611665511449	-0.4917329246456037728350634796082138236387003798892902369944929545
4	4	1	-0.9594929736144973898903680570663276990624548484221619550444950590	-0.2817325568414296977114179153466168990357778989732668718310803061
4	4	2	0.9594929736144973898903680570663276990624548484221619550444950590	0.2817325568414296977114179153466168990357778989732668718310803061
4	4	5	-0.9594929736144973898903680570663276990624548484221619550444950590	0.2817325568414296977114179153466168990357778989732668718310803061
4	5	4	-0.9983691039261356791012880254984185496026279573493001679566126837	0.0570888108627679837485364101221128343140636223200300453967946365
4	5	7	-0.2542183341934869302181946799708040944181895457710609873414255241	-0.9671468547019571390593240593318965996643745074743714223826938043
4	6	3	-0.9853538358476930122394797176177663749267191655636366120677662336	-0.1705221926326237844029624838779488814032130104002261899573658494
4	6	6	-0.4666673232256736976711189168781572674051053206903735660064008201	-0.8844329309978143222381222066254039736375624633361826597721719640
4	7	3	-0.6548607339452850640569250724662935531837911993369284276062956045	0.7557495743542582837740358439723444201797174451692235695799998831
4	7	5	-0.6548607339452850640569250724662935531837911993369284276062956045	-0.7557495743542582837740358439723444201797174451692235695799998831
5	1	5	1.000000000000000000000000000000000000000000000000000000000000000	0
5	2	5	0.8090169943749474241022934171828190588601545899028814310677243114	-0.5877852522924731291687059546390727685976524376431459910722724808
5	3	5	0.9740119169423335138154695987232315341728249660631847668234312367	-0.2264967674257643803937744783433568234439167301320929263015474869
5	3	6	0.5163974616389619233199213987888180697669924337030076512603947292	-0.8563490302515889746335454168038935447319797822059095396740425011
5	4	4	-0.3628077053506410086067015071723732383626915981288572002380193900	-0.9318640292114523161883811474964361005778533153644467124801266948
5	4	7	0.7741416106390824490643725637222281648702166028286804568934074801	0.6330124538088703887271152762762650288323554223280685953351116353
5	5	1	0.4154150130018864255292741492296232035240049104645368124262233324	0.9096319953545183714117153830790284600602410511946441707561044503
5	5	2	-0.4154150130018864255292741492296232035240049104645368124262233324	-0.9096319953545183714117153830790284600602410511946441707561044503
5	5	3	0.4154150130018864255292741492296232035240049104645368124262233324	-0.9096319953545183714117153830790284600602410511946441707561044503
5	6	3	-0.9594929736144973898903680570663276990624548484221619550444950590	-0.2817325568414296977114179153466168990357778989732668718310803061
5	6	7	-0.9594929736144973898903680570663276990624548484221619550444950590	0.2817325568414296977114179153466168990357778989732668718310803061
5	7	4	0.6969375686552934513687343434240100437094712879471568989142540905	-0.7171318047589634877970500299385526785307146473421328016841525850
5	7	6	0.8973984286913583989856569596882832674134045594328376075779957498	-0.4412211012432212932561177149092889833885447283293725836603432546
6	1	6	1.000000000000000000000000000000000000000000000000000000000000000	0
6	2	6	-1.000000000000000000000000000000000000000000000000000000000000000	0
6	3	4	-0.2542183341934869302181946799708040944181895457710609873414255241	-0.9671468547019571390593240593318965996643745074743714223826938043
6	3	5	-0.3628077053506410086067015071723732383626915981288572002380193900	-0.9318640292114523161883811474964361005778533153644467124801266948
6	4	3	0.8973984286913583989856569596882832674134045594328376075779957498	-0.4412211012432212932561177149092889833885447283293725836603432546
6	4	6	0.6969375686552934513687343434240100437094712879471568989142540905	-0.7171318047589634877970500299385526785307146473421328016841525850
6	5	3	-0.9594929736144973898903680570663276990624548484221619550444950590	-0.2817325568414296977114179153466168990357778989732668718310803061
6	5	7	-0.9594929736144973898903680570663276990624548484221619550444950590	0.2817325568414296977114179153466168990357778989732668718310803061
6	6	1	-0.6548607339452850640569250724662935531837911993369284276062956045	-0.7557495743542582837740358439723444201797174451692235695799998831
6	6	2	0.6548607339452850640569250724662935531837911993369284276062956045	0.7557495743542582837740358439723444201797174451692235695799998831
6	6	4	-0.6548607339452850640569250724662935531837911993369284276062956045	0.7557495743542582837740358439723444201797174451692235695799998831
6	7	5	0.4154150130018864255292741492296232035240049104645368124262233324	0.9096319953545183714117153830790284600602410511946441707561044503
6	7	7	0.9934817353485502085180496808547969202400539565546089318459805804	0.1139914098905406252992389774304161634389313626116786246363233947
7	1	7	1.000000000000000000000000000000000000000000000000000000000000000	0
7	2	7	0.8090169943749474241022934171828190588601545899028814310677243114	-0.5877852522924731291687059546390727685976524376431459910722724808
7	3	3	0.9418443636395246934886599986368180673483187376208947292501231361	0.3360493932154301264002038813057431950992364236850982995335568763
7	3	4	-0.5644432188667691804433731669421321560933383763271346396929816985	0.8254718969627739569806123728687672821516172387534274597072436784
7	4	3	-0.6548607339452850640569250724662935531837911993369284276062956045	0.7557495743542582837740358439723444201797174451692235695799998831
7	4	5	-0.6548607339452850640569250724662935531837911993369284276062956045	-0.7557495743542582837740358439723444201797174451692235695799998831
7	5	4	-0.4666673232256736976711189168781572674051053206903735660064008201	-0.8844329309978143222381222066254039736375624633361826597721719640
7	5	6	-0.9853538358476930122394797176177663749267191655636366120677662336	-0.1705221926326237844029624838779488814032130104002261899573658494
7	6	5	0.4154150130018864255292741492296232035240049104645368124262233324	0.9096319953545183714117153830790284600602410511946441707561044503
7	6	7	-0.7367411378764049113081712804175510630885214488230157814076554279	-0.6761749002740194352804986161659714461903247607643797306260349137
7	7	1	0.8412535328311811688618116489193677175132924984205378986426501177	-0.5406408174555975821076359543186916954317706078981138400357498893
7	7	2	-0.8412535328311811688618116489193677175132924984205378986426501177	0.5406408174555975821076359543186916954317706078981138400357498893
7	7	6	0.8412535328311811688618116489193677175132924984205378986426501177	0.5406408174555975821076359543186916954317706078981138400357498893