1	1	1	1.000000000000000000000000000000000000000000000000000000000000000	0
1	2	2	1.000000000000000000000000000000000000000000000000000000000000000	0
1	3	3	1.000000000000000000000000000000000000000000000000000000000000000	0
1	4	4	1.000000000000000000000000000000000000000000000000000000000000000	0
1	5	5	1.000000000000000000000000000000000000000000000000000000000000000	0
1	6	6	1.000000000000000000000000000000000000000000000000000000000000000	0
1	7	7	1.000000000000000000000000000000000000000000000000000000000000000	0
2	1	2	1.000000000000000000000000000000000000000000000000000000000000000	0
2	2	1	-1.000000000000000000000000000000000000000000000000000000000000000	0
2	3	4	0.	-1.0000000000000000000000000000000000000000000000000000000000000000
2	4	3	0.	1.0000000000000000000000000000000000000000000000000000000000000000
2	5	6	1.000000000000000000000000000000000000000000000000000000000000000	0
2	6	5	-1.000000000000000000000000000000000000000000000000000000000000000	0
2	7	7	0.	-1.0000000000000000000000000000000000000000000000000000000000000000
3	1	3	1.000000000000000000000000000000000000000000000000000000000000000	0
3	2	4	0.	-1.0000000000000000000000000000000000000000000000000000000000000000
3	3	1	0.1950903220161282678482848684770222409276916177519548077545020895	-0.9807852804032304491261822361342390369739337308933360950029160885
3	3	6	0.8314696123025452370787883776179057567385608119872499634461245902	-0.5555702330196022247428308139485328743749371907548040459241535282
3	4	2	-0.9807852804032304491261822361342390369739337308933360950029160885	-0.1950903220161282678482848684770222409276916177519548077545020895
3	4	5	0.5555702330196022247428308139485328743749371907548040459241535282	0.8314696123025452370787883776179057567385608119872499634461245902
3	5	4	0.7071067811865475244008443621048490392848359376884740365883398690	0.7071067811865475244008443621048490392848359376884740365883398690
3	5	7	0.9238795325112867561281831893967882868224166258636424861150977313	0.3826834323650897717284599840303988667613445624856270414338006356
3	6	3	0.7071067811865475244008443621048490392848359376884740365883398690	-0.7071067811865475244008443621048490392848359376884740365883398690
3	6	7	-0.3826834323650897717284599840303988667613445624856270414338006356	0.9238795325112867561281831893967882868224166258636424861150977313
3	7	5	-0.1950903220161282678482848684770222409276916177519548077545020895	-0.9807852804032304491261822361342390369739337308933360950029160885
3	7	6	0.9807852804032304491261822361342390369739337308933360950029160885	-0.1950903220161282678482848684770222409276916177519548077545020895
4	1	4	1.000000000000000000000000000000000000000000000000000000000000000	0
4	2	3	0.	1.0000000000000000000000000000000000000000000000000000000000000000
4	3	2	-0.9807852804032304491261822361342390369739337308933360950029160885	-0.1950903220161282678482848684770222409276916177519548077545020895
4	3	5	0.5555702330196022247428308139485328743749371907548040459241535282	0.8314696123025452370787883776179057567385608119872499634461245902
4	4	1	0.1950903220161282678482848684770222409276916177519548077545020895	-0.9807852804032304491261822361342390369739337308933360950029160885
4	4	6	0.8314696123025452370787883776179057567385608119872499634461245902	-0.5555702330196022247428308139485328743749371907548040459241535282
4	5	3	0.7071067811865475244008443621048490392848359376884740365883398690	0.7071067811865475244008443621048490392848359376884740365883398690
4	5	7	0.9238795325112867561281831893967882868224166258636424861150977313	0.3826834323650897717284599840303988667613445624856270414338006356
4	6	4	-0.7071067811865475244008443621048490392848359376884740365883398690	0.7071067811865475244008443621048490392848359376884740365883398690
4	6	7	0.3826834323650897717284599840303988667613445624856270414338006356	-0.9238795325112867561281831893967882868224166258636424861150977313
4	7	5	0.1950903220161282678482848684770222409276916177519548077545020895	0.9807852804032304491261822361342390369739337308933360950029160885
4	7	6	-0.9807852804032304491261822361342390369739337308933360950029160885	0.1950903220161282678482848684770222409276916177519548077545020895
5	1	5	1.000000000000000000000000000000000000000000000000000000000000000	0
5	2	6	1.000000000000000000000000000000000000000000000000000000000000000	0
5	3	4	0.7071067811865475244008443621048490392848359376884740365883398690	0.7071067811865475244008443621048490392848359376884740365883398690
5	3	7	0.9238795325112867561281831893967882868224166258636424861150977313	0.3826834323650897717284599840303988667613445624856270414338006356
5	4	3	0.7071067811865475244008443621048490392848359376884740365883398690	0.7071067811865475244008443621048490392848359376884740365883398690
5	4	7	0.9238795325112867561281831893967882868224166258636424861150977313	0.3826834323650897717284599840303988667613445624856270414338006356
5	5	1	0.	1.0000000000000000000000000000000000000000000000000000000000000000
5	5	5	0.7071067811865475244008443621048490392848359376884740365883398690	0.7071067811865475244008443621048490392848359376884740365883398690
5	5	6	-0.7071067811865475244008443621048490392848359376884740365883398690	0.7071067811865475244008443621048490392848359376884740365883398690
5	6	2	0.	1.0000000000000000000000000000000000000000000000000000000000000000
5	6	5	-0.7071067811865475244008443621048490392848359376884740365883398690	0.7071067811865475244008443621048490392848359376884740365883398690
5	6	6	0.7071067811865475244008443621048490392848359376884740365883398690	0.7071067811865475244008443621048490392848359376884740365883398690
5	7	3	0.3826834323650897717284599840303988667613445624856270414338006356	0.9238795325112867561281831893967882868224166258636424861150977313
5	7	4	0.3826834323650897717284599840303988667613445624856270414338006356	0.9238795325112867561281831893967882868224166258636424861150977313
5	7	7	0.7071067811865475244008443621048490392848359376884740365883398690	0.7071067811865475244008443621048490392848359376884740365883398690
6	1	6	1.000000000000000000000000000000000000000000000000000000000000000	0
6	2	5	-1.000000000000000000000000000000000000000000000000000000000000000	0
6	3	3	0.7071067811865475244008443621048490392848359376884740365883398690	-0.7071067811865475244008443621048490392848359376884740365883398690
6	3	7	-0.3826834323650897717284599840303988667613445624856270414338006356	0.9238795325112867561281831893967882868224166258636424861150977313
6	4	4	-0.7071067811865475244008443621048490392848359376884740365883398690	0.7071067811865475244008443621048490392848359376884740365883398690
6	4	7	0.3826834323650897717284599840303988667613445624856270414338006356	-0.9238795325112867561281831893967882868224166258636424861150977313
6	5	2	0.	1.0000000000000000000000000000000000000000000000000000000000000000
6	5	5	-0.7071067811865475244008443621048490392848359376884740365883398690	0.7071067811865475244008443621048490392848359376884740365883398690
6	5	6	0.7071067811865475244008443621048490392848359376884740365883398690	0.7071067811865475244008443621048490392848359376884740365883398690
6	6	1	0.	-1.0000000000000000000000000000000000000000000000000000000000000000
6	6	5	-0.7071067811865475244008443621048490392848359376884740365883398690	-0.7071067811865475244008443621048490392848359376884740365883398690
6	6	6	0.7071067811865475244008443621048490392848359376884740365883398690	-0.7071067811865475244008443621048490392848359376884740365883398690
6	7	3	-0.9238795325112867561281831893967882868224166258636424861150977313	0.3826834323650897717284599840303988667613445624856270414338006356
6	7	4	0.9238795325112867561281831893967882868224166258636424861150977313	-0.3826834323650897717284599840303988667613445624856270414338006356
6	7	7	0.7071067811865475244008443621048490392848359376884740365883398690	-0.7071067811865475244008443621048490392848359376884740365883398690
7	1	7	1.000000000000000000000000000000000000000000000000000000000000000	0
7	2	7	0.	-1.0000000000000000000000000000000000000000000000000000000000000000
7	3	5	-0.1950903220161282678482848684770222409276916177519548077545020895	-0.9807852804032304491261822361342390369739337308933360950029160885
7	3	6	0.9807852804032304491261822361342390369739337308933360950029160885	-0.1950903220161282678482848684770222409276916177519548077545020895
7	4	5	0.1950903220161282678482848684770222409276916177519548077545020895	0.9807852804032304491261822361342390369739337308933360950029160885
7	4	6	-0.9807852804032304491261822361342390369739337308933360950029160885	0.1950903220161282678482848684770222409276916177519548077545020895
7	5	3	0.3826834323650897717284599840303988667613445624856270414338006356	0.9238795325112867561281831893967882868224166258636424861150977313
7	5	4	0.3826834323650897717284599840303988667613445624856270414338006356	0.9238795325112867561281831893967882868224166258636424861150977313
7	5	7	0.7071067811865475244008443621048490392848359376884740365883398690	0.7071067811865475244008443621048490392848359376884740365883398690
7	6	3	-0.9238795325112867561281831893967882868224166258636424861150977313	0.3826834323650897717284599840303988667613445624856270414338006356
7	6	4	0.9238795325112867561281831893967882868224166258636424861150977313	-0.3826834323650897717284599840303988667613445624856270414338006356
7	6	7	0.7071067811865475244008443621048490392848359376884740365883398690	-0.7071067811865475244008443621048490392848359376884740365883398690
7	7	1	0.8314696123025452370787883776179057567385608119872499634461245902	-0.5555702330196022247428308139485328743749371907548040459241535282
7	7	2	0.5555702330196022247428308139485328743749371907548040459241535282	0.8314696123025452370787883776179057567385608119872499634461245902
7	7	5	0.1950903220161282678482848684770222409276916177519548077545020895	-0.9807852804032304491261822361342390369739337308933360950029160885
7	7	6	0.9807852804032304491261822361342390369739337308933360950029160885	0.1950903220161282678482848684770222409276916177519548077545020895