1	1	1	1.000000000000000000000000000000000000000000000000000000000000000	0
1	2	2	1.000000000000000000000000000000000000000000000000000000000000000	0
1	3	3	1.000000000000000000000000000000000000000000000000000000000000000	0
1	4	4	1.000000000000000000000000000000000000000000000000000000000000000	0
2	1	2	1.000000000000000000000000000000000000000000000000000000000000000	0
2	2	1	-1.000000000000000000000000000000000000000000000000000000000000000	0
2	3	4	1.000000000000000000000000000000000000000000000000000000000000000	0
2	4	3	-1.000000000000000000000000000000000000000000000000000000000000000	0
3	1	3	1.000000000000000000000000000000000000000000000000000000000000000	0
3	2	4	1.000000000000000000000000000000000000000000000000000000000000000	0
3	3	1	0.	-1.0000000000000000000000000000000000000000000000000000000000000000
3	3	3	-0.7071067811865475244008443621048490392848359376884740365883398690	0.7071067811865475244008443621048490392848359376884740365883398690
3	3	4	0.7071067811865475244008443621048490392848359376884740365883398690	0.7071067811865475244008443621048490392848359376884740365883398690
3	4	2	0.	-1.0000000000000000000000000000000000000000000000000000000000000000
3	4	3	-0.7071067811865475244008443621048490392848359376884740365883398690	-0.7071067811865475244008443621048490392848359376884740365883398690
3	4	4	-0.7071067811865475244008443621048490392848359376884740365883398690	0.7071067811865475244008443621048490392848359376884740365883398690
4	1	4	1.000000000000000000000000000000000000000000000000000000000000000	0
4	2	3	-1.000000000000000000000000000000000000000000000000000000000000000	0
4	3	2	0.	-1.0000000000000000000000000000000000000000000000000000000000000000
4	3	3	-0.7071067811865475244008443621048490392848359376884740365883398690	-0.7071067811865475244008443621048490392848359376884740365883398690
4	3	4	-0.7071067811865475244008443621048490392848359376884740365883398690	0.7071067811865475244008443621048490392848359376884740365883398690
4	4	1	0.	1.0000000000000000000000000000000000000000000000000000000000000000
4	4	3	0.7071067811865475244008443621048490392848359376884740365883398690	-0.7071067811865475244008443621048490392848359376884740365883398690
4	4	4	-0.7071067811865475244008443621048490392848359376884740365883398690	-0.7071067811865475244008443621048490392848359376884740365883398690