1	1	1	1	1	1	1.000000000000000000000000000000000000000000000000000000000000000	0
1	1	2	2	1	2	1.000000000000000000000000000000000000000000000000000000000000000	0
1	1	3	3	1	3	1.000000000000000000000000000000000000000000000000000000000000000	0
1	1	4	4	1	4	1.000000000000000000000000000000000000000000000000000000000000000	0
1	2	1	2	2	2	1.000000000000000000000000000000000000000000000000000000000000000	0
1	2	2	1	2	1	1.000000000000000000000000000000000000000000000000000000000000000	0
1	2	3	4	2	4	1.000000000000000000000000000000000000000000000000000000000000000	0
1	2	4	3	2	3	1.000000000000000000000000000000000000000000000000000000000000000	0
1	3	1	3	3	3	1.000000000000000000000000000000000000000000000000000000000000000	0
1	3	2	4	3	4	1.000000000000000000000000000000000000000000000000000000000000000	0
1	3	3	2	3	2	1.000000000000000000000000000000000000000000000000000000000000000	0
1	3	3	3	3	3	1.000000000000000000000000000000000000000000000000000000000000000	0
1	3	3	4	3	4	1.000000000000000000000000000000000000000000000000000000000000000	0
1	3	4	1	3	1	1.000000000000000000000000000000000000000000000000000000000000000	0
1	3	4	3	3	3	1.000000000000000000000000000000000000000000000000000000000000000	0
1	3	4	4	3	4	1.000000000000000000000000000000000000000000000000000000000000000	0
1	4	1	4	4	4	1.000000000000000000000000000000000000000000000000000000000000000	0
1	4	2	3	4	3	1.000000000000000000000000000000000000000000000000000000000000000	0
1	4	3	1	4	1	1.000000000000000000000000000000000000000000000000000000000000000	0
1	4	3	3	4	3	1.000000000000000000000000000000000000000000000000000000000000000	0
1	4	3	4	4	4	1.000000000000000000000000000000000000000000000000000000000000000	0
1	4	4	2	4	2	1.000000000000000000000000000000000000000000000000000000000000000	0
1	4	4	3	4	3	1.000000000000000000000000000000000000000000000000000000000000000	0
1	4	4	4	4	4	1.000000000000000000000000000000000000000000000000000000000000000	0
2	1	1	2	2	1	1.000000000000000000000000000000000000000000000000000000000000000	0
2	1	2	1	2	2	1.000000000000000000000000000000000000000000000000000000000000000	0
2	1	3	4	2	3	1.000000000000000000000000000000000000000000000000000000000000000	0
2	1	4	3	2	4	1.000000000000000000000000000000000000000000000000000000000000000	0
2	2	1	1	1	2	1.000000000000000000000000000000000000000000000000000000000000000	0
2	2	2	2	1	1	-1.000000000000000000000000000000000000000000000000000000000000000	0
2	2	3	3	1	4	1.000000000000000000000000000000000000000000000000000000000000000	0
2	2	4	4	1	3	-1.000000000000000000000000000000000000000000000000000000000000000	0
2	3	1	4	4	3	1.000000000000000000000000000000000000000000000000000000000000000	0
2	3	2	3	4	4	1.000000000000000000000000000000000000000000000000000000000000000	0
2	3	3	1	4	2	1.000000000000000000000000000000000000000000000000000000000000000	0
2	3	3	3	4	4	1.000000000000000000000000000000000000000000000000000000000000000	0
2	3	3	4	4	3	1.000000000000000000000000000000000000000000000000000000000000000	0
2	3	4	2	4	1	1.000000000000000000000000000000000000000000000000000000000000000	0
2	3	4	3	4	4	1.000000000000000000000000000000000000000000000000000000000000000	0
2	3	4	4	4	3	1.000000000000000000000000000000000000000000000000000000000000000	0
2	4	1	3	3	4	1.000000000000000000000000000000000000000000000000000000000000000	0
2	4	2	4	3	3	-1.000000000000000000000000000000000000000000000000000000000000000	0
2	4	3	2	3	1	-1.000000000000000000000000000000000000000000000000000000000000000	0
2	4	3	3	3	4	1.000000000000000000000000000000000000000000000000000000000000000	0
2	4	3	4	3	3	-1.000000000000000000000000000000000000000000000000000000000000000	0
2	4	4	1	3	2	1.000000000000000000000000000000000000000000000000000000000000000	0
2	4	4	3	3	4	1.000000000000000000000000000000000000000000000000000000000000000	0
2	4	4	4	3	3	-1.000000000000000000000000000000000000000000000000000000000000000	0
3	1	1	3	3	1	1.000000000000000000000000000000000000000000000000000000000000000	0
3	1	2	4	3	2	1.000000000000000000000000000000000000000000000000000000000000000	0
3	1	3	2	3	3	1.000000000000000000000000000000000000000000000000000000000000000	0
3	1	3	3	3	3	1.000000000000000000000000000000000000000000000000000000000000000	0
3	1	3	4	3	3	1.000000000000000000000000000000000000000000000000000000000000000	0
3	1	4	1	3	4	1.000000000000000000000000000000000000000000000000000000000000000	0
3	1	4	3	3	4	1.000000000000000000000000000000000000000000000000000000000000000	0
3	1	4	4	3	4	1.000000000000000000000000000000000000000000000000000000000000000	0
3	2	1	4	4	2	1.000000000000000000000000000000000000000000000000000000000000000	0
3	2	2	3	4	1	1.000000000000000000000000000000000000000000000000000000000000000	0
3	2	3	1	4	4	1.000000000000000000000000000000000000000000000000000000000000000	0
3	2	3	3	4	4	1.000000000000000000000000000000000000000000000000000000000000000	0
3	2	3	4	4	4	1.000000000000000000000000000000000000000000000000000000000000000	0
3	2	4	2	4	3	-1.000000000000000000000000000000000000000000000000000000000000000	0
3	2	4	3	4	3	1.000000000000000000000000000000000000000000000000000000000000000	0
3	2	4	4	4	3	-1.000000000000000000000000000000000000000000000000000000000000000	0
3	3	1	2	2	3	1.000000000000000000000000000000000000000000000000000000000000000	0
3	3	1	3	3	3	1.000000000000000000000000000000000000000000000000000000000000000	0
3	3	1	4	4	3	1.000000000000000000000000000000000000000000000000000000000000000	0
3	3	2	1	2	4	0.	1.0000000000000000000000000000000000000000000000000000000000000000
3	3	2	3	4	4	0.	-1.0000000000000000000000000000000000000000000000000000000000000000
3	3	2	4	3	4	-1.000000000000000000000000000000000000000000000000000000000000000	0
3	3	3	1	4	4	-0.7071067811865475244008443621048490392848359376884740365883398690	0.7071067811865475244008443621048490392848359376884740365883398690
3	3	3	2	3	3	-0.7071067811865475244008443621048490392848359376884740365883398690	-0.7071067811865475244008443621048490392848359376884740365883398690
3	3	3	3	3	3	-0.2071067811865475244008443621048490392848359376884740365883398690	0.5000000000000000000000000000000000000000000000000000000000000000
3	3	3	3	3	4	0.8408964152537145430311254762332148950400342623567845108132260860	0.
3	3	3	3	4	3	0.5946035575013605333587499852802379576464860462319087065095011124	-0.5946035575013605333587499852802379576464860462319087065095011124
3	3	3	3	4	4	0.5000000000000000000000000000000000000000000000000000000000000000	0.2071067811865475244008443621048490392848359376884740365883398690
3	3	3	4	2	2	-0.2928932188134524755991556378951509607151640623115259634116601310	-0.2928932188134524755991556378951509607151640623115259634116601310
3	3	3	4	2	3	0.643594252905582624735443437418209808924202742444007651156152009	0
3	3	3	4	2	4	-0.4550898605622273413043577578224685696201903784831500925882595695	-0.4550898605622273413043577578224685696201903784831500925882595695
3	3	3	4	3	2	0.4550898605622273413043577578224685696201903784831500925882595695	-0.4550898605622273413043577578224685696201903784831500925882595695
3	3	3	4	3	3	0.5000000000000000000000000000000000000000000000000000000000000000	-0.2071067811865475244008443621048490392848359376884740365883398690
3	3	3	4	3	4	0.2071067811865475244008443621048490392848359376884740365883398690	0.5000000000000000000000000000000000000000000000000000000000000000
3	3	3	4	4	2	0.643594252905582624735443437418209808924202742444007651156152009	0
3	3	3	4	4	3	-0.2071067811865475244008443621048490392848359376884740365883398690	-0.5000000000000000000000000000000000000000000000000000000000000000
3	3	3	4	4	4	-0.2071067811865475244008443621048490392848359376884740365883398690	-0.5000000000000000000000000000000000000000000000000000000000000000
3	3	4	1	3	4	0.7071067811865475244008443621048490392848359376884740365883398690	0.7071067811865475244008443621048490392848359376884740365883398690
3	3	4	2	4	3	-0.7071067811865475244008443621048490392848359376884740365883398690	-0.7071067811865475244008443621048490392848359376884740365883398690
3	3	4	3	2	1	0.2928932188134524755991556378951509607151640623115259634116601310	-0.2928932188134524755991556378951509607151640623115259634116601310
3	3	4	3	2	3	0.4550898605622273413043577578224685696201903784831500925882595695	-0.4550898605622273413043577578224685696201903784831500925882595695
3	3	4	3	2	4	0.	0.6435942529055826247354434374182098089242027424440076511561520094
3	3	4	3	3	1	-0.4550898605622273413043577578224685696201903784831500925882595695	0.4550898605622273413043577578224685696201903784831500925882595695
3	3	4	3	3	3	-0.2071067811865475244008443621048490392848359376884740365883398690	-0.5000000000000000000000000000000000000000000000000000000000000000
3	3	4	3	3	4	-0.5000000000000000000000000000000000000000000000000000000000000000	0.2071067811865475244008443621048490392848359376884740365883398690
3	3	4	3	4	1	0.	-0.6435942529055826247354434374182098089242027424440076511561520094
3	3	4	3	4	3	-0.5000000000000000000000000000000000000000000000000000000000000000	0.2071067811865475244008443621048490392848359376884740365883398690
3	3	4	3	4	4	-0.5000000000000000000000000000000000000000000000000000000000000000	0.2071067811865475244008443621048490392848359376884740365883398690
3	3	4	4	3	3	0.8408964152537145430311254762332148950400342623567845108132260860	0.
3	3	4	4	3	4	0.2071067811865475244008443621048490392848359376884740365883398690	-0.5000000000000000000000000000000000000000000000000000000000000000
3	3	4	4	4	3	-0.2071067811865475244008443621048490392848359376884740365883398690	0.5000000000000000000000000000000000000000000000000000000000000000
3	3	4	4	4	4	-0.5946035575013605333587499852802379576464860462319087065095011124	-0.5946035575013605333587499852802379576464860462319087065095011124
3	4	1	1	1	4	1.000000000000000000000000000000000000000000000000000000000000000	0
3	4	1	3	3	4	1.000000000000000000000000000000000000000000000000000000000000000	0
3	4	1	4	4	4	1.000000000000000000000000000000000000000000000000000000000000000	0
3	4	2	2	1	3	0.	1.0000000000000000000000000000000000000000000000000000000000000000
3	4	2	3	4	3	-1.000000000000000000000000000000000000000000000000000000000000000	0
3	4	2	4	3	3	0.	-1.0000000000000000000000000000000000000000000000000000000000000000
3	4	3	1	4	4	-0.7071067811865475244008443621048490392848359376884740365883398690	-0.7071067811865475244008443621048490392848359376884740365883398690
3	4	3	2	3	3	-0.7071067811865475244008443621048490392848359376884740365883398690	0.7071067811865475244008443621048490392848359376884740365883398690
3	4	3	3	1	1	-0.2928932188134524755991556378951509607151640623115259634116601310	-0.2928932188134524755991556378951509607151640623115259634116601310
3	4	3	3	1	3	-0.4550898605622273413043577578224685696201903784831500925882595695	-0.4550898605622273413043577578224685696201903784831500925882595695
3	4	3	3	1	4	0.643594252905582624735443437418209808924202742444007651156152009	0
3	4	3	3	3	1	0.643594252905582624735443437418209808924202742444007651156152009	0
3	4	3	3	3	3	-0.2071067811865475244008443621048490392848359376884740365883398690	-0.5000000000000000000000000000000000000000000000000000000000000000
3	4	3	3	3	4	-0.2071067811865475244008443621048490392848359376884740365883398690	-0.5000000000000000000000000000000000000000000000000000000000000000
3	4	3	3	4	1	0.4550898605622273413043577578224685696201903784831500925882595695	-0.4550898605622273413043577578224685696201903784831500925882595695
3	4	3	3	4	3	0.2071067811865475244008443621048490392848359376884740365883398690	0.5000000000000000000000000000000000000000000000000000000000000000
3	4	3	3	4	4	0.5000000000000000000000000000000000000000000000000000000000000000	-0.2071067811865475244008443621048490392848359376884740365883398690
3	4	3	4	3	3	0.5000000000000000000000000000000000000000000000000000000000000000	0.2071067811865475244008443621048490392848359376884740365883398690
3	4	3	4	3	4	-0.5946035575013605333587499852802379576464860462319087065095011124	0.5946035575013605333587499852802379576464860462319087065095011124
3	4	3	4	4	3	-0.8408964152537145430311254762332148950400342623567845108132260860	0.
3	4	3	4	4	4	-0.2071067811865475244008443621048490392848359376884740365883398690	0.5000000000000000000000000000000000000000000000000000000000000000
3	4	4	1	3	4	-0.7071067811865475244008443621048490392848359376884740365883398690	-0.7071067811865475244008443621048490392848359376884740365883398690
3	4	4	2	4	3	-0.7071067811865475244008443621048490392848359376884740365883398690	-0.7071067811865475244008443621048490392848359376884740365883398690
3	4	4	3	3	3	-0.5946035575013605333587499852802379576464860462319087065095011124	-0.5946035575013605333587499852802379576464860462319087065095011124
3	4	4	3	3	4	-0.2071067811865475244008443621048490392848359376884740365883398690	0.5000000000000000000000000000000000000000000000000000000000000000
3	4	4	3	4	3	0.2071067811865475244008443621048490392848359376884740365883398690	-0.5000000000000000000000000000000000000000000000000000000000000000
3	4	4	3	4	4	0.8408964152537145430311254762332148950400342623567845108132260860	0.
3	4	4	4	1	2	-0.2928932188134524755991556378951509607151640623115259634116601310	0.2928932188134524755991556378951509607151640623115259634116601310
3	4	4	4	1	3	0.	0.6435942529055826247354434374182098089242027424440076511561520094
3	4	4	4	1	4	-0.4550898605622273413043577578224685696201903784831500925882595695	0.4550898605622273413043577578224685696201903784831500925882595695
3	4	4	4	3	2	0.	0.6435942529055826247354434374182098089242027424440076511561520094
3	4	4	4	3	3	-0.5000000000000000000000000000000000000000000000000000000000000000	0.2071067811865475244008443621048490392848359376884740365883398690
3	4	4	4	3	4	0.5000000000000000000000000000000000000000000000000000000000000000	-0.2071067811865475244008443621048490392848359376884740365883398690
3	4	4	4	4	2	-0.4550898605622273413043577578224685696201903784831500925882595695	0.4550898605622273413043577578224685696201903784831500925882595695
3	4	4	4	4	3	0.5000000000000000000000000000000000000000000000000000000000000000	-0.2071067811865475244008443621048490392848359376884740365883398690
3	4	4	4	4	4	-0.2071067811865475244008443621048490392848359376884740365883398690	-0.5000000000000000000000000000000000000000000000000000000000000000
4	1	1	4	4	1	1.000000000000000000000000000000000000000000000000000000000000000	0
4	1	2	3	4	2	1.000000000000000000000000000000000000000000000000000000000000000	0
4	1	3	1	4	3	1.000000000000000000000000000000000000000000000000000000000000000	0
4	1	3	3	4	3	1.000000000000000000000000000000000000000000000000000000000000000	0
4	1	3	4	4	3	1.000000000000000000000000000000000000000000000000000000000000000	0
4	1	4	2	4	4	1.000000000000000000000000000000000000000000000000000000000000000	0
4	1	4	3	4	4	1.000000000000000000000000000000000000000000000000000000000000000	0
4	1	4	4	4	4	1.000000000000000000000000000000000000000000000000000000000000000	0
4	2	1	3	3	2	1.000000000000000000000000000000000000000000000000000000000000000	0
4	2	2	4	3	1	-1.000000000000000000000000000000000000000000000000000000000000000	0
4	2	3	2	3	4	-1.000000000000000000000000000000000000000000000000000000000000000	0
4	2	3	3	3	4	1.000000000000000000000000000000000000000000000000000000000000000	0
4	2	3	4	3	4	-1.000000000000000000000000000000000000000000000000000000000000000	0
4	2	4	1	3	3	-1.000000000000000000000000000000000000000000000000000000000000000	0
4	2	4	3	3	3	-1.000000000000000000000000000000000000000000000000000000000000000	0
4	2	4	4	3	3	-1.000000000000000000000000000000000000000000000000000000000000000	0
4	3	1	1	1	3	1.000000000000000000000000000000000000000000000000000000000000000	0
4	3	1	3	3	3	1.000000000000000000000000000000000000000000000000000000000000000	0
4	3	1	4	4	3	1.000000000000000000000000000000000000000000000000000000000000000	0
4	3	2	2	1	4	0.	-1.0000000000000000000000000000000000000000000000000000000000000000
4	3	2	3	4	4	-1.000000000000000000000000000000000000000000000000000000000000000	0
4	3	2	4	3	4	0.	1.0000000000000000000000000000000000000000000000000000000000000000
4	3	3	1	4	3	-0.7071067811865475244008443621048490392848359376884740365883398690	-0.7071067811865475244008443621048490392848359376884740365883398690
4	3	3	2	3	4	0.7071067811865475244008443621048490392848359376884740365883398690	-0.7071067811865475244008443621048490392848359376884740365883398690
4	3	3	3	1	2	-0.2928932188134524755991556378951509607151640623115259634116601310	-0.2928932188134524755991556378951509607151640623115259634116601310
4	3	3	3	1	3	0.643594252905582624735443437418209808924202742444007651156152009	0
4	3	3	3	1	4	-0.4550898605622273413043577578224685696201903784831500925882595695	-0.4550898605622273413043577578224685696201903784831500925882595695
4	3	3	3	3	2	0.643594252905582624735443437418209808924202742444007651156152009	0
4	3	3	3	3	3	-0.2071067811865475244008443621048490392848359376884740365883398690	-0.5000000000000000000000000000000000000000000000000000000000000000
4	3	3	3	3	4	-0.2071067811865475244008443621048490392848359376884740365883398690	-0.5000000000000000000000000000000000000000000000000000000000000000
4	3	3	3	4	2	0.4550898605622273413043577578224685696201903784831500925882595695	-0.4550898605622273413043577578224685696201903784831500925882595695
4	3	3	3	4	3	0.5000000000000000000000000000000000000000000000000000000000000000	-0.2071067811865475244008443621048490392848359376884740365883398690
4	3	3	3	4	4	0.2071067811865475244008443621048490392848359376884740365883398690	0.5000000000000000000000000000000000000000000000000000000000000000
4	3	3	4	3	3	-0.5946035575013605333587499852802379576464860462319087065095011124	0.5946035575013605333587499852802379576464860462319087065095011124
4	3	3	4	3	4	-0.5000000000000000000000000000000000000000000000000000000000000000	-0.2071067811865475244008443621048490392848359376884740365883398690
4	3	3	4	4	3	-0.2071067811865475244008443621048490392848359376884740365883398690	0.5000000000000000000000000000000000000000000000000000000000000000
4	3	3	4	4	4	0.8408964152537145430311254762332148950400342623567845108132260860	0.
4	3	4	1	3	3	-0.7071067811865475244008443621048490392848359376884740365883398690	-0.7071067811865475244008443621048490392848359376884740365883398690
4	3	4	2	4	4	0.7071067811865475244008443621048490392848359376884740365883398690	0.7071067811865475244008443621048490392848359376884740365883398690
4	3	4	3	3	3	-0.2071067811865475244008443621048490392848359376884740365883398690	0.5000000000000000000000000000000000000000000000000000000000000000
4	3	4	3	3	4	-0.5946035575013605333587499852802379576464860462319087065095011124	-0.5946035575013605333587499852802379576464860462319087065095011124
4	3	4	3	4	3	0.8408964152537145430311254762332148950400342623567845108132260860	0.
4	3	4	3	4	4	0.2071067811865475244008443621048490392848359376884740365883398690	-0.5000000000000000000000000000000000000000000000000000000000000000
4	3	4	4	1	1	-0.2928932188134524755991556378951509607151640623115259634116601310	0.2928932188134524755991556378951509607151640623115259634116601310
4	3	4	4	1	3	-0.4550898605622273413043577578224685696201903784831500925882595695	0.4550898605622273413043577578224685696201903784831500925882595695
4	3	4	4	1	4	0.	-0.6435942529055826247354434374182098089242027424440076511561520094
4	3	4	4	3	1	0.	0.6435942529055826247354434374182098089242027424440076511561520094
4	3	4	4	3	3	0.5000000000000000000000000000000000000000000000000000000000000000	-0.2071067811865475244008443621048490392848359376884740365883398690
4	3	4	4	3	4	0.5000000000000000000000000000000000000000000000000000000000000000	-0.2071067811865475244008443621048490392848359376884740365883398690
4	3	4	4	4	1	-0.4550898605622273413043577578224685696201903784831500925882595695	0.4550898605622273413043577578224685696201903784831500925882595695
4	3	4	4	4	3	-0.2071067811865475244008443621048490392848359376884740365883398690	-0.5000000000000000000000000000000000000000000000000000000000000000
4	3	4	4	4	4	-0.5000000000000000000000000000000000000000000000000000000000000000	0.2071067811865475244008443621048490392848359376884740365883398690
4	4	1	2	2	4	1.000000000000000000000000000000000000000000000000000000000000000	0
4	4	1	3	3	4	1.000000000000000000000000000000000000000000000000000000000000000	0
4	4	1	4	4	4	1.000000000000000000000000000000000000000000000000000000000000000	0
4	4	2	1	2	3	0.	1.0000000000000000000000000000000000000000000000000000000000000000
4	4	2	3	4	3	0.	-1.0000000000000000000000000000000000000000000000000000000000000000
4	4	2	4	3	3	1.000000000000000000000000000000000000000000000000000000000000000	0
4	4	3	1	4	3	-0.7071067811865475244008443621048490392848359376884740365883398690	0.7071067811865475244008443621048490392848359376884740365883398690
4	4	3	2	3	4	0.7071067811865475244008443621048490392848359376884740365883398690	0.7071067811865475244008443621048490392848359376884740365883398690
4	4	3	3	3	3	-0.8408964152537145430311254762332148950400342623567845108132260860	0.
4	4	3	3	3	4	-0.2071067811865475244008443621048490392848359376884740365883398690	0.5000000000000000000000000000000000000000000000000000000000000000
4	4	3	3	4	3	0.5000000000000000000000000000000000000000000000000000000000000000	0.2071067811865475244008443621048490392848359376884740365883398690
4	4	3	3	4	4	-0.5946035575013605333587499852802379576464860462319087065095011124	0.5946035575013605333587499852802379576464860462319087065095011124
4	4	3	4	2	1	-0.2928932188134524755991556378951509607151640623115259634116601310	-0.2928932188134524755991556378951509607151640623115259634116601310
4	4	3	4	2	3	-0.4550898605622273413043577578224685696201903784831500925882595695	-0.4550898605622273413043577578224685696201903784831500925882595695
4	4	3	4	2	4	0.643594252905582624735443437418209808924202742444007651156152009	0
4	4	3	4	3	1	-0.4550898605622273413043577578224685696201903784831500925882595695	0.4550898605622273413043577578224685696201903784831500925882595695
4	4	3	4	3	3	-0.2071067811865475244008443621048490392848359376884740365883398690	-0.5000000000000000000000000000000000000000000000000000000000000000
4	4	3	4	3	4	-0.5000000000000000000000000000000000000000000000000000000000000000	0.2071067811865475244008443621048490392848359376884740365883398690
4	4	3	4	4	1	0.643594252905582624735443437418209808924202742444007651156152009	0
4	4	3	4	4	3	-0.2071067811865475244008443621048490392848359376884740365883398690	-0.5000000000000000000000000000000000000000000000000000000000000000
4	4	3	4	4	4	-0.2071067811865475244008443621048490392848359376884740365883398690	-0.5000000000000000000000000000000000000000000000000000000000000000
4	4	4	1	3	3	-0.7071067811865475244008443621048490392848359376884740365883398690	-0.7071067811865475244008443621048490392848359376884740365883398690
4	4	4	2	4	4	-0.7071067811865475244008443621048490392848359376884740365883398690	-0.7071067811865475244008443621048490392848359376884740365883398690
4	4	4	3	2	2	-0.2928932188134524755991556378951509607151640623115259634116601310	0.2928932188134524755991556378951509607151640623115259634116601310
4	4	4	3	2	3	0.	0.6435942529055826247354434374182098089242027424440076511561520094
4	4	4	3	2	4	-0.4550898605622273413043577578224685696201903784831500925882595695	0.4550898605622273413043577578224685696201903784831500925882595695
4	4	4	3	3	2	-0.4550898605622273413043577578224685696201903784831500925882595695	0.4550898605622273413043577578224685696201903784831500925882595695
4	4	4	3	3	3	0.5000000000000000000000000000000000000000000000000000000000000000	-0.2071067811865475244008443621048490392848359376884740365883398690
4	4	4	3	3	4	-0.2071067811865475244008443621048490392848359376884740365883398690	-0.5000000000000000000000000000000000000000000000000000000000000000
4	4	4	3	4	2	0.	0.6435942529055826247354434374182098089242027424440076511561520094
4	4	4	3	4	3	-0.5000000000000000000000000000000000000000000000000000000000000000	0.2071067811865475244008443621048490392848359376884740365883398690
4	4	4	3	4	4	0.5000000000000000000000000000000000000000000000000000000000000000	-0.2071067811865475244008443621048490392848359376884740365883398690
4	4	4	4	3	3	-0.2071067811865475244008443621048490392848359376884740365883398690	0.5000000000000000000000000000000000000000000000000000000000000000
4	4	4	4	3	4	-0.8408964152537145430311254762332148950400342623567845108132260860	0.
4	4	4	4	4	3	-0.5946035575013605333587499852802379576464860462319087065095011124	-0.5946035575013605333587499852802379576464860462319087065095011124
4	4	4	4	4	4	-0.2071067811865475244008443621048490392848359376884740365883398690	0.5000000000000000000000000000000000000000000000000000000000000000