1	1	1	1	1	1	1.000000000000000000000000000000000000000000000000000000000000000	0
1	1	2	2	1	2	1.000000000000000000000000000000000000000000000000000000000000000	0
1	1	3	3	1	3	1.000000000000000000000000000000000000000000000000000000000000000	0
1	1	4	4	1	4	1.000000000000000000000000000000000000000000000000000000000000000	0
1	2	1	2	2	2	1.000000000000000000000000000000000000000000000000000000000000000	0
1	2	2	1	2	1	1.000000000000000000000000000000000000000000000000000000000000000	0
1	2	3	4	2	4	1.000000000000000000000000000000000000000000000000000000000000000	0
1	2	4	3	2	3	1.000000000000000000000000000000000000000000000000000000000000000	0
1	3	1	3	3	3	1.000000000000000000000000000000000000000000000000000000000000000	0
1	3	2	4	3	4	1.000000000000000000000000000000000000000000000000000000000000000	0
1	3	3	2	3	2	1.000000000000000000000000000000000000000000000000000000000000000	0
1	3	3	3	3	3	1.000000000000000000000000000000000000000000000000000000000000000	0
1	3	3	4	3	4	1.000000000000000000000000000000000000000000000000000000000000000	0
1	3	4	1	3	1	1.000000000000000000000000000000000000000000000000000000000000000	0
1	3	4	3	3	3	1.000000000000000000000000000000000000000000000000000000000000000	0
1	3	4	4	3	4	1.000000000000000000000000000000000000000000000000000000000000000	0
1	4	1	4	4	4	1.000000000000000000000000000000000000000000000000000000000000000	0
1	4	2	3	4	3	1.000000000000000000000000000000000000000000000000000000000000000	0
1	4	3	1	4	1	1.000000000000000000000000000000000000000000000000000000000000000	0
1	4	3	3	4	3	1.000000000000000000000000000000000000000000000000000000000000000	0
1	4	3	4	4	4	1.000000000000000000000000000000000000000000000000000000000000000	0
1	4	4	2	4	2	1.000000000000000000000000000000000000000000000000000000000000000	0
1	4	4	3	4	3	1.000000000000000000000000000000000000000000000000000000000000000	0
1	4	4	4	4	4	1.000000000000000000000000000000000000000000000000000000000000000	0
2	1	1	2	2	1	1.000000000000000000000000000000000000000000000000000000000000000	0
2	1	2	1	2	2	1.000000000000000000000000000000000000000000000000000000000000000	0
2	1	3	4	2	3	1.000000000000000000000000000000000000000000000000000000000000000	0
2	1	4	3	2	4	1.000000000000000000000000000000000000000000000000000000000000000	0
2	2	1	1	1	2	1.000000000000000000000000000000000000000000000000000000000000000	0
2	2	2	2	1	1	-1.000000000000000000000000000000000000000000000000000000000000000	0
2	2	3	3	1	4	1.000000000000000000000000000000000000000000000000000000000000000	0
2	2	4	4	1	3	-1.000000000000000000000000000000000000000000000000000000000000000	0
2	3	1	4	4	3	1.000000000000000000000000000000000000000000000000000000000000000	0
2	3	2	3	4	4	1.000000000000000000000000000000000000000000000000000000000000000	0
2	3	3	1	4	2	1.000000000000000000000000000000000000000000000000000000000000000	0
2	3	3	3	4	4	1.000000000000000000000000000000000000000000000000000000000000000	0
2	3	3	4	4	3	1.000000000000000000000000000000000000000000000000000000000000000	0
2	3	4	2	4	1	1.000000000000000000000000000000000000000000000000000000000000000	0
2	3	4	3	4	4	1.000000000000000000000000000000000000000000000000000000000000000	0
2	3	4	4	4	3	1.000000000000000000000000000000000000000000000000000000000000000	0
2	4	1	3	3	4	1.000000000000000000000000000000000000000000000000000000000000000	0
2	4	2	4	3	3	-1.000000000000000000000000000000000000000000000000000000000000000	0
2	4	3	2	3	1	-1.000000000000000000000000000000000000000000000000000000000000000	0
2	4	3	3	3	4	1.000000000000000000000000000000000000000000000000000000000000000	0
2	4	3	4	3	3	-1.000000000000000000000000000000000000000000000000000000000000000	0
2	4	4	1	3	2	1.000000000000000000000000000000000000000000000000000000000000000	0
2	4	4	3	3	4	1.000000000000000000000000000000000000000000000000000000000000000	0
2	4	4	4	3	3	-1.000000000000000000000000000000000000000000000000000000000000000	0
3	1	1	3	3	1	1.000000000000000000000000000000000000000000000000000000000000000	0
3	1	2	4	3	2	1.000000000000000000000000000000000000000000000000000000000000000	0
3	1	3	2	3	3	1.000000000000000000000000000000000000000000000000000000000000000	0
3	1	3	3	3	3	1.000000000000000000000000000000000000000000000000000000000000000	0
3	1	3	4	3	3	1.000000000000000000000000000000000000000000000000000000000000000	0
3	1	4	1	3	4	1.000000000000000000000000000000000000000000000000000000000000000	0
3	1	4	3	3	4	1.000000000000000000000000000000000000000000000000000000000000000	0
3	1	4	4	3	4	1.000000000000000000000000000000000000000000000000000000000000000	0
3	2	1	4	4	2	1.000000000000000000000000000000000000000000000000000000000000000	0
3	2	2	3	4	1	1.000000000000000000000000000000000000000000000000000000000000000	0
3	2	3	1	4	4	1.000000000000000000000000000000000000000000000000000000000000000	0
3	2	3	3	4	4	1.000000000000000000000000000000000000000000000000000000000000000	0
3	2	3	4	4	4	1.000000000000000000000000000000000000000000000000000000000000000	0
3	2	4	2	4	3	-1.000000000000000000000000000000000000000000000000000000000000000	0
3	2	4	3	4	3	1.000000000000000000000000000000000000000000000000000000000000000	0
3	2	4	4	4	3	-1.000000000000000000000000000000000000000000000000000000000000000	0
3	3	1	2	2	3	1.000000000000000000000000000000000000000000000000000000000000000	0
3	3	1	3	3	3	1.000000000000000000000000000000000000000000000000000000000000000	0
3	3	1	4	4	3	1.000000000000000000000000000000000000000000000000000000000000000	0
3	3	2	1	2	4	0.	-1.0000000000000000000000000000000000000000000000000000000000000000
3	3	2	3	4	4	0.	1.0000000000000000000000000000000000000000000000000000000000000000
3	3	2	4	3	4	-1.000000000000000000000000000000000000000000000000000000000000000	0
3	3	3	1	4	4	0.7071067811865475244008443621048490392848359376884740365883398690	0.7071067811865475244008443621048490392848359376884740365883398690
3	3	3	2	3	3	0.7071067811865475244008443621048490392848359376884740365883398690	-0.7071067811865475244008443621048490392848359376884740365883398690
3	3	3	3	3	3	1.2071067811865475244008443621048490392848359376884740365883398690	-0.5000000000000000000000000000000000000000000000000000000000000000
3	3	3	3	3	4	1.000000000000000000000000000000000000000000000000000000000000000	0
3	3	3	3	4	3	0.5000000000000000000000000000000000000000000000000000000000000000	0.5000000000000000000000000000000000000000000000000000000000000000
3	3	3	3	4	4	0.5000000000000000000000000000000000000000000000000000000000000000	1.2071067811865475244008443621048490392848359376884740365883398690
3	3	3	4	2	2	-1.7071067811865475244008443621048490392848359376884740365883398690	1.7071067811865475244008443621048490392848359376884740365883398690
3	3	3	4	2	3	1.000000000000000000000000000000000000000000000000000000000000000	0
3	3	3	4	2	4	0.7071067811865475244008443621048490392848359376884740365883398690	-0.7071067811865475244008443621048490392848359376884740365883398690
3	3	3	4	3	2	1.7071067811865475244008443621048490392848359376884740365883398690	1.7071067811865475244008443621048490392848359376884740365883398690
3	3	3	4	3	3	0.5000000000000000000000000000000000000000000000000000000000000000	-1.2071067811865475244008443621048490392848359376884740365883398690
3	3	3	4	3	4	-1.2071067811865475244008443621048490392848359376884740365883398690	-0.5000000000000000000000000000000000000000000000000000000000000000
3	3	3	4	4	2	-2.414213562373095048801688724209698078569671875376948073176679738	0
3	3	3	4	4	3	1.2071067811865475244008443621048490392848359376884740365883398690	0.5000000000000000000000000000000000000000000000000000000000000000
3	3	3	4	4	4	1.2071067811865475244008443621048490392848359376884740365883398690	0.5000000000000000000000000000000000000000000000000000000000000000
3	3	4	1	3	4	-0.7071067811865475244008443621048490392848359376884740365883398690	0.7071067811865475244008443621048490392848359376884740365883398690
3	3	4	2	4	3	0.7071067811865475244008443621048490392848359376884740365883398690	-0.7071067811865475244008443621048490392848359376884740365883398690
3	3	4	3	2	1	1.7071067811865475244008443621048490392848359376884740365883398690	1.7071067811865475244008443621048490392848359376884740365883398690
3	3	4	3	2	3	-0.7071067811865475244008443621048490392848359376884740365883398690	-0.7071067811865475244008443621048490392848359376884740365883398690
3	3	4	3	2	4	0.	-1.0000000000000000000000000000000000000000000000000000000000000000
3	3	4	3	3	1	-1.7071067811865475244008443621048490392848359376884740365883398690	-1.7071067811865475244008443621048490392848359376884740365883398690
3	3	4	3	3	3	1.2071067811865475244008443621048490392848359376884740365883398690	0.5000000000000000000000000000000000000000000000000000000000000000
3	3	4	3	3	4	-0.5000000000000000000000000000000000000000000000000000000000000000	1.2071067811865475244008443621048490392848359376884740365883398690
3	3	4	3	4	1	0.	-2.4142135623730950488016887242096980785696718753769480731766797380
3	3	4	3	4	3	-0.5000000000000000000000000000000000000000000000000000000000000000	1.2071067811865475244008443621048490392848359376884740365883398690
3	3	4	3	4	4	-0.5000000000000000000000000000000000000000000000000000000000000000	1.2071067811865475244008443621048490392848359376884740365883398690
3	3	4	4	3	3	1.000000000000000000000000000000000000000000000000000000000000000	0
3	3	4	4	3	4	-1.2071067811865475244008443621048490392848359376884740365883398690	0.5000000000000000000000000000000000000000000000000000000000000000
3	3	4	4	4	3	1.2071067811865475244008443621048490392848359376884740365883398690	-0.5000000000000000000000000000000000000000000000000000000000000000
3	3	4	4	4	4	-0.5000000000000000000000000000000000000000000000000000000000000000	0.5000000000000000000000000000000000000000000000000000000000000000
3	4	1	1	1	4	1.000000000000000000000000000000000000000000000000000000000000000	0
3	4	1	3	3	4	1.000000000000000000000000000000000000000000000000000000000000000	0
3	4	1	4	4	4	1.000000000000000000000000000000000000000000000000000000000000000	0
3	4	2	2	1	3	0.	-1.0000000000000000000000000000000000000000000000000000000000000000
3	4	2	3	4	3	-1.000000000000000000000000000000000000000000000000000000000000000	0
3	4	2	4	3	3	0.	1.0000000000000000000000000000000000000000000000000000000000000000
3	4	3	1	4	4	0.7071067811865475244008443621048490392848359376884740365883398690	-0.7071067811865475244008443621048490392848359376884740365883398690
3	4	3	2	3	3	0.7071067811865475244008443621048490392848359376884740365883398690	0.7071067811865475244008443621048490392848359376884740365883398690
3	4	3	3	1	1	-1.7071067811865475244008443621048490392848359376884740365883398690	1.7071067811865475244008443621048490392848359376884740365883398690
3	4	3	3	1	3	0.7071067811865475244008443621048490392848359376884740365883398690	-0.7071067811865475244008443621048490392848359376884740365883398690
3	4	3	3	1	4	1.000000000000000000000000000000000000000000000000000000000000000	0
3	4	3	3	3	1	-2.414213562373095048801688724209698078569671875376948073176679738	0
3	4	3	3	3	3	1.2071067811865475244008443621048490392848359376884740365883398690	0.5000000000000000000000000000000000000000000000000000000000000000
3	4	3	3	3	4	1.2071067811865475244008443621048490392848359376884740365883398690	0.5000000000000000000000000000000000000000000000000000000000000000
3	4	3	3	4	1	1.7071067811865475244008443621048490392848359376884740365883398690	1.7071067811865475244008443621048490392848359376884740365883398690
3	4	3	3	4	3	-1.2071067811865475244008443621048490392848359376884740365883398690	-0.5000000000000000000000000000000000000000000000000000000000000000
3	4	3	3	4	4	0.5000000000000000000000000000000000000000000000000000000000000000	-1.2071067811865475244008443621048490392848359376884740365883398690
3	4	3	4	3	3	0.5000000000000000000000000000000000000000000000000000000000000000	1.2071067811865475244008443621048490392848359376884740365883398690
3	4	3	4	3	4	-0.5000000000000000000000000000000000000000000000000000000000000000	-0.5000000000000000000000000000000000000000000000000000000000000000
3	4	3	4	4	3	-1.000000000000000000000000000000000000000000000000000000000000000	0
3	4	3	4	4	4	1.2071067811865475244008443621048490392848359376884740365883398690	-0.5000000000000000000000000000000000000000000000000000000000000000
3	4	4	1	3	4	0.7071067811865475244008443621048490392848359376884740365883398690	-0.7071067811865475244008443621048490392848359376884740365883398690
3	4	4	2	4	3	0.7071067811865475244008443621048490392848359376884740365883398690	-0.7071067811865475244008443621048490392848359376884740365883398690
3	4	4	3	3	3	-0.5000000000000000000000000000000000000000000000000000000000000000	0.5000000000000000000000000000000000000000000000000000000000000000
3	4	4	3	3	4	1.2071067811865475244008443621048490392848359376884740365883398690	-0.5000000000000000000000000000000000000000000000000000000000000000
3	4	4	3	4	3	-1.2071067811865475244008443621048490392848359376884740365883398690	0.5000000000000000000000000000000000000000000000000000000000000000
3	4	4	3	4	4	1.000000000000000000000000000000000000000000000000000000000000000	0
3	4	4	4	1	2	-1.7071067811865475244008443621048490392848359376884740365883398690	-1.7071067811865475244008443621048490392848359376884740365883398690
3	4	4	4	1	3	0.	-1.0000000000000000000000000000000000000000000000000000000000000000
3	4	4	4	1	4	0.7071067811865475244008443621048490392848359376884740365883398690	0.7071067811865475244008443621048490392848359376884740365883398690
3	4	4	4	3	2	0.	2.4142135623730950488016887242096980785696718753769480731766797380
3	4	4	4	3	3	-0.5000000000000000000000000000000000000000000000000000000000000000	1.2071067811865475244008443621048490392848359376884740365883398690
3	4	4	4	3	4	0.5000000000000000000000000000000000000000000000000000000000000000	-1.2071067811865475244008443621048490392848359376884740365883398690
3	4	4	4	4	2	-1.7071067811865475244008443621048490392848359376884740365883398690	-1.7071067811865475244008443621048490392848359376884740365883398690
3	4	4	4	4	3	0.5000000000000000000000000000000000000000000000000000000000000000	-1.2071067811865475244008443621048490392848359376884740365883398690
3	4	4	4	4	4	1.2071067811865475244008443621048490392848359376884740365883398690	0.5000000000000000000000000000000000000000000000000000000000000000
4	1	1	4	4	1	1.000000000000000000000000000000000000000000000000000000000000000	0
4	1	2	3	4	2	1.000000000000000000000000000000000000000000000000000000000000000	0
4	1	3	1	4	3	1.000000000000000000000000000000000000000000000000000000000000000	0
4	1	3	3	4	3	1.000000000000000000000000000000000000000000000000000000000000000	0
4	1	3	4	4	3	1.000000000000000000000000000000000000000000000000000000000000000	0
4	1	4	2	4	4	1.000000000000000000000000000000000000000000000000000000000000000	0
4	1	4	3	4	4	1.000000000000000000000000000000000000000000000000000000000000000	0
4	1	4	4	4	4	1.000000000000000000000000000000000000000000000000000000000000000	0
4	2	1	3	3	2	1.000000000000000000000000000000000000000000000000000000000000000	0
4	2	2	4	3	1	-1.000000000000000000000000000000000000000000000000000000000000000	0
4	2	3	2	3	4	-1.000000000000000000000000000000000000000000000000000000000000000	0
4	2	3	3	3	4	1.000000000000000000000000000000000000000000000000000000000000000	0
4	2	3	4	3	4	-1.000000000000000000000000000000000000000000000000000000000000000	0
4	2	4	1	3	3	-1.000000000000000000000000000000000000000000000000000000000000000	0
4	2	4	3	3	3	-1.000000000000000000000000000000000000000000000000000000000000000	0
4	2	4	4	3	3	-1.000000000000000000000000000000000000000000000000000000000000000	0
4	3	1	1	1	3	1.000000000000000000000000000000000000000000000000000000000000000	0
4	3	1	3	3	3	1.000000000000000000000000000000000000000000000000000000000000000	0
4	3	1	4	4	3	1.000000000000000000000000000000000000000000000000000000000000000	0
4	3	2	2	1	4	0.	1.0000000000000000000000000000000000000000000000000000000000000000
4	3	2	3	4	4	-1.000000000000000000000000000000000000000000000000000000000000000	0
4	3	2	4	3	4	0.	-1.0000000000000000000000000000000000000000000000000000000000000000
4	3	3	1	4	3	0.7071067811865475244008443621048490392848359376884740365883398690	-0.7071067811865475244008443621048490392848359376884740365883398690
4	3	3	2	3	4	-0.7071067811865475244008443621048490392848359376884740365883398690	-0.7071067811865475244008443621048490392848359376884740365883398690
4	3	3	3	1	2	-1.7071067811865475244008443621048490392848359376884740365883398690	1.7071067811865475244008443621048490392848359376884740365883398690
4	3	3	3	1	3	1.000000000000000000000000000000000000000000000000000000000000000	0
4	3	3	3	1	4	0.7071067811865475244008443621048490392848359376884740365883398690	-0.7071067811865475244008443621048490392848359376884740365883398690
4	3	3	3	3	2	-2.414213562373095048801688724209698078569671875376948073176679738	0
4	3	3	3	3	3	1.2071067811865475244008443621048490392848359376884740365883398690	0.5000000000000000000000000000000000000000000000000000000000000000
4	3	3	3	3	4	1.2071067811865475244008443621048490392848359376884740365883398690	0.5000000000000000000000000000000000000000000000000000000000000000
4	3	3	3	4	2	1.7071067811865475244008443621048490392848359376884740365883398690	1.7071067811865475244008443621048490392848359376884740365883398690
4	3	3	3	4	3	0.5000000000000000000000000000000000000000000000000000000000000000	-1.2071067811865475244008443621048490392848359376884740365883398690
4	3	3	3	4	4	-1.2071067811865475244008443621048490392848359376884740365883398690	-0.5000000000000000000000000000000000000000000000000000000000000000
4	3	3	4	3	3	-0.5000000000000000000000000000000000000000000000000000000000000000	-0.5000000000000000000000000000000000000000000000000000000000000000
4	3	3	4	3	4	-0.5000000000000000000000000000000000000000000000000000000000000000	-1.2071067811865475244008443621048490392848359376884740365883398690
4	3	3	4	4	3	1.2071067811865475244008443621048490392848359376884740365883398690	-0.5000000000000000000000000000000000000000000000000000000000000000
4	3	3	4	4	4	1.000000000000000000000000000000000000000000000000000000000000000	0
4	3	4	1	3	3	0.7071067811865475244008443621048490392848359376884740365883398690	-0.7071067811865475244008443621048490392848359376884740365883398690
4	3	4	2	4	4	-0.7071067811865475244008443621048490392848359376884740365883398690	0.7071067811865475244008443621048490392848359376884740365883398690
4	3	4	3	3	3	1.2071067811865475244008443621048490392848359376884740365883398690	-0.5000000000000000000000000000000000000000000000000000000000000000
4	3	4	3	3	4	-0.5000000000000000000000000000000000000000000000000000000000000000	0.5000000000000000000000000000000000000000000000000000000000000000
4	3	4	3	4	3	1.000000000000000000000000000000000000000000000000000000000000000	0
4	3	4	3	4	4	-1.2071067811865475244008443621048490392848359376884740365883398690	0.5000000000000000000000000000000000000000000000000000000000000000
4	3	4	4	1	1	-1.7071067811865475244008443621048490392848359376884740365883398690	-1.7071067811865475244008443621048490392848359376884740365883398690
4	3	4	4	1	3	0.7071067811865475244008443621048490392848359376884740365883398690	0.7071067811865475244008443621048490392848359376884740365883398690
4	3	4	4	1	4	0.	1.0000000000000000000000000000000000000000000000000000000000000000
4	3	4	4	3	1	0.	2.4142135623730950488016887242096980785696718753769480731766797380
4	3	4	4	3	3	0.5000000000000000000000000000000000000000000000000000000000000000	-1.2071067811865475244008443621048490392848359376884740365883398690
4	3	4	4	3	4	0.5000000000000000000000000000000000000000000000000000000000000000	-1.2071067811865475244008443621048490392848359376884740365883398690
4	3	4	4	4	1	-1.7071067811865475244008443621048490392848359376884740365883398690	-1.7071067811865475244008443621048490392848359376884740365883398690
4	3	4	4	4	3	1.2071067811865475244008443621048490392848359376884740365883398690	0.5000000000000000000000000000000000000000000000000000000000000000
4	3	4	4	4	4	-0.5000000000000000000000000000000000000000000000000000000000000000	1.2071067811865475244008443621048490392848359376884740365883398690
4	4	1	2	2	4	1.000000000000000000000000000000000000000000000000000000000000000	0
4	4	1	3	3	4	1.000000000000000000000000000000000000000000000000000000000000000	0
4	4	1	4	4	4	1.000000000000000000000000000000000000000000000000000000000000000	0
4	4	2	1	2	3	0.	-1.0000000000000000000000000000000000000000000000000000000000000000
4	4	2	3	4	3	0.	1.0000000000000000000000000000000000000000000000000000000000000000
4	4	2	4	3	3	1.000000000000000000000000000000000000000000000000000000000000000	0
4	4	3	1	4	3	0.7071067811865475244008443621048490392848359376884740365883398690	0.7071067811865475244008443621048490392848359376884740365883398690
4	4	3	2	3	4	-0.7071067811865475244008443621048490392848359376884740365883398690	0.7071067811865475244008443621048490392848359376884740365883398690
4	4	3	3	3	3	-1.000000000000000000000000000000000000000000000000000000000000000	0
4	4	3	3	3	4	1.2071067811865475244008443621048490392848359376884740365883398690	-0.5000000000000000000000000000000000000000000000000000000000000000
4	4	3	3	4	3	0.5000000000000000000000000000000000000000000000000000000000000000	1.2071067811865475244008443621048490392848359376884740365883398690
4	4	3	3	4	4	-0.5000000000000000000000000000000000000000000000000000000000000000	-0.5000000000000000000000000000000000000000000000000000000000000000
4	4	3	4	2	1	-1.7071067811865475244008443621048490392848359376884740365883398690	1.7071067811865475244008443621048490392848359376884740365883398690
4	4	3	4	2	3	0.7071067811865475244008443621048490392848359376884740365883398690	-0.7071067811865475244008443621048490392848359376884740365883398690
4	4	3	4	2	4	1.000000000000000000000000000000000000000000000000000000000000000	0
4	4	3	4	3	1	-1.7071067811865475244008443621048490392848359376884740365883398690	-1.7071067811865475244008443621048490392848359376884740365883398690
4	4	3	4	3	3	1.2071067811865475244008443621048490392848359376884740365883398690	0.5000000000000000000000000000000000000000000000000000000000000000
4	4	3	4	3	4	-0.5000000000000000000000000000000000000000000000000000000000000000	1.2071067811865475244008443621048490392848359376884740365883398690
4	4	3	4	4	1	-2.414213562373095048801688724209698078569671875376948073176679738	0
4	4	3	4	4	3	1.2071067811865475244008443621048490392848359376884740365883398690	0.5000000000000000000000000000000000000000000000000000000000000000
4	4	3	4	4	4	1.2071067811865475244008443621048490392848359376884740365883398690	0.5000000000000000000000000000000000000000000000000000000000000000
4	4	4	1	3	3	0.7071067811865475244008443621048490392848359376884740365883398690	-0.7071067811865475244008443621048490392848359376884740365883398690
4	4	4	2	4	4	0.7071067811865475244008443621048490392848359376884740365883398690	-0.7071067811865475244008443621048490392848359376884740365883398690
4	4	4	3	2	2	-1.7071067811865475244008443621048490392848359376884740365883398690	-1.7071067811865475244008443621048490392848359376884740365883398690
4	4	4	3	2	3	0.	-1.0000000000000000000000000000000000000000000000000000000000000000
4	4	4	3	2	4	0.7071067811865475244008443621048490392848359376884740365883398690	0.7071067811865475244008443621048490392848359376884740365883398690
4	4	4	3	3	2	-1.7071067811865475244008443621048490392848359376884740365883398690	-1.7071067811865475244008443621048490392848359376884740365883398690
4	4	4	3	3	3	0.5000000000000000000000000000000000000000000000000000000000000000	-1.2071067811865475244008443621048490392848359376884740365883398690
4	4	4	3	3	4	1.2071067811865475244008443621048490392848359376884740365883398690	0.5000000000000000000000000000000000000000000000000000000000000000
4	4	4	3	4	2	0.	2.4142135623730950488016887242096980785696718753769480731766797380
4	4	4	3	4	3	-0.5000000000000000000000000000000000000000000000000000000000000000	1.2071067811865475244008443621048490392848359376884740365883398690
4	4	4	3	4	4	0.5000000000000000000000000000000000000000000000000000000000000000	-1.2071067811865475244008443621048490392848359376884740365883398690
4	4	4	4	3	3	1.2071067811865475244008443621048490392848359376884740365883398690	-0.5000000000000000000000000000000000000000000000000000000000000000
4	4	4	4	3	4	-1.000000000000000000000000000000000000000000000000000000000000000	0
4	4	4	4	4	3	-0.5000000000000000000000000000000000000000000000000000000000000000	0.5000000000000000000000000000000000000000000000000000000000000000
4	4	4	4	4	4	1.2071067811865475244008443621048490392848359376884740365883398690	-0.5000000000000000000000000000000000000000000000000000000000000000