1	1	1	1	1	1	1.000000000000000000000000000000000000000000000000000000000000000	0
1	1	2	2	1	2	1.000000000000000000000000000000000000000000000000000000000000000	0
1	1	3	3	1	3	1.000000000000000000000000000000000000000000000000000000000000000	0
1	1	4	4	1	4	1.000000000000000000000000000000000000000000000000000000000000000	0
1	1	5	5	1	5	1.000000000000000000000000000000000000000000000000000000000000000	0
1	1	6	6	1	6	1.000000000000000000000000000000000000000000000000000000000000000	0
1	2	1	2	2	2	1.000000000000000000000000000000000000000000000000000000000000000	0
1	2	2	1	2	1	1.000000000000000000000000000000000000000000000000000000000000000	0
1	2	3	4	2	4	1.000000000000000000000000000000000000000000000000000000000000000	0
1	2	4	3	2	3	1.000000000000000000000000000000000000000000000000000000000000000	0
1	2	5	6	2	6	1.000000000000000000000000000000000000000000000000000000000000000	0
1	2	6	5	2	5	1.000000000000000000000000000000000000000000000000000000000000000	0
1	3	1	3	3	3	1.000000000000000000000000000000000000000000000000000000000000000	0
1	3	2	4	3	4	1.000000000000000000000000000000000000000000000000000000000000000	0
1	3	3	1	3	1	1.000000000000000000000000000000000000000000000000000000000000000	0
1	3	3	5	3	5	1.000000000000000000000000000000000000000000000000000000000000000	0
1	3	4	2	3	2	1.000000000000000000000000000000000000000000000000000000000000000	0
1	3	4	6	3	6	1.000000000000000000000000000000000000000000000000000000000000000	0
1	3	5	3	3	3	1.000000000000000000000000000000000000000000000000000000000000000	0
1	3	5	5	3	5	1.000000000000000000000000000000000000000000000000000000000000000	0
1	3	6	4	3	4	1.000000000000000000000000000000000000000000000000000000000000000	0
1	3	6	6	3	6	1.000000000000000000000000000000000000000000000000000000000000000	0
1	4	1	4	4	4	1.000000000000000000000000000000000000000000000000000000000000000	0
1	4	2	3	4	3	1.000000000000000000000000000000000000000000000000000000000000000	0
1	4	3	2	4	2	1.000000000000000000000000000000000000000000000000000000000000000	0
1	4	3	6	4	6	1.000000000000000000000000000000000000000000000000000000000000000	0
1	4	4	1	4	1	1.000000000000000000000000000000000000000000000000000000000000000	0
1	4	4	5	4	5	1.000000000000000000000000000000000000000000000000000000000000000	0
1	4	5	4	4	4	1.000000000000000000000000000000000000000000000000000000000000000	0
1	4	5	6	4	6	1.000000000000000000000000000000000000000000000000000000000000000	0
1	4	6	3	4	3	1.000000000000000000000000000000000000000000000000000000000000000	0
1	4	6	5	4	5	1.000000000000000000000000000000000000000000000000000000000000000	0
1	5	1	5	5	5	1.000000000000000000000000000000000000000000000000000000000000000	0
1	5	2	6	5	6	1.000000000000000000000000000000000000000000000000000000000000000	0
1	5	3	3	5	3	1.000000000000000000000000000000000000000000000000000000000000000	0
1	5	3	5	5	5	1.000000000000000000000000000000000000000000000000000000000000000	0
1	5	4	4	5	4	1.000000000000000000000000000000000000000000000000000000000000000	0
1	5	4	6	5	6	1.000000000000000000000000000000000000000000000000000000000000000	0
1	5	5	1	5	1	1.000000000000000000000000000000000000000000000000000000000000000	0
1	5	5	3	5	3	1.000000000000000000000000000000000000000000000000000000000000000	0
1	5	5	5	5	5	1.000000000000000000000000000000000000000000000000000000000000000	0
1	5	6	2	5	2	1.000000000000000000000000000000000000000000000000000000000000000	0
1	5	6	4	5	4	1.000000000000000000000000000000000000000000000000000000000000000	0
1	5	6	6	5	6	1.000000000000000000000000000000000000000000000000000000000000000	0
1	6	1	6	6	6	1.000000000000000000000000000000000000000000000000000000000000000	0
1	6	2	5	6	5	1.000000000000000000000000000000000000000000000000000000000000000	0
1	6	3	4	6	4	1.000000000000000000000000000000000000000000000000000000000000000	0
1	6	3	6	6	6	1.000000000000000000000000000000000000000000000000000000000000000	0
1	6	4	3	6	3	1.000000000000000000000000000000000000000000000000000000000000000	0
1	6	4	5	6	5	1.000000000000000000000000000000000000000000000000000000000000000	0
1	6	5	2	6	2	1.000000000000000000000000000000000000000000000000000000000000000	0
1	6	5	4	6	4	1.000000000000000000000000000000000000000000000000000000000000000	0
1	6	5	6	6	6	1.000000000000000000000000000000000000000000000000000000000000000	0
1	6	6	1	6	1	1.000000000000000000000000000000000000000000000000000000000000000	0
1	6	6	3	6	3	1.000000000000000000000000000000000000000000000000000000000000000	0
1	6	6	5	6	5	1.000000000000000000000000000000000000000000000000000000000000000	0
2	1	1	2	2	1	1.000000000000000000000000000000000000000000000000000000000000000	0
2	1	2	1	2	2	1.000000000000000000000000000000000000000000000000000000000000000	0
2	1	3	4	2	3	1.000000000000000000000000000000000000000000000000000000000000000	0
2	1	4	3	2	4	1.000000000000000000000000000000000000000000000000000000000000000	0
2	1	5	6	2	5	1.000000000000000000000000000000000000000000000000000000000000000	0
2	1	6	5	2	6	1.000000000000000000000000000000000000000000000000000000000000000	0
2	2	1	1	1	2	1.000000000000000000000000000000000000000000000000000000000000000	0
2	2	2	2	1	1	-1.000000000000000000000000000000000000000000000000000000000000000	0
2	2	3	3	1	4	1.000000000000000000000000000000000000000000000000000000000000000	0
2	2	4	4	1	3	-1.000000000000000000000000000000000000000000000000000000000000000	0
2	2	5	5	1	6	1.000000000000000000000000000000000000000000000000000000000000000	0
2	2	6	6	1	5	-1.000000000000000000000000000000000000000000000000000000000000000	0
2	3	1	4	4	3	1.000000000000000000000000000000000000000000000000000000000000000	0
2	3	2	3	4	4	1.000000000000000000000000000000000000000000000000000000000000000	0
2	3	3	2	4	1	1.000000000000000000000000000000000000000000000000000000000000000	0
2	3	3	6	4	5	1.000000000000000000000000000000000000000000000000000000000000000	0
2	3	4	1	4	2	1.000000000000000000000000000000000000000000000000000000000000000	0
2	3	4	5	4	6	1.000000000000000000000000000000000000000000000000000000000000000	0
2	3	5	4	4	3	1.000000000000000000000000000000000000000000000000000000000000000	0
2	3	5	6	4	5	1.000000000000000000000000000000000000000000000000000000000000000	0
2	3	6	3	4	4	1.000000000000000000000000000000000000000000000000000000000000000	0
2	3	6	5	4	6	1.000000000000000000000000000000000000000000000000000000000000000	0
2	4	1	3	3	4	1.000000000000000000000000000000000000000000000000000000000000000	0
2	4	2	4	3	3	-1.000000000000000000000000000000000000000000000000000000000000000	0
2	4	3	1	3	2	1.000000000000000000000000000000000000000000000000000000000000000	0
2	4	3	5	3	6	1.000000000000000000000000000000000000000000000000000000000000000	0
2	4	4	2	3	1	-1.000000000000000000000000000000000000000000000000000000000000000	0
2	4	4	6	3	5	-1.000000000000000000000000000000000000000000000000000000000000000	0
2	4	5	3	3	4	1.000000000000000000000000000000000000000000000000000000000000000	0
2	4	5	5	3	6	1.000000000000000000000000000000000000000000000000000000000000000	0
2	4	6	4	3	3	-1.000000000000000000000000000000000000000000000000000000000000000	0
2	4	6	6	3	5	-1.000000000000000000000000000000000000000000000000000000000000000	0
2	5	1	6	6	5	1.000000000000000000000000000000000000000000000000000000000000000	0
2	5	2	5	6	6	1.000000000000000000000000000000000000000000000000000000000000000	0
2	5	3	4	6	3	1.000000000000000000000000000000000000000000000000000000000000000	0
2	5	3	6	6	5	1.000000000000000000000000000000000000000000000000000000000000000	0
2	5	4	3	6	4	1.000000000000000000000000000000000000000000000000000000000000000	0
2	5	4	5	6	6	1.000000000000000000000000000000000000000000000000000000000000000	0
2	5	5	2	6	1	1.000000000000000000000000000000000000000000000000000000000000000	0
2	5	5	4	6	3	1.000000000000000000000000000000000000000000000000000000000000000	0
2	5	5	6	6	5	1.000000000000000000000000000000000000000000000000000000000000000	0
2	5	6	1	6	2	1.000000000000000000000000000000000000000000000000000000000000000	0
2	5	6	3	6	4	1.000000000000000000000000000000000000000000000000000000000000000	0
2	5	6	5	6	6	1.000000000000000000000000000000000000000000000000000000000000000	0
2	6	1	5	5	6	1.000000000000000000000000000000000000000000000000000000000000000	0
2	6	2	6	5	5	-1.000000000000000000000000000000000000000000000000000000000000000	0
2	6	3	3	5	4	1.000000000000000000000000000000000000000000000000000000000000000	0
2	6	3	5	5	6	1.000000000000000000000000000000000000000000000000000000000000000	0
2	6	4	4	5	3	-1.000000000000000000000000000000000000000000000000000000000000000	0
2	6	4	6	5	5	-1.000000000000000000000000000000000000000000000000000000000000000	0
2	6	5	1	5	2	1.000000000000000000000000000000000000000000000000000000000000000	0
2	6	5	3	5	4	1.000000000000000000000000000000000000000000000000000000000000000	0
2	6	5	5	5	6	1.000000000000000000000000000000000000000000000000000000000000000	0
2	6	6	2	5	1	-1.000000000000000000000000000000000000000000000000000000000000000	0
2	6	6	4	5	3	-1.000000000000000000000000000000000000000000000000000000000000000	0
2	6	6	6	5	5	-1.000000000000000000000000000000000000000000000000000000000000000	0
3	1	1	3	3	1	1.000000000000000000000000000000000000000000000000000000000000000	0
3	1	2	4	3	2	1.000000000000000000000000000000000000000000000000000000000000000	0
3	1	3	1	3	3	1.000000000000000000000000000000000000000000000000000000000000000	0
3	1	3	5	3	3	1.000000000000000000000000000000000000000000000000000000000000000	0
3	1	4	2	3	4	1.000000000000000000000000000000000000000000000000000000000000000	0
3	1	4	6	3	4	1.000000000000000000000000000000000000000000000000000000000000000	0
3	1	5	3	3	5	1.000000000000000000000000000000000000000000000000000000000000000	0
3	1	5	5	3	5	1.000000000000000000000000000000000000000000000000000000000000000	0
3	1	6	4	3	6	1.000000000000000000000000000000000000000000000000000000000000000	0
3	1	6	6	3	6	1.000000000000000000000000000000000000000000000000000000000000000	0
3	2	1	4	4	2	1.000000000000000000000000000000000000000000000000000000000000000	0
3	2	2	3	4	1	1.000000000000000000000000000000000000000000000000000000000000000	0
3	2	3	2	4	4	1.000000000000000000000000000000000000000000000000000000000000000	0
3	2	3	6	4	4	0.554958132087371191422194871006410481067288862470910089376025968	0
3	2	4	1	4	3	1.000000000000000000000000000000000000000000000000000000000000000	0
3	2	4	5	4	3	1.801937735804838252472204639014890102331838324263714300107124846	0
3	2	5	4	4	6	0.554958132087371191422194871006410481067288862470910089376025968	0
3	2	5	6	4	6	1.000000000000000000000000000000000000000000000000000000000000000	0
3	2	6	3	4	5	1.801937735804838252472204639014890102331838324263714300107124846	0
3	2	6	5	4	5	1.000000000000000000000000000000000000000000000000000000000000000	0
3	3	1	1	1	3	1.000000000000000000000000000000000000000000000000000000000000000	0
3	3	1	5	5	3	1.000000000000000000000000000000000000000000000000000000000000000	0
3	3	2	2	1	4	1.000000000000000000000000000000000000000000000000000000000000000	0
3	3	2	6	5	4	-0.554958132087371191422194871006410481067288862470910089376025968	0
3	3	3	3	1	1	-0.801937735804838252472204639014890102331838324263714300107124846	0
3	3	3	3	1	5	1.801937735804838252472204639014890102331838324263714300107124846	0
3	3	3	3	5	1	-0.801937735804838252472204639014890102331838324263714300107124846	0
3	3	3	3	5	5	-3.246979603717467061050009768008479621264549461792804210731098878	0
3	3	3	5	5	5	-4.048917339522305313522214407023369723596387786056518510838223725	0
3	3	4	4	1	2	-0.801937735804838252472204639014890102331838324263714300107124846	0
3	3	4	4	1	6	0.554958132087371191422194871006410481067288862470910089376025968	0
3	3	4	4	5	2	0.801937735804838252472204639014890102331838324263714300107124846	0
3	3	4	4	5	6	1.000000000000000000000000000000000000000000000000000000000000000	0
3	3	4	6	5	6	2.246979603717467061050009768008479621264549461792804210731098878	0
3	3	5	1	5	3	1.000000000000000000000000000000000000000000000000000000000000000	0
3	3	5	3	5	5	-4.048917339522305313522214407023369723596387786056518510838223725	0
3	3	5	5	1	3	-4.048917339522305313522214407023369723596387786056518510838223725	0
3	3	5	5	1	5	-7.295896943239772374572224175031849344860937247849322721569322603	0
3	3	5	5	5	3	-1.801937735804838252472204639014890102331838324263714300107124846	0
3	3	5	5	5	5	-7.295896943239772374572224175031849344860937247849322721569322603	0
3	3	6	2	5	4	-0.554958132087371191422194871006410481067288862470910089376025968	0
3	3	6	4	5	6	2.246979603717467061050009768008479621264549461792804210731098878	0
3	3	6	6	1	4	-1.246979603717467061050009768008479621264549461792804210731098878	0
3	3	6	6	1	6	-7.295896943239772374572224175031849344860937247849322721569322603	0
3	3	6	6	5	4	0.554958132087371191422194871006410481067288862470910089376025968	0
3	3	6	6	5	6	7.295896943239772374572224175031849344860937247849322721569322603	0
3	4	1	2	2	4	1.000000000000000000000000000000000000000000000000000000000000000	0
3	4	1	6	6	4	1.000000000000000000000000000000000000000000000000000000000000000	0
3	4	2	1	2	3	1.000000000000000000000000000000000000000000000000000000000000000	0
3	4	2	5	6	3	-1.801937735804838252472204639014890102331838324263714300107124846	0
3	4	3	4	2	2	-0.801937735804838252472204639014890102331838324263714300107124846	0
3	4	3	4	2	6	1.000000000000000000000000000000000000000000000000000000000000000	0
3	4	3	4	6	2	-1.445041867912628808577805128993589518932711137529089910623974032	0
3	4	3	4	6	6	-3.246979603717467061050009768008479621264549461792804210731098878	0
3	4	3	6	6	6	-7.295896943239772374572224175031849344860937247849322721569322603	0
3	4	4	3	2	1	-0.801937735804838252472204639014890102331838324263714300107124846	0
3	4	4	3	2	5	1.000000000000000000000000000000000000000000000000000000000000000	0
3	4	4	3	6	1	1.445041867912628808577805128993589518932711137529089910623974032	0
3	4	4	3	6	5	3.246979603717467061050009768008479621264549461792804210731098878	0
3	4	4	5	6	5	4.048917339522305313522214407023369723596387786056518510838223725	0
3	4	5	2	6	4	1.801937735804838252472204639014890102331838324263714300107124846	0
3	4	5	4	6	6	-4.048917339522305313522214407023369723596387786056518510838223725	0
3	4	5	6	2	4	-2.246979603717467061050009768008479621264549461792804210731098878	0
3	4	5	6	2	6	-7.295896943239772374572224175031849344860937247849322721569322603	0
3	4	5	6	6	4	-1.801937735804838252472204639014890102331838324263714300107124846	0
3	4	5	6	6	6	-13.146752018566915940566643221070109170789163358169555532514671174	0
3	4	6	1	6	3	-1.000000000000000000000000000000000000000000000000000000000000000	0
3	4	6	3	6	5	7.295896943239772374572224175031849344860937247849322721569322603	0
3	4	6	5	2	3	-2.246979603717467061050009768008479621264549461792804210731098878	0
3	4	6	5	2	5	-7.295896943239772374572224175031849344860937247849322721569322603	0
3	4	6	5	6	3	1.801937735804838252472204639014890102331838324263714300107124846	0
3	4	6	5	6	5	13.146752018566915940566643221070109170789163358169555532514671174	0
3	5	1	3	3	5	1.000000000000000000000000000000000000000000000000000000000000000	0
3	5	1	5	5	5	1.000000000000000000000000000000000000000000000000000000000000000	0
3	5	2	4	3	6	-0.554958132087371191422194871006410481067288862470910089376025968	0
3	5	2	6	5	6	1.000000000000000000000000000000000000000000000000000000000000000	0
3	5	3	1	3	3	-0.246979603717467061050009768008479621264549461792804210731098878	0
3	5	3	3	5	5	1.000000000000000000000000000000000000000000000000000000000000000	0
3	5	3	5	3	3	0.445041867912628808577805128993589518932711137529089910623974032	0
3	5	3	5	3	5	1.000000000000000000000000000000000000000000000000000000000000000	0
3	5	3	5	5	3	0.554958132087371191422194871006410481067288862470910089376025968	0
3	5	3	5	5	5	1.801937735804838252472204639014890102331838324263714300107124846	0
3	5	4	2	3	4	0.246979603717467061050009768008479621264549461792804210731098878	0
3	5	4	4	5	6	0.554958132087371191422194871006410481067288862470910089376025968	0
3	5	4	6	3	4	-0.445041867912628808577805128993589518932711137529089910623974032	0
3	5	4	6	3	6	-1.801937735804838252472204639014890102331838324263714300107124846	0
3	5	4	6	5	4	0.307978528369904130372185102997930859802739400678105878644927090	0
3	5	4	6	5	6	1.801937735804838252472204639014890102331838324263714300107124846	0
3	5	5	1	5	3	-0.246979603717467061050009768008479621264549461792804210731098878	0
3	5	5	3	3	1	-0.445041867912628808577805128993589518932711137529089910623974032	0
3	5	5	3	3	5	0.445041867912628808577805128993589518932711137529089910623974032	0
3	5	5	3	5	1	-0.445041867912628808577805128993589518932711137529089910623974032	0
3	5	5	3	5	5	1.000000000000000000000000000000000000000000000000000000000000000	0
3	5	5	5	3	3	0.554958132087371191422194871006410481067288862470910089376025968	0
3	5	5	5	3	5	1.000000000000000000000000000000000000000000000000000000000000000	0
3	5	5	5	5	3	1.000000000000000000000000000000000000000000000000000000000000000	0
3	5	5	5	5	5	2.246979603717467061050009768008479621264549461792804210731098878	0
3	5	6	2	5	4	-0.246979603717467061050009768008479621264549461792804210731098878	0
3	5	6	4	3	2	0.801937735804838252472204639014890102331838324263714300107124846	0
3	5	6	4	3	6	-0.445041867912628808577805128993589518932711137529089910623974032	0
3	5	6	4	5	2	-0.445041867912628808577805128993589518932711137529089910623974032	0
3	5	6	4	5	6	0.554958132087371191422194871006410481067288862470910089376025968	0
3	5	6	6	3	4	-0.307978528369904130372185102997930859802739400678105878644927090	0
3	5	6	6	3	6	-1.000000000000000000000000000000000000000000000000000000000000000	0
3	5	6	6	5	4	0.554958132087371191422194871006410481067288862470910089376025968	0
3	5	6	6	5	6	2.246979603717467061050009768008479621264549461792804210731098878	0
3	6	1	4	4	6	1.000000000000000000000000000000000000000000000000000000000000000	0
3	6	1	6	6	6	1.000000000000000000000000000000000000000000000000000000000000000	0
3	6	2	3	4	5	-1.801937735804838252472204639014890102331838324263714300107124846	0
3	6	2	5	6	5	1.000000000000000000000000000000000000000000000000000000000000000	0
3	6	3	2	4	4	-0.445041867912628808577805128993589518932711137529089910623974032	0
3	6	3	4	6	6	0.554958132087371191422194871006410481067288862470910089376025968	0
3	6	3	6	4	4	0.445041867912628808577805128993589518932711137529089910623974032	0
3	6	3	6	4	6	1.801937735804838252472204639014890102331838324263714300107124846	0
3	6	3	6	6	4	0.307978528369904130372185102997930859802739400678105878644927090	0
3	6	3	6	6	6	1.801937735804838252472204639014890102331838324263714300107124846	0
3	6	4	1	4	3	0.445041867912628808577805128993589518932711137529089910623974032	0
3	6	4	3	6	5	1.000000000000000000000000000000000000000000000000000000000000000	0
3	6	4	5	4	3	-1.445041867912628808577805128993589518932711137529089910623974032	0
3	6	4	5	4	5	-3.246979603717467061050009768008479621264549461792804210731098878	0
3	6	4	5	6	3	0.554958132087371191422194871006410481067288862470910089376025968	0
3	6	4	5	6	5	1.801937735804838252472204639014890102331838324263714300107124846	0
3	6	5	2	6	4	-0.246979603717467061050009768008479621264549461792804210731098878	0
3	6	5	4	4	2	-0.801937735804838252472204639014890102331838324263714300107124846	0
3	6	5	4	4	6	0.445041867912628808577805128993589518932711137529089910623974032	0
3	6	5	4	6	2	-0.445041867912628808577805128993589518932711137529089910623974032	0
3	6	5	4	6	6	0.554958132087371191422194871006410481067288862470910089376025968	0
3	6	5	6	4	4	0.554958132087371191422194871006410481067288862470910089376025968	0
3	6	5	6	4	6	1.801937735804838252472204639014890102331838324263714300107124846	0
3	6	5	6	6	4	0.554958132087371191422194871006410481067288862470910089376025968	0
3	6	5	6	6	6	2.246979603717467061050009768008479621264549461792804210731098878	0
3	6	6	1	6	3	-0.246979603717467061050009768008479621264549461792804210731098878	0
3	6	6	3	4	1	1.445041867912628808577805128993589518932711137529089910623974032	0
3	6	6	3	4	5	-1.445041867912628808577805128993589518932711137529089910623974032	0
3	6	6	3	6	1	-0.445041867912628808577805128993589518932711137529089910623974032	0
3	6	6	3	6	5	1.000000000000000000000000000000000000000000000000000000000000000	0
3	6	6	5	4	3	-1.000000000000000000000000000000000000000000000000000000000000000	0
3	6	6	5	4	5	-1.801937735804838252472204639014890102331838324263714300107124846	0
3	6	6	5	6	3	1.000000000000000000000000000000000000000000000000000000000000000	0
3	6	6	5	6	5	2.246979603717467061050009768008479621264549461792804210731098878	0
4	1	1	4	4	1	1.000000000000000000000000000000000000000000000000000000000000000	0
4	1	2	3	4	2	1.000000000000000000000000000000000000000000000000000000000000000	0
4	1	3	2	4	3	1.000000000000000000000000000000000000000000000000000000000000000	0
4	1	3	6	4	3	1.000000000000000000000000000000000000000000000000000000000000000	0
4	1	4	1	4	4	1.000000000000000000000000000000000000000000000000000000000000000	0
4	1	4	5	4	4	1.000000000000000000000000000000000000000000000000000000000000000	0
4	1	5	4	4	5	1.000000000000000000000000000000000000000000000000000000000000000	0
4	1	5	6	4	5	1.000000000000000000000000000000000000000000000000000000000000000	0
4	1	6	3	4	6	1.000000000000000000000000000000000000000000000000000000000000000	0
4	1	6	5	4	6	1.000000000000000000000000000000000000000000000000000000000000000	0
4	2	1	3	3	2	1.000000000000000000000000000000000000000000000000000000000000000	0
4	2	2	4	3	1	-1.000000000000000000000000000000000000000000000000000000000000000	0
4	2	3	1	3	4	1.000000000000000000000000000000000000000000000000000000000000000	0
4	2	3	5	3	4	0.554958132087371191422194871006410481067288862470910089376025968	0
4	2	4	2	3	3	-1.000000000000000000000000000000000000000000000000000000000000000	0
4	2	4	6	3	3	-1.801937735804838252472204639014890102331838324263714300107124846	0
4	2	5	3	3	6	0.554958132087371191422194871006410481067288862470910089376025968	0
4	2	5	5	3	6	1.000000000000000000000000000000000000000000000000000000000000000	0
4	2	6	4	3	5	-1.801937735804838252472204639014890102331838324263714300107124846	0
4	2	6	6	3	5	-1.000000000000000000000000000000000000000000000000000000000000000	0
4	3	1	2	2	3	1.000000000000000000000000000000000000000000000000000000000000000	0
4	3	1	6	6	3	1.000000000000000000000000000000000000000000000000000000000000000	0
4	3	2	1	2	4	1.000000000000000000000000000000000000000000000000000000000000000	0
4	3	2	5	6	4	-0.554958132087371191422194871006410481067288862470910089376025968	0
4	3	3	4	2	1	-0.801937735804838252472204639014890102331838324263714300107124846	0
4	3	3	4	2	5	1.801937735804838252472204639014890102331838324263714300107124846	0
4	3	3	4	6	1	-0.801937735804838252472204639014890102331838324263714300107124846	0
4	3	3	4	6	5	-3.246979603717467061050009768008479621264549461792804210731098878	0
4	3	3	6	6	5	-4.048917339522305313522214407023369723596387786056518510838223725	0
4	3	4	3	2	2	-0.801937735804838252472204639014890102331838324263714300107124846	0
4	3	4	3	2	6	0.554958132087371191422194871006410481067288862470910089376025968	0
4	3	4	3	6	2	0.801937735804838252472204639014890102331838324263714300107124846	0
4	3	4	3	6	6	1.000000000000000000000000000000000000000000000000000000000000000	0
4	3	4	5	6	6	2.246979603717467061050009768008479621264549461792804210731098878	0
4	3	5	2	6	3	1.000000000000000000000000000000000000000000000000000000000000000	0
4	3	5	4	6	5	-4.048917339522305313522214407023369723596387786056518510838223725	0
4	3	5	6	2	3	-4.048917339522305313522214407023369723596387786056518510838223725	0
4	3	5	6	2	5	-7.295896943239772374572224175031849344860937247849322721569322603	0
4	3	5	6	6	3	-1.801937735804838252472204639014890102331838324263714300107124846	0
4	3	5	6	6	5	-7.295896943239772374572224175031849344860937247849322721569322603	0
4	3	6	1	6	4	-0.554958132087371191422194871006410481067288862470910089376025968	0
4	3	6	3	6	6	2.246979603717467061050009768008479621264549461792804210731098878	0
4	3	6	5	2	4	-1.246979603717467061050009768008479621264549461792804210731098878	0
4	3	6	5	2	6	-7.295896943239772374572224175031849344860937247849322721569322603	0
4	3	6	5	6	4	0.554958132087371191422194871006410481067288862470910089376025968	0
4	3	6	5	6	6	7.295896943239772374572224175031849344860937247849322721569322603	0
4	4	1	1	1	4	1.000000000000000000000000000000000000000000000000000000000000000	0
4	4	1	5	5	4	1.000000000000000000000000000000000000000000000000000000000000000	0
4	4	2	2	1	3	-1.000000000000000000000000000000000000000000000000000000000000000	0
4	4	2	6	5	3	1.801937735804838252472204639014890102331838324263714300107124846	0
4	4	3	3	1	2	-0.801937735804838252472204639014890102331838324263714300107124846	0
4	4	3	3	1	6	1.000000000000000000000000000000000000000000000000000000000000000	0
4	4	3	3	5	2	-1.445041867912628808577805128993589518932711137529089910623974032	0
4	4	3	3	5	6	-3.246979603717467061050009768008479621264549461792804210731098878	0
4	4	3	5	5	6	-7.295896943239772374572224175031849344860937247849322721569322603	0
4	4	4	4	1	1	0.801937735804838252472204639014890102331838324263714300107124846	0
4	4	4	4	1	5	-1.000000000000000000000000000000000000000000000000000000000000000	0
4	4	4	4	5	1	-1.445041867912628808577805128993589518932711137529089910623974032	0
4	4	4	4	5	5	-3.246979603717467061050009768008479621264549461792804210731098878	0
4	4	4	6	5	5	-4.048917339522305313522214407023369723596387786056518510838223725	0
4	4	5	1	5	4	1.801937735804838252472204639014890102331838324263714300107124846	0
4	4	5	3	5	6	-4.048917339522305313522214407023369723596387786056518510838223725	0
4	4	5	5	1	4	-2.246979603717467061050009768008479621264549461792804210731098878	0
4	4	5	5	1	6	-7.295896943239772374572224175031849344860937247849322721569322603	0
4	4	5	5	5	4	-1.801937735804838252472204639014890102331838324263714300107124846	0
4	4	5	5	5	6	-13.146752018566915940566643221070109170789163358169555532514671174	0
4	4	6	2	5	3	1.000000000000000000000000000000000000000000000000000000000000000	0
4	4	6	4	5	5	-7.295896943239772374572224175031849344860937247849322721569322603	0
4	4	6	6	1	3	2.246979603717467061050009768008479621264549461792804210731098878	0
4	4	6	6	1	5	7.295896943239772374572224175031849344860937247849322721569322603	0
4	4	6	6	5	3	-1.801937735804838252472204639014890102331838324263714300107124846	0
4	4	6	6	5	5	-13.146752018566915940566643221070109170789163358169555532514671174	0
4	5	1	4	4	5	1.000000000000000000000000000000000000000000000000000000000000000	0
4	5	1	6	6	5	1.000000000000000000000000000000000000000000000000000000000000000	0
4	5	2	3	4	6	-0.554958132087371191422194871006410481067288862470910089376025968	0
4	5	2	5	6	6	1.000000000000000000000000000000000000000000000000000000000000000	0
4	5	3	2	4	3	-0.246979603717467061050009768008479621264549461792804210731098878	0
4	5	3	4	6	5	1.000000000000000000000000000000000000000000000000000000000000000	0
4	5	3	6	4	3	0.445041867912628808577805128993589518932711137529089910623974032	0
4	5	3	6	4	5	1.000000000000000000000000000000000000000000000000000000000000000	0
4	5	3	6	6	3	0.554958132087371191422194871006410481067288862470910089376025968	0
4	5	3	6	6	5	1.801937735804838252472204639014890102331838324263714300107124846	0
4	5	4	1	4	4	0.246979603717467061050009768008479621264549461792804210731098878	0
4	5	4	3	6	6	0.554958132087371191422194871006410481067288862470910089376025968	0
4	5	4	5	4	4	-0.445041867912628808577805128993589518932711137529089910623974032	0
4	5	4	5	4	6	-1.801937735804838252472204639014890102331838324263714300107124846	0
4	5	4	5	6	4	0.307978528369904130372185102997930859802739400678105878644927090	0
4	5	4	5	6	6	1.801937735804838252472204639014890102331838324263714300107124846	0
4	5	5	2	6	3	-0.246979603717467061050009768008479621264549461792804210731098878	0
4	5	5	4	4	1	-0.445041867912628808577805128993589518932711137529089910623974032	0
4	5	5	4	4	5	0.445041867912628808577805128993589518932711137529089910623974032	0
4	5	5	4	6	1	-0.445041867912628808577805128993589518932711137529089910623974032	0
4	5	5	4	6	5	1.000000000000000000000000000000000000000000000000000000000000000	0
4	5	5	6	4	3	0.554958132087371191422194871006410481067288862470910089376025968	0
4	5	5	6	4	5	1.000000000000000000000000000000000000000000000000000000000000000	0
4	5	5	6	6	3	1.000000000000000000000000000000000000000000000000000000000000000	0
4	5	5	6	6	5	2.246979603717467061050009768008479621264549461792804210731098878	0
4	5	6	1	6	4	-0.246979603717467061050009768008479621264549461792804210731098878	0
4	5	6	3	4	2	0.801937735804838252472204639014890102331838324263714300107124846	0
4	5	6	3	4	6	-0.445041867912628808577805128993589518932711137529089910623974032	0
4	5	6	3	6	2	-0.445041867912628808577805128993589518932711137529089910623974032	0
4	5	6	3	6	6	0.554958132087371191422194871006410481067288862470910089376025968	0
4	5	6	5	4	4	-0.307978528369904130372185102997930859802739400678105878644927090	0
4	5	6	5	4	6	-1.000000000000000000000000000000000000000000000000000000000000000	0
4	5	6	5	6	4	0.554958132087371191422194871006410481067288862470910089376025968	0
4	5	6	5	6	6	2.246979603717467061050009768008479621264549461792804210731098878	0
4	6	1	3	3	6	1.000000000000000000000000000000000000000000000000000000000000000	0
4	6	1	5	5	6	1.000000000000000000000000000000000000000000000000000000000000000	0
4	6	2	4	3	5	1.801937735804838252472204639014890102331838324263714300107124846	0
4	6	2	6	5	5	-1.000000000000000000000000000000000000000000000000000000000000000	0
4	6	3	1	3	4	-0.445041867912628808577805128993589518932711137529089910623974032	0
4	6	3	3	5	6	0.554958132087371191422194871006410481067288862470910089376025968	0
4	6	3	5	3	4	0.445041867912628808577805128993589518932711137529089910623974032	0
4	6	3	5	3	6	1.801937735804838252472204639014890102331838324263714300107124846	0
4	6	3	5	5	4	0.307978528369904130372185102997930859802739400678105878644927090	0
4	6	3	5	5	6	1.801937735804838252472204639014890102331838324263714300107124846	0
4	6	4	2	3	3	-0.445041867912628808577805128993589518932711137529089910623974032	0
4	6	4	4	5	5	-1.000000000000000000000000000000000000000000000000000000000000000	0
4	6	4	6	3	3	1.445041867912628808577805128993589518932711137529089910623974032	0
4	6	4	6	3	5	3.246979603717467061050009768008479621264549461792804210731098878	0
4	6	4	6	5	3	-0.554958132087371191422194871006410481067288862470910089376025968	0
4	6	4	6	5	5	-1.801937735804838252472204639014890102331838324263714300107124846	0
4	6	5	1	5	4	-0.246979603717467061050009768008479621264549461792804210731098878	0
4	6	5	3	3	2	-0.801937735804838252472204639014890102331838324263714300107124846	0
4	6	5	3	3	6	0.445041867912628808577805128993589518932711137529089910623974032	0
4	6	5	3	5	2	-0.445041867912628808577805128993589518932711137529089910623974032	0
4	6	5	3	5	6	0.554958132087371191422194871006410481067288862470910089376025968	0
4	6	5	5	3	4	0.554958132087371191422194871006410481067288862470910089376025968	0
4	6	5	5	3	6	1.801937735804838252472204639014890102331838324263714300107124846	0
4	6	5	5	5	4	0.554958132087371191422194871006410481067288862470910089376025968	0
4	6	5	5	5	6	2.246979603717467061050009768008479621264549461792804210731098878	0
4	6	6	2	5	3	0.246979603717467061050009768008479621264549461792804210731098878	0
4	6	6	4	3	1	-1.445041867912628808577805128993589518932711137529089910623974032	0
4	6	6	4	3	5	1.445041867912628808577805128993589518932711137529089910623974032	0
4	6	6	4	5	1	0.445041867912628808577805128993589518932711137529089910623974032	0
4	6	6	4	5	5	-1.000000000000000000000000000000000000000000000000000000000000000	0
4	6	6	6	3	3	1.000000000000000000000000000000000000000000000000000000000000000	0
4	6	6	6	3	5	1.801937735804838252472204639014890102331838324263714300107124846	0
4	6	6	6	5	3	-1.000000000000000000000000000000000000000000000000000000000000000	0
4	6	6	6	5	5	-2.246979603717467061050009768008479621264549461792804210731098878	0
5	1	1	5	5	1	1.000000000000000000000000000000000000000000000000000000000000000	0
5	1	2	6	5	2	1.000000000000000000000000000000000000000000000000000000000000000	0
5	1	3	3	5	3	1.000000000000000000000000000000000000000000000000000000000000000	0
5	1	3	5	5	3	1.000000000000000000000000000000000000000000000000000000000000000	0
5	1	4	4	5	4	1.000000000000000000000000000000000000000000000000000000000000000	0
5	1	4	6	5	4	1.000000000000000000000000000000000000000000000000000000000000000	0
5	1	5	1	5	5	1.000000000000000000000000000000000000000000000000000000000000000	0
5	1	5	3	5	5	1.000000000000000000000000000000000000000000000000000000000000000	0
5	1	5	5	5	5	1.000000000000000000000000000000000000000000000000000000000000000	0
5	1	6	2	5	6	1.000000000000000000000000000000000000000000000000000000000000000	0
5	1	6	4	5	6	1.000000000000000000000000000000000000000000000000000000000000000	0
5	1	6	6	5	6	1.000000000000000000000000000000000000000000000000000000000000000	0
5	2	1	6	6	2	1.000000000000000000000000000000000000000000000000000000000000000	0
5	2	2	5	6	1	1.000000000000000000000000000000000000000000000000000000000000000	0
5	2	3	4	6	4	1.000000000000000000000000000000000000000000000000000000000000000	0
5	2	3	6	6	4	1.000000000000000000000000000000000000000000000000000000000000000	0
5	2	4	3	6	3	1.000000000000000000000000000000000000000000000000000000000000000	0
5	2	4	5	6	3	1.000000000000000000000000000000000000000000000000000000000000000	0
5	2	5	2	6	6	1.000000000000000000000000000000000000000000000000000000000000000	0
5	2	5	4	6	6	1.000000000000000000000000000000000000000000000000000000000000000	0
5	2	5	6	6	6	1.000000000000000000000000000000000000000000000000000000000000000	0
5	2	6	1	6	5	1.000000000000000000000000000000000000000000000000000000000000000	0
5	2	6	3	6	5	1.000000000000000000000000000000000000000000000000000000000000000	0
5	2	6	5	6	5	1.000000000000000000000000000000000000000000000000000000000000000	0
5	3	1	3	3	3	1.000000000000000000000000000000000000000000000000000000000000000	0
5	3	1	5	5	3	1.000000000000000000000000000000000000000000000000000000000000000	0
5	3	2	4	3	4	-1.000000000000000000000000000000000000000000000000000000000000000	0
5	3	2	6	5	4	1.000000000000000000000000000000000000000000000000000000000000000	0
5	3	3	1	3	5	-4.048917339522305313522214407023369723596387786056518510838223725	0
5	3	3	3	5	5	-4.048917339522305313522214407023369723596387786056518510838223725	0
5	3	3	5	3	1	1.801937735804838252472204639014890102331838324263714300107124846	0
5	3	3	5	3	5	-1.801937735804838252472204639014890102331838324263714300107124846	0
5	3	3	5	5	1	1.801937735804838252472204639014890102331838324263714300107124846	0
5	3	3	5	5	5	-4.048917339522305313522214407023369723596387786056518510838223725	0
5	3	4	2	3	6	2.246979603717467061050009768008479621264549461792804210731098878	0
5	3	4	4	5	6	-2.246979603717467061050009768008479621264549461792804210731098878	0
5	3	4	6	3	2	-3.246979603717467061050009768008479621264549461792804210731098878	0
5	3	4	6	3	6	1.801937735804838252472204639014890102331838324263714300107124846	0
5	3	4	6	5	2	1.801937735804838252472204639014890102331838324263714300107124846	0
5	3	4	6	5	6	-2.246979603717467061050009768008479621264549461792804210731098878	0
5	3	5	1	5	5	-4.048917339522305313522214407023369723596387786056518510838223725	0
5	3	5	3	3	3	-1.801937735804838252472204639014890102331838324263714300107124846	0
5	3	5	3	3	5	-4.048917339522305313522214407023369723596387786056518510838223725	0
5	3	5	3	5	3	-2.246979603717467061050009768008479621264549461792804210731098878	0
5	3	5	3	5	5	-7.295896943239772374572224175031849344860937247849322721569322603	0
5	3	5	5	3	3	-2.246979603717467061050009768008479621264549461792804210731098878	0
5	3	5	5	3	5	-4.048917339522305313522214407023369723596387786056518510838223725	0
5	3	5	5	5	3	-4.048917339522305313522214407023369723596387786056518510838223725	0
5	3	5	5	5	5	-9.097834679044610627044428814046739447192775572113037021676447449	0
5	3	6	2	5	6	-4.048917339522305313522214407023369723596387786056518510838223725	0
5	3	6	4	3	4	1.801937735804838252472204639014890102331838324263714300107124846	0
5	3	6	4	3	6	7.295896943239772374572224175031849344860937247849322721569322603	0
5	3	6	4	5	4	-1.246979603717467061050009768008479621264549461792804210731098878	0
5	3	6	4	5	6	-7.295896943239772374572224175031849344860937247849322721569322603	0
5	3	6	6	3	4	1.246979603717467061050009768008479621264549461792804210731098878	0
5	3	6	6	3	6	4.048917339522305313522214407023369723596387786056518510838223725	0
5	3	6	6	5	4	-2.246979603717467061050009768008479621264549461792804210731098878	0
5	3	6	6	5	6	-9.097834679044610627044428814046739447192775572113037021676447449	0
5	4	1	4	4	4	1.000000000000000000000000000000000000000000000000000000000000000	0
5	4	1	6	6	4	1.000000000000000000000000000000000000000000000000000000000000000	0
5	4	2	3	4	3	-1.000000000000000000000000000000000000000000000000000000000000000	0
5	4	2	5	6	3	1.000000000000000000000000000000000000000000000000000000000000000	0
5	4	3	2	4	6	-4.048917339522305313522214407023369723596387786056518510838223725	0
5	4	3	4	6	6	-4.048917339522305313522214407023369723596387786056518510838223725	0
5	4	3	6	4	2	1.801937735804838252472204639014890102331838324263714300107124846	0
5	4	3	6	4	6	-1.801937735804838252472204639014890102331838324263714300107124846	0
5	4	3	6	6	2	1.801937735804838252472204639014890102331838324263714300107124846	0
5	4	3	6	6	6	-4.048917339522305313522214407023369723596387786056518510838223725	0
5	4	4	1	4	5	2.246979603717467061050009768008479621264549461792804210731098878	0
5	4	4	3	6	5	-2.246979603717467061050009768008479621264549461792804210731098878	0
5	4	4	5	4	1	-3.246979603717467061050009768008479621264549461792804210731098878	0
5	4	4	5	4	5	1.801937735804838252472204639014890102331838324263714300107124846	0
5	4	4	5	6	1	1.801937735804838252472204639014890102331838324263714300107124846	0
5	4	4	5	6	5	-2.246979603717467061050009768008479621264549461792804210731098878	0
5	4	5	2	6	6	-4.048917339522305313522214407023369723596387786056518510838223725	0
5	4	5	4	4	4	-1.801937735804838252472204639014890102331838324263714300107124846	0
5	4	5	4	4	6	-4.048917339522305313522214407023369723596387786056518510838223725	0
5	4	5	4	6	4	-2.246979603717467061050009768008479621264549461792804210731098878	0
5	4	5	4	6	6	-7.295896943239772374572224175031849344860937247849322721569322603	0
5	4	5	6	4	4	-2.246979603717467061050009768008479621264549461792804210731098878	0
5	4	5	6	4	6	-4.048917339522305313522214407023369723596387786056518510838223725	0
5	4	5	6	6	4	-4.048917339522305313522214407023369723596387786056518510838223725	0
5	4	5	6	6	6	-9.097834679044610627044428814046739447192775572113037021676447449	0
5	4	6	1	6	5	-4.048917339522305313522214407023369723596387786056518510838223725	0
5	4	6	3	4	3	1.801937735804838252472204639014890102331838324263714300107124846	0
5	4	6	3	4	5	7.295896943239772374572224175031849344860937247849322721569322603	0
5	4	6	3	6	3	-1.246979603717467061050009768008479621264549461792804210731098878	0
5	4	6	3	6	5	-7.295896943239772374572224175031849344860937247849322721569322603	0
5	4	6	5	4	3	1.246979603717467061050009768008479621264549461792804210731098878	0
5	4	6	5	4	5	4.048917339522305313522214407023369723596387786056518510838223725	0
5	4	6	5	6	3	-2.246979603717467061050009768008479621264549461792804210731098878	0
5	4	6	5	6	5	-9.097834679044610627044428814046739447192775572113037021676447449	0
5	5	1	1	1	5	1.000000000000000000000000000000000000000000000000000000000000000	0
5	5	1	3	3	5	1.000000000000000000000000000000000000000000000000000000000000000	0
5	5	1	5	5	5	1.000000000000000000000000000000000000000000000000000000000000000	0
5	5	2	2	1	6	1.000000000000000000000000000000000000000000000000000000000000000	0
5	5	2	4	3	6	1.000000000000000000000000000000000000000000000000000000000000000	0
5	5	2	6	5	6	-1.000000000000000000000000000000000000000000000000000000000000000	0
5	5	3	1	3	5	1.000000000000000000000000000000000000000000000000000000000000000	0
5	5	3	3	1	3	-0.246979603717467061050009768008479621264549461792804210731098878	0
5	5	3	3	1	5	-0.445041867912628808577805128993589518932711137529089910623974032	0
5	5	3	3	5	3	0.445041867912628808577805128993589518932711137529089910623974032	0
5	5	3	3	5	5	1.801937735804838252472204639014890102331838324263714300107124846	0
5	5	3	5	3	3	0.554958132087371191422194871006410481067288862470910089376025968	0
5	5	3	5	3	5	1.000000000000000000000000000000000000000000000000000000000000000	0
5	5	3	5	5	3	1.000000000000000000000000000000000000000000000000000000000000000	0
5	5	3	5	5	5	2.246979603717467061050009768008479621264549461792804210731098878	0
5	5	4	2	3	6	1.000000000000000000000000000000000000000000000000000000000000000	0
5	5	4	4	1	4	-0.246979603717467061050009768008479621264549461792804210731098878	0
5	5	4	4	1	6	-0.445041867912628808577805128993589518932711137529089910623974032	0
5	5	4	4	5	4	-0.445041867912628808577805128993589518932711137529089910623974032	0
5	5	4	4	5	6	-1.801937735804838252472204639014890102331838324263714300107124846	0
5	5	4	6	3	4	1.000000000000000000000000000000000000000000000000000000000000000	0
5	5	4	6	3	6	1.801937735804838252472204639014890102331838324263714300107124846	0
5	5	4	6	5	4	-1.000000000000000000000000000000000000000000000000000000000000000	0
5	5	4	6	5	6	-2.246979603717467061050009768008479621264549461792804210731098878	0
5	5	5	1	5	5	1.000000000000000000000000000000000000000000000000000000000000000	0
5	5	5	3	3	3	0.554958132087371191422194871006410481067288862470910089376025968	0
5	5	5	3	3	5	1.000000000000000000000000000000000000000000000000000000000000000	0
5	5	5	3	5	3	1.000000000000000000000000000000000000000000000000000000000000000	0
5	5	5	3	5	5	2.246979603717467061050009768008479621264549461792804210731098878	0
5	5	5	5	1	1	1.801937735804838252472204639014890102331838324263714300107124846	0
5	5	5	5	1	3	1.000000000000000000000000000000000000000000000000000000000000000	0
5	5	5	5	1	5	1.000000000000000000000000000000000000000000000000000000000000000	0
5	5	5	5	3	1	1.000000000000000000000000000000000000000000000000000000000000000	0
5	5	5	5	3	3	1.000000000000000000000000000000000000000000000000000000000000000	0
5	5	5	5	3	5	1.246979603717467061050009768008479621264549461792804210731098878	0
5	5	5	5	5	1	1.801937735804838252472204639014890102331838324263714300107124846	0
5	5	5	5	5	3	2.246979603717467061050009768008479621264549461792804210731098878	0
5	5	5	5	5	5	3.246979603717467061050009768008479621264549461792804210731098878	0
5	5	6	2	5	6	-1.000000000000000000000000000000000000000000000000000000000000000	0
5	5	6	4	3	4	1.000000000000000000000000000000000000000000000000000000000000000	0
5	5	6	4	3	6	1.801937735804838252472204639014890102331838324263714300107124846	0
5	5	6	4	5	4	-1.000000000000000000000000000000000000000000000000000000000000000	0
5	5	6	4	5	6	-2.246979603717467061050009768008479621264549461792804210731098878	0
5	5	6	6	1	2	1.801937735804838252472204639014890102331838324263714300107124846	0
5	5	6	6	1	4	1.000000000000000000000000000000000000000000000000000000000000000	0
5	5	6	6	1	6	1.000000000000000000000000000000000000000000000000000000000000000	0
5	5	6	6	3	2	1.000000000000000000000000000000000000000000000000000000000000000	0
5	5	6	6	3	4	1.000000000000000000000000000000000000000000000000000000000000000	0
5	5	6	6	3	6	1.246979603717467061050009768008479621264549461792804210731098878	0
5	5	6	6	5	2	-1.801937735804838252472204639014890102331838324263714300107124846	0
5	5	6	6	5	4	-2.246979603717467061050009768008479621264549461792804210731098878	0
5	5	6	6	5	6	-3.246979603717467061050009768008479621264549461792804210731098878	0
5	6	1	2	2	6	1.000000000000000000000000000000000000000000000000000000000000000	0
5	6	1	4	4	6	1.000000000000000000000000000000000000000000000000000000000000000	0
5	6	1	6	6	6	1.000000000000000000000000000000000000000000000000000000000000000	0
5	6	2	1	2	5	1.000000000000000000000000000000000000000000000000000000000000000	0
5	6	2	3	4	5	1.000000000000000000000000000000000000000000000000000000000000000	0
5	6	2	5	6	5	-1.000000000000000000000000000000000000000000000000000000000000000	0
5	6	3	2	4	6	1.000000000000000000000000000000000000000000000000000000000000000	0
5	6	3	4	2	4	-0.246979603717467061050009768008479621264549461792804210731098878	0
5	6	3	4	2	6	-0.445041867912628808577805128993589518932711137529089910623974032	0
5	6	3	4	6	4	0.445041867912628808577805128993589518932711137529089910623974032	0
5	6	3	4	6	6	1.801937735804838252472204639014890102331838324263714300107124846	0
5	6	3	6	4	4	0.554958132087371191422194871006410481067288862470910089376025968	0
5	6	3	6	4	6	1.000000000000000000000000000000000000000000000000000000000000000	0
5	6	3	6	6	4	1.000000000000000000000000000000000000000000000000000000000000000	0
5	6	3	6	6	6	2.246979603717467061050009768008479621264549461792804210731098878	0
5	6	4	1	4	5	1.000000000000000000000000000000000000000000000000000000000000000	0
5	6	4	3	2	3	-0.246979603717467061050009768008479621264549461792804210731098878	0
5	6	4	3	2	5	-0.445041867912628808577805128993589518932711137529089910623974032	0
5	6	4	3	6	3	-0.445041867912628808577805128993589518932711137529089910623974032	0
5	6	4	3	6	5	-1.801937735804838252472204639014890102331838324263714300107124846	0
5	6	4	5	4	3	1.000000000000000000000000000000000000000000000000000000000000000	0
5	6	4	5	4	5	1.801937735804838252472204639014890102331838324263714300107124846	0
5	6	4	5	6	3	-1.000000000000000000000000000000000000000000000000000000000000000	0
5	6	4	5	6	5	-2.246979603717467061050009768008479621264549461792804210731098878	0
5	6	5	2	6	6	1.000000000000000000000000000000000000000000000000000000000000000	0
5	6	5	4	4	4	0.554958132087371191422194871006410481067288862470910089376025968	0
5	6	5	4	4	6	1.000000000000000000000000000000000000000000000000000000000000000	0
5	6	5	4	6	4	1.000000000000000000000000000000000000000000000000000000000000000	0
5	6	5	4	6	6	2.246979603717467061050009768008479621264549461792804210731098878	0
5	6	5	6	2	2	1.801937735804838252472204639014890102331838324263714300107124846	0
5	6	5	6	2	4	1.000000000000000000000000000000000000000000000000000000000000000	0
5	6	5	6	2	6	1.000000000000000000000000000000000000000000000000000000000000000	0
5	6	5	6	4	2	1.000000000000000000000000000000000000000000000000000000000000000	0
5	6	5	6	4	4	1.000000000000000000000000000000000000000000000000000000000000000	0
5	6	5	6	4	6	1.246979603717467061050009768008479621264549461792804210731098878	0
5	6	5	6	6	2	1.801937735804838252472204639014890102331838324263714300107124846	0
5	6	5	6	6	4	2.246979603717467061050009768008479621264549461792804210731098878	0
5	6	5	6	6	6	3.246979603717467061050009768008479621264549461792804210731098878	0
5	6	6	1	6	5	-1.000000000000000000000000000000000000000000000000000000000000000	0
5	6	6	3	4	3	1.000000000000000000000000000000000000000000000000000000000000000	0
5	6	6	3	4	5	1.801937735804838252472204639014890102331838324263714300107124846	0
5	6	6	3	6	3	-1.000000000000000000000000000000000000000000000000000000000000000	0
5	6	6	3	6	5	-2.246979603717467061050009768008479621264549461792804210731098878	0
5	6	6	5	2	1	1.801937735804838252472204639014890102331838324263714300107124846	0
5	6	6	5	2	3	1.000000000000000000000000000000000000000000000000000000000000000	0
5	6	6	5	2	5	1.000000000000000000000000000000000000000000000000000000000000000	0
5	6	6	5	4	1	1.000000000000000000000000000000000000000000000000000000000000000	0
5	6	6	5	4	3	1.000000000000000000000000000000000000000000000000000000000000000	0
5	6	6	5	4	5	1.246979603717467061050009768008479621264549461792804210731098878	0
5	6	6	5	6	1	-1.801937735804838252472204639014890102331838324263714300107124846	0
5	6	6	5	6	3	-2.246979603717467061050009768008479621264549461792804210731098878	0
5	6	6	5	6	5	-3.246979603717467061050009768008479621264549461792804210731098878	0
6	1	1	6	6	1	1.000000000000000000000000000000000000000000000000000000000000000	0
6	1	2	5	6	2	1.000000000000000000000000000000000000000000000000000000000000000	0
6	1	3	4	6	3	1.000000000000000000000000000000000000000000000000000000000000000	0
6	1	3	6	6	3	1.000000000000000000000000000000000000000000000000000000000000000	0
6	1	4	3	6	4	1.000000000000000000000000000000000000000000000000000000000000000	0
6	1	4	5	6	4	1.000000000000000000000000000000000000000000000000000000000000000	0
6	1	5	2	6	5	1.000000000000000000000000000000000000000000000000000000000000000	0
6	1	5	4	6	5	1.000000000000000000000000000000000000000000000000000000000000000	0
6	1	5	6	6	5	1.000000000000000000000000000000000000000000000000000000000000000	0
6	1	6	1	6	6	1.000000000000000000000000000000000000000000000000000000000000000	0
6	1	6	3	6	6	1.000000000000000000000000000000000000000000000000000000000000000	0
6	1	6	5	6	6	1.000000000000000000000000000000000000000000000000000000000000000	0
6	2	1	5	5	2	1.000000000000000000000000000000000000000000000000000000000000000	0
6	2	2	6	5	1	-1.000000000000000000000000000000000000000000000000000000000000000	0
6	2	3	3	5	4	1.000000000000000000000000000000000000000000000000000000000000000	0
6	2	3	5	5	4	1.000000000000000000000000000000000000000000000000000000000000000	0
6	2	4	4	5	3	-1.000000000000000000000000000000000000000000000000000000000000000	0
6	2	4	6	5	3	-1.000000000000000000000000000000000000000000000000000000000000000	0
6	2	5	1	5	6	1.000000000000000000000000000000000000000000000000000000000000000	0
6	2	5	3	5	6	1.000000000000000000000000000000000000000000000000000000000000000	0
6	2	5	5	5	6	1.000000000000000000000000000000000000000000000000000000000000000	0
6	2	6	2	5	5	-1.000000000000000000000000000000000000000000000000000000000000000	0
6	2	6	4	5	5	-1.000000000000000000000000000000000000000000000000000000000000000	0
6	2	6	6	5	5	-1.000000000000000000000000000000000000000000000000000000000000000	0
6	3	1	4	4	3	1.000000000000000000000000000000000000000000000000000000000000000	0
6	3	1	6	6	3	1.000000000000000000000000000000000000000000000000000000000000000	0
6	3	2	3	4	4	-1.000000000000000000000000000000000000000000000000000000000000000	0
6	3	2	5	6	4	1.000000000000000000000000000000000000000000000000000000000000000	0
6	3	3	2	4	5	-4.048917339522305313522214407023369723596387786056518510838223725	0
6	3	3	4	6	5	-4.048917339522305313522214407023369723596387786056518510838223725	0
6	3	3	6	4	1	1.801937735804838252472204639014890102331838324263714300107124846	0
6	3	3	6	4	5	-1.801937735804838252472204639014890102331838324263714300107124846	0
6	3	3	6	6	1	1.801937735804838252472204639014890102331838324263714300107124846	0
6	3	3	6	6	5	-4.048917339522305313522214407023369723596387786056518510838223725	0
6	3	4	1	4	6	2.246979603717467061050009768008479621264549461792804210731098878	0
6	3	4	3	6	6	-2.246979603717467061050009768008479621264549461792804210731098878	0
6	3	4	5	4	2	-3.246979603717467061050009768008479621264549461792804210731098878	0
6	3	4	5	4	6	1.801937735804838252472204639014890102331838324263714300107124846	0
6	3	4	5	6	2	1.801937735804838252472204639014890102331838324263714300107124846	0
6	3	4	5	6	6	-2.246979603717467061050009768008479621264549461792804210731098878	0
6	3	5	2	6	5	-4.048917339522305313522214407023369723596387786056518510838223725	0
6	3	5	4	4	3	-1.801937735804838252472204639014890102331838324263714300107124846	0
6	3	5	4	4	5	-4.048917339522305313522214407023369723596387786056518510838223725	0
6	3	5	4	6	3	-2.246979603717467061050009768008479621264549461792804210731098878	0
6	3	5	4	6	5	-7.295896943239772374572224175031849344860937247849322721569322603	0
6	3	5	6	4	3	-2.246979603717467061050009768008479621264549461792804210731098878	0
6	3	5	6	4	5	-4.048917339522305313522214407023369723596387786056518510838223725	0
6	3	5	6	6	3	-4.048917339522305313522214407023369723596387786056518510838223725	0
6	3	5	6	6	5	-9.097834679044610627044428814046739447192775572113037021676447449	0
6	3	6	1	6	6	-4.048917339522305313522214407023369723596387786056518510838223725	0
6	3	6	3	4	4	1.801937735804838252472204639014890102331838324263714300107124846	0
6	3	6	3	4	6	7.295896943239772374572224175031849344860937247849322721569322603	0
6	3	6	3	6	4	-1.246979603717467061050009768008479621264549461792804210731098878	0
6	3	6	3	6	6	-7.295896943239772374572224175031849344860937247849322721569322603	0
6	3	6	5	4	4	1.246979603717467061050009768008479621264549461792804210731098878	0
6	3	6	5	4	6	4.048917339522305313522214407023369723596387786056518510838223725	0
6	3	6	5	6	4	-2.246979603717467061050009768008479621264549461792804210731098878	0
6	3	6	5	6	6	-9.097834679044610627044428814046739447192775572113037021676447449	0
6	4	1	3	3	4	1.000000000000000000000000000000000000000000000000000000000000000	0
6	4	1	5	5	4	1.000000000000000000000000000000000000000000000000000000000000000	0
6	4	2	4	3	3	1.000000000000000000000000000000000000000000000000000000000000000	0
6	4	2	6	5	3	-1.000000000000000000000000000000000000000000000000000000000000000	0
6	4	3	1	3	6	-4.048917339522305313522214407023369723596387786056518510838223725	0
6	4	3	3	5	6	-4.048917339522305313522214407023369723596387786056518510838223725	0
6	4	3	5	3	2	1.801937735804838252472204639014890102331838324263714300107124846	0
6	4	3	5	3	6	-1.801937735804838252472204639014890102331838324263714300107124846	0
6	4	3	5	5	2	1.801937735804838252472204639014890102331838324263714300107124846	0
6	4	3	5	5	6	-4.048917339522305313522214407023369723596387786056518510838223725	0
6	4	4	2	3	5	-2.246979603717467061050009768008479621264549461792804210731098878	0
6	4	4	4	5	5	2.246979603717467061050009768008479621264549461792804210731098878	0
6	4	4	6	3	1	3.246979603717467061050009768008479621264549461792804210731098878	0
6	4	4	6	3	5	-1.801937735804838252472204639014890102331838324263714300107124846	0
6	4	4	6	5	1	-1.801937735804838252472204639014890102331838324263714300107124846	0
6	4	4	6	5	5	2.246979603717467061050009768008479621264549461792804210731098878	0
6	4	5	1	5	6	-4.048917339522305313522214407023369723596387786056518510838223725	0
6	4	5	3	3	4	-1.801937735804838252472204639014890102331838324263714300107124846	0
6	4	5	3	3	6	-4.048917339522305313522214407023369723596387786056518510838223725	0
6	4	5	3	5	4	-2.246979603717467061050009768008479621264549461792804210731098878	0
6	4	5	3	5	6	-7.295896943239772374572224175031849344860937247849322721569322603	0
6	4	5	5	3	4	-2.246979603717467061050009768008479621264549461792804210731098878	0
6	4	5	5	3	6	-4.048917339522305313522214407023369723596387786056518510838223725	0
6	4	5	5	5	4	-4.048917339522305313522214407023369723596387786056518510838223725	0
6	4	5	5	5	6	-9.097834679044610627044428814046739447192775572113037021676447449	0
6	4	6	2	5	5	4.048917339522305313522214407023369723596387786056518510838223725	0
6	4	6	4	3	3	-1.801937735804838252472204639014890102331838324263714300107124846	0
6	4	6	4	3	5	-7.295896943239772374572224175031849344860937247849322721569322603	0
6	4	6	4	5	3	1.246979603717467061050009768008479621264549461792804210731098878	0
6	4	6	4	5	5	7.295896943239772374572224175031849344860937247849322721569322603	0
6	4	6	6	3	3	-1.246979603717467061050009768008479621264549461792804210731098878	0
6	4	6	6	3	5	-4.048917339522305313522214407023369723596387786056518510838223725	0
6	4	6	6	5	3	2.246979603717467061050009768008479621264549461792804210731098878	0
6	4	6	6	5	5	9.097834679044610627044428814046739447192775572113037021676447449	0
6	5	1	2	2	5	1.000000000000000000000000000000000000000000000000000000000000000	0
6	5	1	4	4	5	1.000000000000000000000000000000000000000000000000000000000000000	0
6	5	1	6	6	5	1.000000000000000000000000000000000000000000000000000000000000000	0
6	5	2	1	2	6	1.000000000000000000000000000000000000000000000000000000000000000	0
6	5	2	3	4	6	1.000000000000000000000000000000000000000000000000000000000000000	0
6	5	2	5	6	6	-1.000000000000000000000000000000000000000000000000000000000000000	0
6	5	3	2	4	5	1.000000000000000000000000000000000000000000000000000000000000000	0
6	5	3	4	2	3	-0.246979603717467061050009768008479621264549461792804210731098878	0
6	5	3	4	2	5	-0.445041867912628808577805128993589518932711137529089910623974032	0
6	5	3	4	6	3	0.445041867912628808577805128993589518932711137529089910623974032	0
6	5	3	4	6	5	1.801937735804838252472204639014890102331838324263714300107124846	0
6	5	3	6	4	3	0.554958132087371191422194871006410481067288862470910089376025968	0
6	5	3	6	4	5	1.000000000000000000000000000000000000000000000000000000000000000	0
6	5	3	6	6	3	1.000000000000000000000000000000000000000000000000000000000000000	0
6	5	3	6	6	5	2.246979603717467061050009768008479621264549461792804210731098878	0
6	5	4	1	4	6	1.000000000000000000000000000000000000000000000000000000000000000	0
6	5	4	3	2	4	-0.246979603717467061050009768008479621264549461792804210731098878	0
6	5	4	3	2	6	-0.445041867912628808577805128993589518932711137529089910623974032	0
6	5	4	3	6	4	-0.445041867912628808577805128993589518932711137529089910623974032	0
6	5	4	3	6	6	-1.801937735804838252472204639014890102331838324263714300107124846	0
6	5	4	5	4	4	1.000000000000000000000000000000000000000000000000000000000000000	0
6	5	4	5	4	6	1.801937735804838252472204639014890102331838324263714300107124846	0
6	5	4	5	6	4	-1.000000000000000000000000000000000000000000000000000000000000000	0
6	5	4	5	6	6	-2.246979603717467061050009768008479621264549461792804210731098878	0
6	5	5	2	6	5	1.000000000000000000000000000000000000000000000000000000000000000	0
6	5	5	4	4	3	0.554958132087371191422194871006410481067288862470910089376025968	0
6	5	5	4	4	5	1.000000000000000000000000000000000000000000000000000000000000000	0
6	5	5	4	6	3	1.000000000000000000000000000000000000000000000000000000000000000	0
6	5	5	4	6	5	2.246979603717467061050009768008479621264549461792804210731098878	0
6	5	5	6	2	1	1.801937735804838252472204639014890102331838324263714300107124846	0
6	5	5	6	2	3	1.000000000000000000000000000000000000000000000000000000000000000	0
6	5	5	6	2	5	1.000000000000000000000000000000000000000000000000000000000000000	0
6	5	5	6	4	1	1.000000000000000000000000000000000000000000000000000000000000000	0
6	5	5	6	4	3	1.000000000000000000000000000000000000000000000000000000000000000	0
6	5	5	6	4	5	1.246979603717467061050009768008479621264549461792804210731098878	0
6	5	5	6	6	1	1.801937735804838252472204639014890102331838324263714300107124846	0
6	5	5	6	6	3	2.246979603717467061050009768008479621264549461792804210731098878	0
6	5	5	6	6	5	3.246979603717467061050009768008479621264549461792804210731098878	0
6	5	6	1	6	6	-1.000000000000000000000000000000000000000000000000000000000000000	0
6	5	6	3	4	4	1.000000000000000000000000000000000000000000000000000000000000000	0
6	5	6	3	4	6	1.801937735804838252472204639014890102331838324263714300107124846	0
6	5	6	3	6	4	-1.000000000000000000000000000000000000000000000000000000000000000	0
6	5	6	3	6	6	-2.246979603717467061050009768008479621264549461792804210731098878	0
6	5	6	5	2	2	1.801937735804838252472204639014890102331838324263714300107124846	0
6	5	6	5	2	4	1.000000000000000000000000000000000000000000000000000000000000000	0
6	5	6	5	2	6	1.000000000000000000000000000000000000000000000000000000000000000	0
6	5	6	5	4	2	1.000000000000000000000000000000000000000000000000000000000000000	0
6	5	6	5	4	4	1.000000000000000000000000000000000000000000000000000000000000000	0
6	5	6	5	4	6	1.246979603717467061050009768008479621264549461792804210731098878	0
6	5	6	5	6	2	-1.801937735804838252472204639014890102331838324263714300107124846	0
6	5	6	5	6	4	-2.246979603717467061050009768008479621264549461792804210731098878	0
6	5	6	5	6	6	-3.246979603717467061050009768008479621264549461792804210731098878	0
6	6	1	1	1	6	1.000000000000000000000000000000000000000000000000000000000000000	0
6	6	1	3	3	6	1.000000000000000000000000000000000000000000000000000000000000000	0
6	6	1	5	5	6	1.000000000000000000000000000000000000000000000000000000000000000	0
6	6	2	2	1	5	-1.000000000000000000000000000000000000000000000000000000000000000	0
6	6	2	4	3	5	-1.000000000000000000000000000000000000000000000000000000000000000	0
6	6	2	6	5	5	1.000000000000000000000000000000000000000000000000000000000000000	0
6	6	3	1	3	6	1.000000000000000000000000000000000000000000000000000000000000000	0
6	6	3	3	1	4	-0.246979603717467061050009768008479621264549461792804210731098878	0
6	6	3	3	1	6	-0.445041867912628808577805128993589518932711137529089910623974032	0
6	6	3	3	5	4	0.445041867912628808577805128993589518932711137529089910623974032	0
6	6	3	3	5	6	1.801937735804838252472204639014890102331838324263714300107124846	0
6	6	3	5	3	4	0.554958132087371191422194871006410481067288862470910089376025968	0
6	6	3	5	3	6	1.000000000000000000000000000000000000000000000000000000000000000	0
6	6	3	5	5	4	1.000000000000000000000000000000000000000000000000000000000000000	0
6	6	3	5	5	6	2.246979603717467061050009768008479621264549461792804210731098878	0
6	6	4	2	3	5	-1.000000000000000000000000000000000000000000000000000000000000000	0
6	6	4	4	1	3	0.246979603717467061050009768008479621264549461792804210731098878	0
6	6	4	4	1	5	0.445041867912628808577805128993589518932711137529089910623974032	0
6	6	4	4	5	3	0.445041867912628808577805128993589518932711137529089910623974032	0
6	6	4	4	5	5	1.801937735804838252472204639014890102331838324263714300107124846	0
6	6	4	6	3	3	-1.000000000000000000000000000000000000000000000000000000000000000	0
6	6	4	6	3	5	-1.801937735804838252472204639014890102331838324263714300107124846	0
6	6	4	6	5	3	1.000000000000000000000000000000000000000000000000000000000000000	0
6	6	4	6	5	5	2.246979603717467061050009768008479621264549461792804210731098878	0
6	6	5	1	5	6	1.000000000000000000000000000000000000000000000000000000000000000	0
6	6	5	3	3	4	0.554958132087371191422194871006410481067288862470910089376025968	0
6	6	5	3	3	6	1.000000000000000000000000000000000000000000000000000000000000000	0
6	6	5	3	5	4	1.000000000000000000000000000000000000000000000000000000000000000	0
6	6	5	3	5	6	2.246979603717467061050009768008479621264549461792804210731098878	0
6	6	5	5	1	2	1.801937735804838252472204639014890102331838324263714300107124846	0
6	6	5	5	1	4	1.000000000000000000000000000000000000000000000000000000000000000	0
6	6	5	5	1	6	1.000000000000000000000000000000000000000000000000000000000000000	0
6	6	5	5	3	2	1.000000000000000000000000000000000000000000000000000000000000000	0
6	6	5	5	3	4	1.000000000000000000000000000000000000000000000000000000000000000	0
6	6	5	5	3	6	1.246979603717467061050009768008479621264549461792804210731098878	0
6	6	5	5	5	2	1.801937735804838252472204639014890102331838324263714300107124846	0
6	6	5	5	5	4	2.246979603717467061050009768008479621264549461792804210731098878	0
6	6	5	5	5	6	3.246979603717467061050009768008479621264549461792804210731098878	0
6	6	6	2	5	5	1.000000000000000000000000000000000000000000000000000000000000000	0
6	6	6	4	3	3	-1.000000000000000000000000000000000000000000000000000000000000000	0
6	6	6	4	3	5	-1.801937735804838252472204639014890102331838324263714300107124846	0
6	6	6	4	5	3	1.000000000000000000000000000000000000000000000000000000000000000	0
6	6	6	4	5	5	2.246979603717467061050009768008479621264549461792804210731098878	0
6	6	6	6	1	1	-1.801937735804838252472204639014890102331838324263714300107124846	0
6	6	6	6	1	3	-1.000000000000000000000000000000000000000000000000000000000000000	0
6	6	6	6	1	5	-1.000000000000000000000000000000000000000000000000000000000000000	0
6	6	6	6	3	1	-1.000000000000000000000000000000000000000000000000000000000000000	0
6	6	6	6	3	3	-1.000000000000000000000000000000000000000000000000000000000000000	0
6	6	6	6	3	5	-1.246979603717467061050009768008479621264549461792804210731098878	0
6	6	6	6	5	1	1.801937735804838252472204639014890102331838324263714300107124846	0
6	6	6	6	5	3	2.246979603717467061050009768008479621264549461792804210731098878	0
6	6	6	6	5	5	3.246979603717467061050009768008479621264549461792804210731098878	0