1	1	1	1.000000000000000000000000000000000000000000000000000000000000000	0
1	2	2	1.000000000000000000000000000000000000000000000000000000000000000	0
1	3	3	1.000000000000000000000000000000000000000000000000000000000000000	0
1	4	4	1.000000000000000000000000000000000000000000000000000000000000000	0
1	5	5	1.000000000000000000000000000000000000000000000000000000000000000	0
1	6	6	1.000000000000000000000000000000000000000000000000000000000000000	0
1	7	7	1.000000000000000000000000000000000000000000000000000000000000000	0
2	1	2	1.000000000000000000000000000000000000000000000000000000000000000	0
2	2	1	1.000000000000000000000000000000000000000000000000000000000000000	0
2	3	4	-1.000000000000000000000000000000000000000000000000000000000000000	0
2	4	3	-1.000000000000000000000000000000000000000000000000000000000000000	0
2	5	7	-1.000000000000000000000000000000000000000000000000000000000000000	0
2	6	6	1.000000000000000000000000000000000000000000000000000000000000000	0
2	7	5	-1.000000000000000000000000000000000000000000000000000000000000000	0
3	1	3	1.000000000000000000000000000000000000000000000000000000000000000	0
3	2	4	-1.000000000000000000000000000000000000000000000000000000000000000	0
3	3	1	1.000000000000000000000000000000000000000000000000000000000000000	0
3	4	2	-1.000000000000000000000000000000000000000000000000000000000000000	0
3	5	7	-1.000000000000000000000000000000000000000000000000000000000000000	0
3	6	6	1.000000000000000000000000000000000000000000000000000000000000000	0
3	7	5	-1.000000000000000000000000000000000000000000000000000000000000000	0
4	1	4	1.000000000000000000000000000000000000000000000000000000000000000	0
4	2	3	-1.000000000000000000000000000000000000000000000000000000000000000	0
4	3	2	-1.000000000000000000000000000000000000000000000000000000000000000	0
4	4	1	1.000000000000000000000000000000000000000000000000000000000000000	0
4	5	5	-1.000000000000000000000000000000000000000000000000000000000000000	0
4	6	6	-1.000000000000000000000000000000000000000000000000000000000000000	0
4	7	7	-1.000000000000000000000000000000000000000000000000000000000000000	0
5	1	5	1.000000000000000000000000000000000000000000000000000000000000000	0
5	2	7	-1.000000000000000000000000000000000000000000000000000000000000000	0
5	3	7	-1.000000000000000000000000000000000000000000000000000000000000000	0
5	4	5	-1.000000000000000000000000000000000000000000000000000000000000000	0
5	5	1	-0.7071067811865475244008443621048490392848359376884740365883398690	-0.7071067811865475244008443621048490392848359376884740365883398690
5	5	4	0.7071067811865475244008443621048490392848359376884740365883398690	0.7071067811865475244008443621048490392848359376884740365883398690
5	5	6	-0.7071067811865475244008443621048490392848359376884740365883398690	0.7071067811865475244008443621048490392848359376884740365883398690
5	6	5	0.	1.0000000000000000000000000000000000000000000000000000000000000000
5	6	7	0.	-1.0000000000000000000000000000000000000000000000000000000000000000
5	7	2	0.7071067811865475244008443621048490392848359376884740365883398690	0.7071067811865475244008443621048490392848359376884740365883398690
5	7	3	0.7071067811865475244008443621048490392848359376884740365883398690	0.7071067811865475244008443621048490392848359376884740365883398690
5	7	6	0.7071067811865475244008443621048490392848359376884740365883398690	-0.7071067811865475244008443621048490392848359376884740365883398690
6	1	6	1.000000000000000000000000000000000000000000000000000000000000000	0
6	2	6	1.000000000000000000000000000000000000000000000000000000000000000	0
6	3	6	1.000000000000000000000000000000000000000000000000000000000000000	0
6	4	6	-1.000000000000000000000000000000000000000000000000000000000000000	0
6	5	5	0.	1.0000000000000000000000000000000000000000000000000000000000000000
6	5	7	0.	-1.0000000000000000000000000000000000000000000000000000000000000000
6	6	1	-1.000000000000000000000000000000000000000000000000000000000000000	0
6	6	2	-1.000000000000000000000000000000000000000000000000000000000000000	0
6	6	3	-1.000000000000000000000000000000000000000000000000000000000000000	0
6	6	4	1.000000000000000000000000000000000000000000000000000000000000000	0
6	7	5	0.	-1.0000000000000000000000000000000000000000000000000000000000000000
6	7	7	0.	1.0000000000000000000000000000000000000000000000000000000000000000
7	1	7	1.000000000000000000000000000000000000000000000000000000000000000	0
7	2	5	-1.000000000000000000000000000000000000000000000000000000000000000	0
7	3	5	-1.000000000000000000000000000000000000000000000000000000000000000	0
7	4	7	-1.000000000000000000000000000000000000000000000000000000000000000	0
7	5	2	0.7071067811865475244008443621048490392848359376884740365883398690	0.7071067811865475244008443621048490392848359376884740365883398690
7	5	3	0.7071067811865475244008443621048490392848359376884740365883398690	0.7071067811865475244008443621048490392848359376884740365883398690
7	5	6	0.7071067811865475244008443621048490392848359376884740365883398690	-0.7071067811865475244008443621048490392848359376884740365883398690
7	6	5	0.	-1.0000000000000000000000000000000000000000000000000000000000000000
7	6	7	0.	1.0000000000000000000000000000000000000000000000000000000000000000
7	7	1	-0.7071067811865475244008443621048490392848359376884740365883398690	-0.7071067811865475244008443621048490392848359376884740365883398690
7	7	4	0.7071067811865475244008443621048490392848359376884740365883398690	0.7071067811865475244008443621048490392848359376884740365883398690
7	7	6	-0.7071067811865475244008443621048490392848359376884740365883398690	0.7071067811865475244008443621048490392848359376884740365883398690