1	1	1	1.000000000000000000000000000000000000000000000000000000000000000	0
1	2	2	1.000000000000000000000000000000000000000000000000000000000000000	0
1	3	3	1.000000000000000000000000000000000000000000000000000000000000000	0
1	4	4	1.000000000000000000000000000000000000000000000000000000000000000	0
1	5	5	1.000000000000000000000000000000000000000000000000000000000000000	0
1	6	6	1.000000000000000000000000000000000000000000000000000000000000000	0
2	1	2	1.000000000000000000000000000000000000000000000000000000000000000	0
2	2	1	-0.7485107481711010986346305997013513838464515901758261340696312391	-0.6631226582407952023767854926667662795247641070441061881807863297
2	2	3	0.9709418174260520271569822762937892272498651057390035885876445265	-0.2393156642875577671487537262602118952031730227383060133551597187
2	3	2	-1.3786475357248797544088025084887421720342571195077561664296036095	-1.9973157728666289851681557495374246149087581854043116898785427133
2	3	4	2.1489306892991746957646313412490324165174059773219213809314778351	-1.1278458302845637480328008277998710570824999723765751651348110147
2	4	3	-0.8605975929510685752190811020676609351955350076889010600210920014	-2.2692093573112486062311548567084890644345115479386373723941366537
2	4	5	2.5215855191155215009239906402701321276724835212545712407617288119	-2.2339298353470700904806469097668353803852886714500469196352959961
2	5	4	-0.0694254688308606417405974097977343092780994162744980429413449803	-0.5717701769355776278642112466267858392304877508852898141352954136
2	5	6	0.2357095523342380078936143767073522163960307177609410920974784072	-0.3414842405277797899906186073781381560403184453900386459267588231
2	6	5	0.0500148039573446233220861527064353876947704406346630630711508935	-0.4119089692827164356613793158541701281001841648418221964890790188
2	6	6	0.0101924557803396014111665132264152902193510611774688762303962990	-0.0268752971425552132542027919766668842648282956552664892829989989
3	1	3	1.000000000000000000000000000000000000000000000000000000000000000	0
3	2	2	-0.2340682067872125726205702051474748920426742728862233486247905447	-0.3391063409814141440805732654126335536408983200315394373789059990
3	2	4	0.3648476785546174998219749833951221367799612638010349692355363969	-0.1914868334264550038060889718860449224683192131856964605783208693
3	3	1	-0.3546048870425356259696378926000184743163554321137947534217393687	0.9350162426854148234397845998378307290505174695784318706963802701
3	3	3	-0.5680647467311558025118075591275166245334925524535181694796625016	-0.8229838658936563945796174234393819906550676930875738058270027246
3	3	5	0.5680647467311558025118075591275166245334925524535181694796625016	-0.8229838658936563945796174234393819906550676930875738058270027246
3	4	2	-0.7485107481711010986346305997013513838464515901758261340696312391	0.6631226582407952023767854926667662795247641070441061881807863297
3	4	4	-0.7485107481711010986346305997013513838464515901758261340696312391	-1.0844050308306526196750210822261434433742695488626298923255721495
3	4	6	0.2204650134120537106197348362851104227218251659086428770270302362	-1.8156927399917103873803690729319021699987433260577406615980002851
3	5	3	-0.3036250456722667698188320248836779202487580700021213399599718449	0.0748368524202868851291562057133983531223884104351353051489421710
3	5	5	-0.1279740679157780452855629122488078015727704309482547292726824151	-0.1854024453260232428233785323021812846883910924650911445288963380
3	5	6	-0.3546048870425356259696378926000184743163554321137947534217393687	-0.9350162426854148234397845998378307290505174695784318706963802701
3	6	4	-0.9709418174260520271569822762937892272498651057390035885876445265	-0.2393156642875577671487537262602118952031730227383060133551597187
3	6	5	0.1264584117729471788280134300073236211093126972385250223435307969	0.1120323767917584288601671763984487383954497764908580648693775455
3	6	6	1.3854560256532098959003755220150988786054984163475349018024038087	2.0071795734181653911864580448179470924670625392434371221763211544
4	1	4	1.000000000000000000000000000000000000000000000000000000000000000	0
4	2	3	-0.1461131508435429418319190886099427538787699701243035317891696282	-0.3852687154090719707100935396455085934848664286376305812450813612
4	2	5	0.2221889108580314345482039117609144531896113136451893316783094616	-0.1968421984050454448201671396321216063390117731029407463200651549
4	3	2	-0.7485107481711010986346305997013513838464515901758261340696312391	0.6631226582407952023767854926667662795247641070441061881807863297
4	3	4	-0.4311194692490470052460626368137691297744457262818094017468899320	-0.6245843796966297378588472659057204886880394513759365946002410799
4	3	6	0.0659020270931551920231985625889336379184574540698428663923725463	-0.5427520235155675170028801284526197022157498893225989903434449319
4	4	1	0.8854560256532098959003755220150988786054984163475349018024038087	0.4647231720437685456560153351331047775577358653324689769540246850
4	4	3	-0.8854560256532098959003755220150988786054984163475349018024038087	0.4647231720437685456560153351331047775577358653324689769540246850
4	4	5	-0.7485107481711010986346305997013513838464515901758261340696312391	-0.6631226582407952023767854926667662795247641070441061881807863297
4	4	6	-0.5680647467311558025118075591275166245334925524535181694796625016	-0.8229838658936563945796174234393819906550676930875738058270027246
4	5	2	0.0606273590707008105753123343312524052344032807328348450039289105	0.1598612076528611922028319307726157111303035860434676176462163949
4	5	4	-0.1660034600560567701087626460199582675091817204327051791451280431	0.0409161780905311104279835687265503932361447810266688021283980740
4	5	5	0.9825789549583136712552008048488262758891258630620494826944217838	0.2421839610783188374402450898010319394115762249592291465450841828
4	5	6	0.0620720408226228532623643496598741636543129768784118628803098688	0.0325779201570618539142453809108525543225803397960196691604342217
4	6	3	-0.1938760950089332373087614748377414394912278850180975956650549614	0.5112092487321773882117528334312763447289263852726316958707536590
4	6	4	-0.0075548432211317071212519242789817061757050835422723976969624476	0.0039650875981420470953293105091768438898556277026183006257103740
4	6	5	-0.758926639489353893301864625094912835452637681544857190406102352	0
4	6	6	-0.1660034600560567701087626460199582675091817204327051791451280431	-0.0409161780905311104279835687265503932361447810266688021283980740
5	1	5	1.000000000000000000000000000000000000000000000000000000000000000	0
5	2	4	-0.2092760989827927774242280944078088477622720782207567596460667690	-1.7235437391902669833318629912648840449689626180938090185303750259
5	2	6	1.3690474284264241519836982871538949661201327494033975388665800632	-1.9834076163352819965266636321501056020601480052601686401222479610
5	3	3	-3.1049085912503630216919883980102394897018151122623646244596795744	0.7652912344810172252186503737846925403619095296958388207523854342
5	3	5	-2.5215855191155215009239906402701321276724835212545712407617288119	-3.6531473052054781803456928916967110737771979254185847338303266036
5	3	6	-0.3546048870425356259696378926000184743163554321137947534217393687	-0.9350162426854148234397845998378307290505174695784318706963802701
5	4	2	2.0740574526396887517612507685951590854126721280286244760790151343	5.4688400451971885677260619646286132437759412514763253954283268886
5	4	4	-5.6789660438900517734532391666053985751144872402909891005386947087	1.3997394147291833690957999349709355066082533349109008476504049551
5	4	5	0.9594425039019898238911288236973955419746225068120066888286482832	0.2364813380638121967802025008668462693538241808184759666676489600
5	4	6	12.6310068587245239491958383737795778940550064116607233077694869900	6.6292637956388141696731081733393368551810215636489202297235721251
5	5	1	0.8854560256532098959003755220150988786054984163475349018024038087	-0.4647231720437685456560153351331047775577358653324689769540246850
5	5	3	-0.1205366802553230533490676874525435822736811592275714047969488240	0.9927088740980539928007516494925201793436756329701668557709975605
5	5	4	-0.7485107481711010986346305997013513838464515901758261340696312391	0.6631226582407952023767854926667662795247641070441061881807863297
5	5	5	-0.9709418174260520271569822762937892272498651057390035885876445265	0.2393156642875577671487537262602118952031730227383060133551597187
5	5	6	-1.000000000000000000000000000000000000000000000000000000000000000	0
5	6	2	0.8854560256532098959003755220150988786054984163475349018024038087	0.4647231720437685456560153351331047775577358653324689769540246850
5	6	3	-0.0203642729015126514930061371086565306394088553005564029914226673	-0.1677148763435716091462945592182034320614046792024279785242476759
5	6	4	6.1499078613161038006102214428991878023643523460299926891263392351	-8.9096797076742931027094925814043438027375007550391298682755970952
5	6	5	0.1077696393474841092379704991248192351322961200891232830991882395	-0.0565618700382426926341889645388782322526513776089467311364176751
5	6	6	0.5245640227733193036547294408674293599795803409029189726224663336	-0.1292934193566253273634262166966979134349265069276130199055293331
6	1	6	1.000000000000000000000000000000000000000000000000000000000000000	0
6	2	5	0.2904958159861067310341592357199544679369060680166956239976757889	-2.3924482888272373618965515844634556859519289678810677034214025156
6	2	6	12.3370293307526891338015128155108118249730542602797633993516765318	-32.5300728564309103670204317886066616261306328080993136869855833978
6	3	4	-0.9709418174260520271569822762937892272498651057390035885876445265	-0.2393156642875577671487537262602118952031730227383060133551597187
6	3	5	4.4304552957189506748186085669040471912680356501151629664690634695	3.9250408896500978014086919988677755233029512879529104163459205439
6	3	6	0.2329179349641125469600831688988617170531476444963611999072550600	0.3374398845479692073674287852713416207500126190850210284682425119
6	4	3	-0.6485824150143704413639634508687845433983075834947546618395498269	1.7101712777179684546767372689030457469707313531133961237465441453
6	4	4	-103.7787748093243320500556493039570874570996017381127305128009679545	54.4673027490287432984411251782451650829405681089286271343211288767
6	4	5	-1.317650413052904630432601083327776411723826830363989755306693710	0
6	4	6	-5.6789660438900517734532391666053985751144872402909891005386947087	-1.3997394147291833690957999349709355066082533349109008476504049551
6	5	2	0.8854560256532098959003755220150988786054984163475349018024038087	0.4647231720437685456560153351331047775577358653324689769540246850
6	5	3	-0.7134598596886201765421696665274981502171371203397234160579231329	-5.8758705858283179440211102501070285710405189534170593873077342832
6	5	4	0.0524719335241672508372601283250269577401886067740532353172863224	-0.0760187196109729822720251264845801680308107633099649419696730869
6	5	5	7.2750765253802549639799424891491561607726062170116905270609582131	-3.8182547091954660887500615279756514315153248390414746932143202867
6	5	6	1.7971648300287408827279269017375690867966151669895093236790996538	-0.4429613468217111400710605893001980437780245920293655663196986516
6	6	1	0.5680647467311558025118075591275166245334925524535181694796625016	-0.8229838658936563945796174234393819906550676930875738058270027246
6	6	2	0.9709418174260520271569822762937892272498651057390035885876445265	0.2393156642875577671487537262602118952031730227383060133551597187
6	6	3	0.3546048870425356259696378926000184743163554321137947534217393687	0.9350162426854148234397845998378307290505174695784318706963802701
6	6	4	-0.3546048870425356259696378926000184743163554321137947534217393687	0.9350162426854148234397845998378307290505174695784318706963802701
6	6	5	-0.7485107481711010986346305997013513838464515901758261340696312391	0.6631226582407952023767854926667662795247641070441061881807863297
6	6	6	-0.8854560256532098959003755220150988786054984163475349018024038087	0.4647231720437685456560153351331047775577358653324689769540246850