1	1	1	1.000000000000000000000000000000000000000000000000000000000000000	0
1	2	2	1.000000000000000000000000000000000000000000000000000000000000000	0
1	3	3	1.000000000000000000000000000000000000000000000000000000000000000	0
1	4	4	1.000000000000000000000000000000000000000000000000000000000000000	0
1	5	5	1.000000000000000000000000000000000000000000000000000000000000000	0
1	6	6	1.000000000000000000000000000000000000000000000000000000000000000	0
2	1	2	1.000000000000000000000000000000000000000000000000000000000000000	0
2	2	1	-0.3546048870425356259696378926000184743163554321137947534217393687	0.9350162426854148234397845998378307290505174695784318706963802701
2	2	3	-0.1205366802553230533490676874525435822736811592275714047969488240	-0.9927088740980539928007516494925201793436756329701668557709975605
2	3	2	-0.8854560256532098959003755220150988786054984163475349018024038087	-0.4647231720437685456560153351331047775577358653324689769540246850
2	3	4	-0.9709418174260520271569822762937892272498651057390035885876445265	0.2393156642875577671487537262602118952031730227383060133551597187
2	4	3	0.5680647467311558025118075591275166245334925524535181694796625016	-0.8229838658936563945796174234393819906550676930875738058270027246
2	4	5	0.3546048870425356259696378926000184743163554321137947534217393687	0.9350162426854148234397845998378307290505174695784318706963802701
2	5	4	0.7485107481711010986346305997013513838464515901758261340696312391	0.6631226582407952023767854926667662795247641070441061881807863297
2	5	6	0.8854560256532098959003755220150988786054984163475349018024038087	-0.4647231720437685456560153351331047775577358653324689769540246850
2	6	5	-0.7485107481711010986346305997013513838464515901758261340696312391	0.6631226582407952023767854926667662795247641070441061881807863297
2	6	6	-0.5680647467311558025118075591275166245334925524535181694796625016	-0.8229838658936563945796174234393819906550676930875738058270027246
3	1	3	1.000000000000000000000000000000000000000000000000000000000000000	0
3	2	2	-0.8854560256532098959003755220150988786054984163475349018024038087	-0.4647231720437685456560153351331047775577358653324689769540246850
3	2	4	-0.9709418174260520271569822762937892272498651057390035885876445265	0.2393156642875577671487537262602118952031730227383060133551597187
3	3	1	0.5680647467311558025118075591275166245334925524535181694796625016	0.8229838658936563945796174234393819906550676930875738058270027246
3	3	3	-0.8854560256532098959003755220150988786054984163475349018024038087	-0.4647231720437685456560153351331047775577358653324689769540246850
3	3	5	0.8854560256532098959003755220150988786054984163475349018024038087	-0.4647231720437685456560153351331047775577358653324689769540246850
3	4	2	-0.3546048870425356259696378926000184743163554321137947534217393687	-0.9350162426854148234397845998378307290505174695784318706963802701
3	4	4	-0.8854560256532098959003755220150988786054984163475349018024038087	-0.4647231720437685456560153351331047775577358653324689769540246850
3	4	6	-0.7485107481711010986346305997013513838464515901758261340696312391	0.6631226582407952023767854926667662795247641070441061881807863297
3	5	3	0.1205366802553230533490676874525435822736811592275714047969488240	0.9927088740980539928007516494925201793436756329701668557709975605
3	5	5	-0.8854560256532098959003755220150988786054984163475349018024038087	-0.4647231720437685456560153351331047775577358653324689769540246850
3	5	6	0.5680647467311558025118075591275166245334925524535181694796625016	-0.8229838658936563945796174234393819906550676930875738058270027246
3	6	4	0.1205366802553230533490676874525435822736811592275714047969488240	-0.9927088740980539928007516494925201793436756329701668557709975605
3	6	5	-0.3546048870425356259696378926000184743163554321137947534217393687	0.9350162426854148234397845998378307290505174695784318706963802701
3	6	6	-0.8854560256532098959003755220150988786054984163475349018024038087	-0.4647231720437685456560153351331047775577358653324689769540246850
4	1	4	1.000000000000000000000000000000000000000000000000000000000000000	0
4	2	3	0.5680647467311558025118075591275166245334925524535181694796625016	-0.8229838658936563945796174234393819906550676930875738058270027246
4	2	5	0.3546048870425356259696378926000184743163554321137947534217393687	0.9350162426854148234397845998378307290505174695784318706963802701
4	3	2	-0.3546048870425356259696378926000184743163554321137947534217393687	-0.9350162426854148234397845998378307290505174695784318706963802701
4	3	4	-0.8854560256532098959003755220150988786054984163475349018024038087	-0.4647231720437685456560153351331047775577358653324689769540246850
4	3	6	-0.7485107481711010986346305997013513838464515901758261340696312391	0.6631226582407952023767854926667662795247641070441061881807863297
4	4	1	-0.9709418174260520271569822762937892272498651057390035885876445265	-0.2393156642875577671487537262602118952031730227383060133551597187
4	4	3	0.9709418174260520271569822762937892272498651057390035885876445265	-0.2393156642875577671487537262602118952031730227383060133551597187
4	4	5	-0.3546048870425356259696378926000184743163554321137947534217393687	0.9350162426854148234397845998378307290505174695784318706963802701
4	4	6	-0.8854560256532098959003755220150988786054984163475349018024038087	-0.4647231720437685456560153351331047775577358653324689769540246850
4	5	2	-0.5680647467311558025118075591275166245334925524535181694796625016	0.8229838658936563945796174234393819906550676930875738058270027246
4	5	4	0.1205366802553230533490676874525435822736811592275714047969488240	0.9927088740980539928007516494925201793436756329701668557709975605
4	5	5	0.1205366802553230533490676874525435822736811592275714047969488240	-0.9927088740980539928007516494925201793436756329701668557709975605
4	5	6	0.9709418174260520271569822762937892272498651057390035885876445265	0.2393156642875577671487537262602118952031730227383060133551597187
4	6	3	0.5680647467311558025118075591275166245334925524535181694796625016	0.8229838658936563945796174234393819906550676930875738058270027246
4	6	4	0.9709418174260520271569822762937892272498651057390035885876445265	-0.2393156642875577671487537262602118952031730227383060133551597187
4	6	5	-1.000000000000000000000000000000000000000000000000000000000000000	0
4	6	6	0.1205366802553230533490676874525435822736811592275714047969488240	-0.9927088740980539928007516494925201793436756329701668557709975605
5	1	5	1.000000000000000000000000000000000000000000000000000000000000000	0
5	2	4	0.7485107481711010986346305997013513838464515901758261340696312391	0.6631226582407952023767854926667662795247641070441061881807863297
5	2	6	0.8854560256532098959003755220150988786054984163475349018024038087	-0.4647231720437685456560153351331047775577358653324689769540246850
5	3	3	0.1205366802553230533490676874525435822736811592275714047969488240	0.9927088740980539928007516494925201793436756329701668557709975605
5	3	5	-0.8854560256532098959003755220150988786054984163475349018024038087	-0.4647231720437685456560153351331047775577358653324689769540246850
5	3	6	0.5680647467311558025118075591275166245334925524535181694796625016	-0.8229838658936563945796174234393819906550676930875738058270027246
5	4	2	-0.5680647467311558025118075591275166245334925524535181694796625016	0.8229838658936563945796174234393819906550676930875738058270027246
5	4	4	0.1205366802553230533490676874525435822736811592275714047969488240	0.9927088740980539928007516494925201793436756329701668557709975605
5	4	5	0.1205366802553230533490676874525435822736811592275714047969488240	-0.9927088740980539928007516494925201793436756329701668557709975605
5	4	6	0.9709418174260520271569822762937892272498651057390035885876445265	0.2393156642875577671487537262602118952031730227383060133551597187
5	5	1	-0.9709418174260520271569822762937892272498651057390035885876445265	0.2393156642875577671487537262602118952031730227383060133551597187
5	5	3	0.7485107481711010986346305997013513838464515901758261340696312391	-0.6631226582407952023767854926667662795247641070441061881807863297
5	5	4	-0.3546048870425356259696378926000184743163554321137947534217393687	-0.9350162426854148234397845998378307290505174695784318706963802701
5	5	5	0.1205366802553230533490676874525435822736811592275714047969488240	0.9927088740980539928007516494925201793436756329701668557709975605
5	5	6	-1.000000000000000000000000000000000000000000000000000000000000000	0
5	6	2	-0.9709418174260520271569822762937892272498651057390035885876445265	-0.2393156642875577671487537262602118952031730227383060133551597187
5	6	3	-0.7485107481711010986346305997013513838464515901758261340696312391	-0.6631226582407952023767854926667662795247641070441061881807863297
5	6	4	-0.8854560256532098959003755220150988786054984163475349018024038087	0.4647231720437685456560153351331047775577358653324689769540246850
5	6	5	0.9709418174260520271569822762937892272498651057390035885876445265	-0.2393156642875577671487537262602118952031730227383060133551597187
5	6	6	0.1205366802553230533490676874525435822736811592275714047969488240	0.9927088740980539928007516494925201793436756329701668557709975605
6	1	6	1.000000000000000000000000000000000000000000000000000000000000000	0
6	2	5	-0.7485107481711010986346305997013513838464515901758261340696312391	0.6631226582407952023767854926667662795247641070441061881807863297
6	2	6	-0.5680647467311558025118075591275166245334925524535181694796625016	-0.8229838658936563945796174234393819906550676930875738058270027246
6	3	4	0.1205366802553230533490676874525435822736811592275714047969488240	-0.9927088740980539928007516494925201793436756329701668557709975605
6	3	5	-0.3546048870425356259696378926000184743163554321137947534217393687	0.9350162426854148234397845998378307290505174695784318706963802701
6	3	6	-0.8854560256532098959003755220150988786054984163475349018024038087	-0.4647231720437685456560153351331047775577358653324689769540246850
6	4	3	0.5680647467311558025118075591275166245334925524535181694796625016	0.8229838658936563945796174234393819906550676930875738058270027246
6	4	4	0.9709418174260520271569822762937892272498651057390035885876445265	-0.2393156642875577671487537262602118952031730227383060133551597187
6	4	5	-1.000000000000000000000000000000000000000000000000000000000000000	0
6	4	6	0.1205366802553230533490676874525435822736811592275714047969488240	-0.9927088740980539928007516494925201793436756329701668557709975605
6	5	2	-0.9709418174260520271569822762937892272498651057390035885876445265	-0.2393156642875577671487537262602118952031730227383060133551597187
6	5	3	-0.7485107481711010986346305997013513838464515901758261340696312391	-0.6631226582407952023767854926667662795247641070441061881807863297
6	5	4	-0.8854560256532098959003755220150988786054984163475349018024038087	0.4647231720437685456560153351331047775577358653324689769540246850
6	5	5	0.9709418174260520271569822762937892272498651057390035885876445265	-0.2393156642875577671487537262602118952031730227383060133551597187
6	5	6	0.1205366802553230533490676874525435822736811592275714047969488240	0.9927088740980539928007516494925201793436756329701668557709975605
6	6	1	0.8854560256532098959003755220150988786054984163475349018024038087	-0.4647231720437685456560153351331047775577358653324689769540246850
6	6	2	-0.1205366802553230533490676874525435822736811592275714047969488240	0.9927088740980539928007516494925201793436756329701668557709975605
6	6	3	-0.5680647467311558025118075591275166245334925524535181694796625016	0.8229838658936563945796174234393819906550676930875738058270027246
6	6	4	0.5680647467311558025118075591275166245334925524535181694796625016	0.8229838658936563945796174234393819906550676930875738058270027246
6	6	5	-0.3546048870425356259696378926000184743163554321137947534217393687	-0.9350162426854148234397845998378307290505174695784318706963802701
6	6	6	0.9709418174260520271569822762937892272498651057390035885876445265	-0.2393156642875577671487537262602118952031730227383060133551597187