1	1	1	1	1	1	1.000000000000000000000000000000000000000000000000000000000000000	0
1	1	2	2	1	2	1.000000000000000000000000000000000000000000000000000000000000000	0
1	1	3	3	1	3	1.000000000000000000000000000000000000000000000000000000000000000	0
1	1	4	4	1	4	1.000000000000000000000000000000000000000000000000000000000000000	0
1	2	1	2	2	2	1.000000000000000000000000000000000000000000000000000000000000000	0
1	2	2	1	2	1	1.000000000000000000000000000000000000000000000000000000000000000	0
1	2	2	3	2	3	1.000000000000000000000000000000000000000000000000000000000000000	0
1	2	3	2	2	2	1.000000000000000000000000000000000000000000000000000000000000000	0
1	2	3	4	2	4	1.000000000000000000000000000000000000000000000000000000000000000	0
1	2	4	3	2	3	1.000000000000000000000000000000000000000000000000000000000000000	0
1	2	4	4	2	4	1.000000000000000000000000000000000000000000000000000000000000000	0
1	3	1	3	3	3	1.000000000000000000000000000000000000000000000000000000000000000	0
1	3	2	2	3	2	1.000000000000000000000000000000000000000000000000000000000000000	0
1	3	2	4	3	4	1.000000000000000000000000000000000000000000000000000000000000000	0
1	3	3	1	3	1	1.000000000000000000000000000000000000000000000000000000000000000	0
1	3	3	3	3	3	1.000000000000000000000000000000000000000000000000000000000000000	0
1	3	3	4	3	4	1.000000000000000000000000000000000000000000000000000000000000000	0
1	3	4	2	3	2	1.000000000000000000000000000000000000000000000000000000000000000	0
1	3	4	3	3	3	1.000000000000000000000000000000000000000000000000000000000000000	0
1	3	4	4	3	4	1.000000000000000000000000000000000000000000000000000000000000000	0
1	4	1	4	4	4	1.000000000000000000000000000000000000000000000000000000000000000	0
1	4	2	3	4	3	1.000000000000000000000000000000000000000000000000000000000000000	0
1	4	2	4	4	4	1.000000000000000000000000000000000000000000000000000000000000000	0
1	4	3	2	4	2	1.000000000000000000000000000000000000000000000000000000000000000	0
1	4	3	3	4	3	1.000000000000000000000000000000000000000000000000000000000000000	0
1	4	3	4	4	4	1.000000000000000000000000000000000000000000000000000000000000000	0
1	4	4	1	4	1	1.000000000000000000000000000000000000000000000000000000000000000	0
1	4	4	2	4	2	1.000000000000000000000000000000000000000000000000000000000000000	0
1	4	4	3	4	3	1.000000000000000000000000000000000000000000000000000000000000000	0
1	4	4	4	4	4	1.000000000000000000000000000000000000000000000000000000000000000	0
2	1	1	2	2	1	1.000000000000000000000000000000000000000000000000000000000000000	0
2	1	2	1	2	2	1.000000000000000000000000000000000000000000000000000000000000000	0
2	1	2	3	2	2	1.000000000000000000000000000000000000000000000000000000000000000	0
2	1	3	2	2	3	1.000000000000000000000000000000000000000000000000000000000000000	0
2	1	3	4	2	3	1.000000000000000000000000000000000000000000000000000000000000000	0
2	1	4	3	2	4	1.000000000000000000000000000000000000000000000000000000000000000	0
2	1	4	4	2	4	1.000000000000000000000000000000000000000000000000000000000000000	0
2	2	1	1	1	2	1.000000000000000000000000000000000000000000000000000000000000000	0
2	2	1	3	3	2	1.000000000000000000000000000000000000000000000000000000000000000	0
2	2	2	2	1	1	0.532088886237956070404785301110833347871664914160790491708090569	0
2	2	2	2	1	3	0.846688500655377652275079608133004017583995253060189264072726842	0
2	2	2	2	3	1	0.846688500655377652275079608133004017583995253060189264072726842	0
2	2	2	2	3	3	-0.532088886237956070404785301110833347871664914160790491708090569	0
2	2	2	4	3	3	1.000000000000000000000000000000000000000000000000000000000000000	0
2	2	3	1	3	2	1.000000000000000000000000000000000000000000000000000000000000000	0
2	2	3	3	1	2	0.628435234240330017452012272041266596167821626578218315830005531	0
2	2	3	3	1	4	0.777861913430206160028177977318626690410586095731140983925221498	0
2	2	3	3	3	2	0.777861913430206160028177977318626690410586095731140983925221498	0
2	2	3	3	3	4	-0.628435234240330017452012272041266596167821626578218315830005531	0
2	2	3	4	3	4	1.000000000000000000000000000000000000000000000000000000000000000	0
2	2	4	2	3	3	1.000000000000000000000000000000000000000000000000000000000000000	0
2	2	4	3	3	4	1.000000000000000000000000000000000000000000000000000000000000000	0
2	2	4	4	1	3	0.684040286651337466088199229364519161526166735028321256930096995	0
2	2	4	4	1	4	0.729444231067705456567111620807288494252781479912920732084415094	0
2	2	4	4	3	3	-0.729444231067705456567111620807288494252781479912920732084415094	0
2	2	4	4	3	4	0.684040286651337466088199229364519161526166735028321256930096995	0
2	3	1	2	2	3	1.000000000000000000000000000000000000000000000000000000000000000	0
2	3	1	4	4	3	1.000000000000000000000000000000000000000000000000000000000000000	0
2	3	2	1	2	2	1.000000000000000000000000000000000000000000000000000000000000000	0
2	3	2	3	2	2	-0.394930843634698457567117349190734585290304519930883905745202604	0
2	3	2	3	2	4	0.918710851544698669018386537125964552814172805201066881564521665	0
2	3	2	3	4	2	0.918710851544698669018386537125964552814172805201066881564521665	0
2	3	2	3	4	4	0.394930843634698457567117349190734585290304519930883905745202604	0
2	3	2	4	4	4	1.000000000000000000000000000000000000000000000000000000000000000	0
2	3	3	2	2	1	0.628435234240330017452012272041266596167821626578218315830005531	0
2	3	3	2	2	3	0.777861913430206160028177977318626690410586095731140983925221498	0
2	3	3	2	4	1	0.777861913430206160028177977318626690410586095731140983925221498	0
2	3	3	2	4	3	-0.628435234240330017452012272041266596167821626578218315830005531	0
2	3	3	3	4	4	1.000000000000000000000000000000000000000000000000000000000000000	0
2	3	3	4	2	3	-0.507713305942872492617108842495900175404533672680222596724733012	0
2	3	3	4	2	4	0.861526087224617450394219811772086466962778416440468349292322236	0
2	3	3	4	4	3	0.861526087224617450394219811772086466962778416440468349292322236	0
2	3	3	4	4	4	0.507713305942872492617108842495900175404533672680222596724733012	0
2	3	4	1	4	2	1.000000000000000000000000000000000000000000000000000000000000000	0
2	3	4	2	4	3	1.000000000000000000000000000000000000000000000000000000000000000	0
2	3	4	3	2	2	0.742227198968559155270550602729364177291055874299022680217685361	0
2	3	4	3	2	4	-0.670148330678579620405834220275843360837238976996006859646536028	0
2	3	4	3	4	2	-0.670148330678579620405834220275843360837238976996006859646536028	0
2	3	4	3	4	4	-0.742227198968559155270550602729364177291055874299022680217685361	0
2	3	4	4	2	3	0.807900764120284331283352039328611914731835010862721720915226072	0
2	3	4	4	2	4	0.589318551662732485630016172721236802817328941736178834018105951	0
2	3	4	4	4	3	-0.589318551662732485630016172721236802817328941736178834018105951	0
2	3	4	4	4	4	0.807900764120284331283352039328611914731835010862721720915226072	0
2	4	1	3	3	4	1.000000000000000000000000000000000000000000000000000000000000000	0
2	4	1	4	4	4	1.000000000000000000000000000000000000000000000000000000000000000	0
2	4	2	2	3	3	1.000000000000000000000000000000000000000000000000000000000000000	0
2	4	2	3	4	4	1.000000000000000000000000000000000000000000000000000000000000000	0
2	4	2	4	3	3	0.347296355333860697703433253538629592000751354368138774472482756	0
2	4	2	4	3	4	0.937755427375292117060376330683609964835150394395720382754228621	0
2	4	2	4	4	3	0.937755427375292117060376330683609964835150394395720382754228621	0
2	4	2	4	4	4	-0.347296355333860697703433253538629592000751354368138774472482756	0
2	4	3	1	3	2	1.000000000000000000000000000000000000000000000000000000000000000	0
2	4	3	2	4	3	1.000000000000000000000000000000000000000000000000000000000000000	0
2	4	3	3	3	2	-0.507713305942872492617108842495900175404533672680222596724733012	0
2	4	3	3	3	4	0.861526087224617450394219811772086466962778416440468349292322236	0
2	4	3	3	4	2	0.861526087224617450394219811772086466962778416440468349292322236	0
2	4	3	3	4	4	0.507713305942872492617108842495900175404533672680222596724733012	0
2	4	3	4	3	3	0.879385241571816768108218554649462939872416268528929266180573326	0
2	4	3	4	3	4	0.476110908198580833367734415367635968639677458161526690762651427	0
2	4	3	4	4	3	0.476110908198580833367734415367635968639677458161526690762651427	0
2	4	3	4	4	4	-0.879385241571816768108218554649462939872416268528929266180573326	0
2	4	4	1	4	2	1.000000000000000000000000000000000000000000000000000000000000000	0
2	4	4	2	3	1	0.684040286651337466088199229364519161526166735028321256930096995	0
2	4	4	2	3	3	-0.729444231067705456567111620807288494252781479912920732084415094	0
2	4	4	2	4	1	0.729444231067705456567111620807288494252781479912920732084415094	0
2	4	4	2	4	3	0.684040286651337466088199229364519161526166735028321256930096995	0
2	4	4	3	3	2	0.807900764120284331283352039328611914731835010862721720915226072	0
2	4	4	3	3	4	-0.589318551662732485630016172721236802817328941736178834018105951	0
2	4	4	3	4	2	0.589318551662732485630016172721236802817328941736178834018105951	0
2	4	4	3	4	4	0.807900764120284331283352039328611914731835010862721720915226072	0
2	4	4	4	3	3	-0.652703644666139302296566746461370407999248645631861225527517244	0
2	4	4	4	3	4	0.757613326334442300585426482655249232542493246654968029379392265	0
2	4	4	4	4	3	0.757613326334442300585426482655249232542493246654968029379392265	0
2	4	4	4	4	4	0.652703644666139302296566746461370407999248645631861225527517244	0
3	1	1	3	3	1	1.000000000000000000000000000000000000000000000000000000000000000	0
3	1	2	2	3	2	1.000000000000000000000000000000000000000000000000000000000000000	0
3	1	2	4	3	2	1.000000000000000000000000000000000000000000000000000000000000000	0
3	1	3	1	3	3	1.000000000000000000000000000000000000000000000000000000000000000	0
3	1	3	3	3	3	1.000000000000000000000000000000000000000000000000000000000000000	0
3	1	3	4	3	3	1.000000000000000000000000000000000000000000000000000000000000000	0
3	1	4	2	3	4	1.000000000000000000000000000000000000000000000000000000000000000	0
3	1	4	3	3	4	1.000000000000000000000000000000000000000000000000000000000000000	0
3	1	4	4	3	4	1.000000000000000000000000000000000000000000000000000000000000000	0
3	2	1	2	2	2	1.000000000000000000000000000000000000000000000000000000000000000	0
3	2	1	4	4	2	1.000000000000000000000000000000000000000000000000000000000000000	0
3	2	2	1	2	3	1.000000000000000000000000000000000000000000000000000000000000000	0
3	2	2	3	2	1	0.628435234240330017452012272041266596167821626578218315830005531	0
3	2	2	3	2	3	0.777861913430206160028177977318626690410586095731140983925221498	0
3	2	2	3	4	1	0.777861913430206160028177977318626690410586095731140983925221498	0
3	2	2	3	4	3	-0.628435234240330017452012272041266596167821626578218315830005531	0
3	2	2	4	4	3	1.000000000000000000000000000000000000000000000000000000000000000	0
3	2	3	2	2	2	-0.394930843634698457567117349190734585290304519930883905745202604	0
3	2	3	2	2	4	0.918710851544698669018386537125964552814172805201066881564521665	0
3	2	3	2	4	2	0.918710851544698669018386537125964552814172805201066881564521665	0
3	2	3	2	4	4	0.394930843634698457567117349190734585290304519930883905745202604	0
3	2	3	3	4	4	1.000000000000000000000000000000000000000000000000000000000000000	0
3	2	3	4	2	2	0.742227198968559155270550602729364177291055874299022680217685361	0
3	2	3	4	2	4	-0.670148330678579620405834220275843360837238976996006859646536028	0
3	2	3	4	4	2	0.670148330678579620405834220275843360837238976996006859646536028	0
3	2	3	4	4	4	0.742227198968559155270550602729364177291055874299022680217685361	0
3	2	4	1	4	3	1.000000000000000000000000000000000000000000000000000000000000000	0
3	2	4	2	4	4	1.000000000000000000000000000000000000000000000000000000000000000	0
3	2	4	3	2	3	-0.507713305942872492617108842495900175404533672680222596724733012	0
3	2	4	3	2	4	0.861526087224617450394219811772086466962778416440468349292322236	0
3	2	4	3	4	3	-0.861526087224617450394219811772086466962778416440468349292322236	0
3	2	4	3	4	4	-0.507713305942872492617108842495900175404533672680222596724733012	0
3	2	4	4	2	3	0.807900764120284331283352039328611914731835010862721720915226072	0
3	2	4	4	2	4	0.589318551662732485630016172721236802817328941736178834018105951	0
3	2	4	4	4	3	-0.589318551662732485630016172721236802817328941736178834018105951	0
3	2	4	4	4	4	0.807900764120284331283352039328611914731835010862721720915226072	0
3	3	1	1	1	3	1.000000000000000000000000000000000000000000000000000000000000000	0
3	3	1	3	3	3	1.000000000000000000000000000000000000000000000000000000000000000	0
3	3	1	4	4	3	1.000000000000000000000000000000000000000000000000000000000000000	0
3	3	2	2	1	2	0.628435234240330017452012272041266596167821626578218315830005531	0
3	3	2	2	1	4	0.777861913430206160028177977318626690410586095731140983925221498	0
3	3	2	2	3	2	0.777861913430206160028177977318626690410586095731140983925221498	0
3	3	2	2	3	4	-0.628435234240330017452012272041266596167821626578218315830005531	0
3	3	2	3	4	4	1.000000000000000000000000000000000000000000000000000000000000000	0
3	3	2	4	3	2	-0.507713305942872492617108842495900175404533672680222596724733012	0
3	3	2	4	3	4	-0.861526087224617450394219811772086466962778416440468349292322236	0
3	3	2	4	4	2	0.861526087224617450394219811772086466962778416440468349292322236	0
3	3	2	4	4	4	-0.507713305942872492617108842495900175404533672680222596724733012	0
3	3	3	1	3	3	1.000000000000000000000000000000000000000000000000000000000000000	0
3	3	3	2	4	4	1.000000000000000000000000000000000000000000000000000000000000000	0
3	3	3	3	1	1	0.394930843634698457567117349190734585290304519930883905745202604	0
3	3	3	3	1	3	0.628435234240330017452012272041266596167821626578218315830005531	0
3	3	3	3	1	4	0.670148330678579620405834220275843360837238976996006859646536028	0
3	3	3	3	3	1	0.628435234240330017452012272041266596167821626578218315830005531	0
3	3	3	3	3	3	0.347296355333860697703433253538629592000751354368138774472482756	0
3	3	3	3	3	4	-0.696027584178327167066198217616094209537731766531943526854433088	0
3	3	3	3	4	1	0.670148330678579620405834220275843360837238976996006859646536028	0
3	3	3	3	4	3	-0.696027584178327167066198217616094209537731766531943526854433088	0
3	3	3	3	4	4	0.257772801031440844729449397270635822708944125700977319782314639	0
3	3	3	4	3	3	-0.652703644666139302296566746461370407999248645631861225527517244	0
3	3	3	4	3	4	0.757613326334442300585426482655249232542493246654968029379392265	0
3	3	3	4	4	3	-0.757613326334442300585426482655249232542493246654968029379392265	0
3	3	3	4	4	4	-0.652703644666139302296566746461370407999248645631861225527517244	0
3	3	4	1	4	3	1.000000000000000000000000000000000000000000000000000000000000000	0
3	3	4	2	3	2	-0.507713305942872492617108842495900175404533672680222596724733012	0
3	3	4	2	3	4	-0.861526087224617450394219811772086466962778416440468349292322236	0
3	3	4	2	4	2	0.861526087224617450394219811772086466962778416440468349292322236	0
3	3	4	2	4	4	-0.507713305942872492617108842495900175404533672680222596724733012	0
3	3	4	3	3	3	-0.652703644666139302296566746461370407999248645631861225527517244	0
3	3	4	3	3	4	0.757613326334442300585426482655249232542493246654968029379392265	0
3	3	4	3	4	3	0.757613326334442300585426482655249232542493246654968029379392265	0
3	3	4	3	4	4	0.652703644666139302296566746461370407999248645631861225527517244	0
3	3	4	4	1	2	0.507713305942872492617108842495900175404533672680222596724733012	0
3	3	4	4	1	3	0.589318551662732485630016172721236802817328941736178834018105951	0
3	3	4	4	1	4	0.628435234240330017452012272041266596167821626578218315830005531	0
3	3	4	4	3	2	-0.696027584178327167066198217616094209537731766531943526854433088	0
3	3	4	4	3	3	0.710456008621971593545555574941614379958094639663519728267155701	0
3	3	4	4	3	4	-0.103912760890175149808793329116837234420285169785500319912929971	0
3	3	4	4	4	2	-0.507713305942872492617108842495900175404533672680222596724733012	0
3	3	4	4	4	3	-0.384650366539636001202925034600332264284963025516583598626775216	0
3	3	4	4	4	4	0.770889936689721503748276152448782659248023771665432412602350547	0
3	4	1	2	2	4	1.000000000000000000000000000000000000000000000000000000000000000	0
3	4	1	3	3	4	1.000000000000000000000000000000000000000000000000000000000000000	0
3	4	1	4	4	4	1.000000000000000000000000000000000000000000000000000000000000000	0
3	4	2	1	2	3	1.000000000000000000000000000000000000000000000000000000000000000	0
3	4	2	2	3	4	1.000000000000000000000000000000000000000000000000000000000000000	0
3	4	2	3	2	3	-0.507713305942872492617108842495900175404533672680222596724733012	0
3	4	2	3	2	4	0.861526087224617450394219811772086466962778416440468349292322236	0
3	4	2	3	4	3	-0.861526087224617450394219811772086466962778416440468349292322236	0
3	4	2	3	4	4	-0.507713305942872492617108842495900175404533672680222596724733012	0
3	4	2	4	3	3	0.879385241571816768108218554649462939872416268528929266180573326	0
3	4	2	4	3	4	-0.476110908198580833367734415367635968639677458161526690762651427	0
3	4	2	4	4	3	-0.476110908198580833367734415367635968639677458161526690762651427	0
3	4	2	4	4	4	-0.879385241571816768108218554649462939872416268528929266180573326	0
3	4	3	1	3	3	1.000000000000000000000000000000000000000000000000000000000000000	0
3	4	3	2	2	2	0.742227198968559155270550602729364177291055874299022680217685361	0
3	4	3	2	2	4	0.670148330678579620405834220275843360837238976996006859646536028	0
3	4	3	2	4	2	-0.670148330678579620405834220275843360837238976996006859646536028	0
3	4	3	2	4	4	0.742227198968559155270550602729364177291055874299022680217685361	0
3	4	3	3	3	3	-0.652703644666139302296566746461370407999248645631861225527517244	0
3	4	3	3	3	4	-0.757613326334442300585426482655249232542493246654968029379392265	0
3	4	3	3	4	3	0.757613326334442300585426482655249232542493246654968029379392265	0
3	4	3	3	4	4	-0.652703644666139302296566746461370407999248645631861225527517244	0
3	4	3	4	2	2	0.257772801031440844729449397270635822708944125700977319782314639	0
3	4	3	4	2	3	0.757613326334442300585426482655249232542493246654968029379392265	0
3	4	3	4	2	4	0.599645921197557255810521077144261741875756845325174567617860108	0
3	4	3	4	3	2	0.757613326334442300585426482655249232542493246654968029379392265	0
3	4	3	4	3	3	0.226681596905677465811651808188092531873167622897068040653056082	0
3	4	3	4	3	4	-0.612076385253306266486378058026424923989210846982638982719743563	0
3	4	3	4	4	2	0.599645921197557255810521077144261741875756845325174567617860108	0
3	4	3	4	4	3	-0.612076385253306266486378058026424923989210846982638982719743563	0
3	4	3	4	4	4	0.515545602062881689458898794541271645417888251401954639564629279	0
3	4	4	1	4	3	1.000000000000000000000000000000000000000000000000000000000000000	0
3	4	4	2	3	2	0.807900764120284331283352039328611914731835010862721720915226072	0
3	4	4	2	3	4	-0.589318551662732485630016172721236802817328941736178834018105951	0
3	4	4	2	4	2	0.589318551662732485630016172721236802817328941736178834018105951	0
3	4	4	2	4	4	0.807900764120284331283352039328611914731835010862721720915226072	0
3	4	4	3	2	1	0.507713305942872492617108842495900175404533672680222596724733012	0
3	4	4	3	2	3	-0.696027584178327167066198217616094209537731766531943526854433088	0
3	4	4	3	2	4	-0.507713305942872492617108842495900175404533672680222596724733012	0
3	4	4	3	3	1	0.589318551662732485630016172721236802817328941736178834018105951	0
3	4	4	3	3	3	0.710456008621971593545555574941614379958094639663519728267155701	0
3	4	4	3	3	4	-0.384650366539636001202925034600332264284963025516583598626775216	0
3	4	4	3	4	1	0.628435234240330017452012272041266596167821626578218315830005531	0
3	4	4	3	4	3	-0.103912760890175149808793329116837234420285169785500319912929971	0
3	4	4	3	4	4	0.770889936689721503748276152448782659248023771665432412602350547	0
3	4	4	4	2	2	0.652703644666139302296566746461370407999248645631861225527517244	0
3	4	4	4	2	3	-0.384650366539636001202925034600332264284963025516583598626775216	0
3	4	4	4	2	4	0.652703644666139302296566746461370407999248645631861225527517244	0
3	4	4	4	3	2	-0.384650366539636001202925034600332264284963025516583598626775216	0
3	4	4	4	3	3	0.573977952239538163515085061726722123873918977265206815125538838	0
3	4	4	4	3	4	0.722906222039781671619371864873885046237078398087224308538694193	0
3	4	4	4	4	2	0.652703644666139302296566746461370407999248645631861225527517244	0
3	4	4	4	4	3	0.722906222039781671619371864873885046237078398087224308538694193	0
3	4	4	4	4	4	-0.226681596905677465811651808188092531873167622897068040653056082	0
4	1	1	4	4	1	1.000000000000000000000000000000000000000000000000000000000000000	0
4	1	2	3	4	2	1.000000000000000000000000000000000000000000000000000000000000000	0
4	1	2	4	4	2	1.000000000000000000000000000000000000000000000000000000000000000	0
4	1	3	2	4	3	1.000000000000000000000000000000000000000000000000000000000000000	0
4	1	3	3	4	3	1.000000000000000000000000000000000000000000000000000000000000000	0
4	1	3	4	4	3	1.000000000000000000000000000000000000000000000000000000000000000	0
4	1	4	1	4	4	1.000000000000000000000000000000000000000000000000000000000000000	0
4	1	4	2	4	4	1.000000000000000000000000000000000000000000000000000000000000000	0
4	1	4	3	4	4	1.000000000000000000000000000000000000000000000000000000000000000	0
4	1	4	4	4	4	1.000000000000000000000000000000000000000000000000000000000000000	0
4	2	1	3	3	2	1.000000000000000000000000000000000000000000000000000000000000000	0
4	2	1	4	4	2	1.000000000000000000000000000000000000000000000000000000000000000	0
4	2	2	2	3	3	1.000000000000000000000000000000000000000000000000000000000000000	0
4	2	2	3	4	3	1.000000000000000000000000000000000000000000000000000000000000000	0
4	2	2	4	3	1	0.684040286651337466088199229364519161526166735028321256930096995	0
4	2	2	4	3	3	0.729444231067705456567111620807288494252781479912920732084415094	0
4	2	2	4	4	1	0.729444231067705456567111620807288494252781479912920732084415094	0
4	2	2	4	4	3	-0.684040286651337466088199229364519161526166735028321256930096995	0
4	2	3	1	3	4	1.000000000000000000000000000000000000000000000000000000000000000	0
4	2	3	2	4	4	1.000000000000000000000000000000000000000000000000000000000000000	0
4	2	3	3	3	2	-0.507713305942872492617108842495900175404533672680222596724733012	0
4	2	3	3	3	4	-0.861526087224617450394219811772086466962778416440468349292322236	0
4	2	3	3	4	2	0.861526087224617450394219811772086466962778416440468349292322236	0
4	2	3	3	4	4	-0.507713305942872492617108842495900175404533672680222596724733012	0
4	2	3	4	3	2	0.807900764120284331283352039328611914731835010862721720915226072	0
4	2	3	4	3	4	-0.589318551662732485630016172721236802817328941736178834018105951	0
4	2	3	4	4	2	-0.589318551662732485630016172721236802817328941736178834018105951	0
4	2	3	4	4	4	-0.807900764120284331283352039328611914731835010862721720915226072	0
4	2	4	1	4	4	1.000000000000000000000000000000000000000000000000000000000000000	0
4	2	4	2	3	3	0.347296355333860697703433253538629592000751354368138774472482756	0
4	2	4	2	3	4	0.937755427375292117060376330683609964835150394395720382754228621	0
4	2	4	2	4	3	0.937755427375292117060376330683609964835150394395720382754228621	0
4	2	4	2	4	4	-0.347296355333860697703433253538629592000751354368138774472482756	0
4	2	4	3	3	3	0.879385241571816768108218554649462939872416268528929266180573326	0
4	2	4	3	3	4	-0.476110908198580833367734415367635968639677458161526690762651427	0
4	2	4	3	4	3	-0.476110908198580833367734415367635968639677458161526690762651427	0
4	2	4	3	4	4	-0.879385241571816768108218554649462939872416268528929266180573326	0
4	2	4	4	3	3	0.652703644666139302296566746461370407999248645631861225527517244	0
4	2	4	4	3	4	0.757613326334442300585426482655249232542493246654968029379392265	0
4	2	4	4	4	3	-0.757613326334442300585426482655249232542493246654968029379392265	0
4	2	4	4	4	4	0.652703644666139302296566746461370407999248645631861225527517244	0
4	3	1	2	2	3	1.000000000000000000000000000000000000000000000000000000000000000	0
4	3	1	3	3	3	1.000000000000000000000000000000000000000000000000000000000000000	0
4	3	1	4	4	3	1.000000000000000000000000000000000000000000000000000000000000000	0
4	3	2	1	2	4	1.000000000000000000000000000000000000000000000000000000000000000	0
4	3	2	2	3	4	1.000000000000000000000000000000000000000000000000000000000000000	0
4	3	2	3	2	2	0.742227198968559155270550602729364177291055874299022680217685361	0
4	3	2	3	2	4	-0.670148330678579620405834220275843360837238976996006859646536028	0
4	3	2	3	4	2	0.670148330678579620405834220275843360837238976996006859646536028	0
4	3	2	3	4	4	0.742227198968559155270550602729364177291055874299022680217685361	0
4	3	2	4	3	2	0.807900764120284331283352039328611914731835010862721720915226072	0
4	3	2	4	3	4	-0.589318551662732485630016172721236802817328941736178834018105951	0
4	3	2	4	4	2	-0.589318551662732485630016172721236802817328941736178834018105951	0
4	3	2	4	4	4	-0.807900764120284331283352039328611914731835010862721720915226072	0
4	3	3	1	3	4	1.000000000000000000000000000000000000000000000000000000000000000	0
4	3	3	2	2	3	-0.507713305942872492617108842495900175404533672680222596724733012	0
4	3	3	2	2	4	0.861526087224617450394219811772086466962778416440468349292322236	0
4	3	3	2	4	3	0.861526087224617450394219811772086466962778416440468349292322236	0
4	3	3	2	4	4	0.507713305942872492617108842495900175404533672680222596724733012	0
4	3	3	3	3	3	-0.652703644666139302296566746461370407999248645631861225527517244	0
4	3	3	3	3	4	0.757613326334442300585426482655249232542493246654968029379392265	0
4	3	3	3	4	3	-0.757613326334442300585426482655249232542493246654968029379392265	0
4	3	3	3	4	4	-0.652703644666139302296566746461370407999248645631861225527517244	0
4	3	3	4	2	1	0.507713305942872492617108842495900175404533672680222596724733012	0
4	3	3	4	2	3	0.696027584178327167066198217616094209537731766531943526854433088	0
4	3	3	4	2	4	-0.507713305942872492617108842495900175404533672680222596724733012	0
4	3	3	4	3	1	0.589318551662732485630016172721236802817328941736178834018105951	0
4	3	3	4	3	3	-0.710456008621971593545555574941614379958094639663519728267155701	0
4	3	3	4	3	4	-0.384650366539636001202925034600332264284963025516583598626775216	0
4	3	3	4	4	1	0.628435234240330017452012272041266596167821626578218315830005531	0
4	3	3	4	4	3	0.103912760890175149808793329116837234420285169785500319912929971	0
4	3	3	4	4	4	0.770889936689721503748276152448782659248023771665432412602350547	0
4	3	4	1	4	4	-1.000000000000000000000000000000000000000000000000000000000000000	0
4	3	4	2	3	3	0.879385241571816768108218554649462939872416268528929266180573326	0
4	3	4	2	3	4	-0.476110908198580833367734415367635968639677458161526690762651427	0
4	3	4	2	4	3	0.476110908198580833367734415367635968639677458161526690762651427	0
4	3	4	2	4	4	0.879385241571816768108218554649462939872416268528929266180573326	0
4	3	4	3	2	2	0.257772801031440844729449397270635822708944125700977319782314639	0
4	3	4	3	2	3	0.757613326334442300585426482655249232542493246654968029379392265	0
4	3	4	3	2	4	-0.599645921197557255810521077144261741875756845325174567617860108	0
4	3	4	3	3	2	0.757613326334442300585426482655249232542493246654968029379392265	0
4	3	4	3	3	3	0.226681596905677465811651808188092531873167622897068040653056082	0
4	3	4	3	3	4	0.612076385253306266486378058026424923989210846982638982719743563	0
4	3	4	3	4	2	0.599645921197557255810521077144261741875756845325174567617860108	0
4	3	4	3	4	3	-0.612076385253306266486378058026424923989210846982638982719743563	0
4	3	4	3	4	4	-0.515545602062881689458898794541271645417888251401954639564629279	0
4	3	4	4	2	2	0.652703644666139302296566746461370407999248645631861225527517244	0
4	3	4	4	2	3	0.384650366539636001202925034600332264284963025516583598626775216	0
4	3	4	4	2	4	0.652703644666139302296566746461370407999248645631861225527517244	0
4	3	4	4	3	2	-0.384650366539636001202925034600332264284963025516583598626775216	0
4	3	4	4	3	3	-0.573977952239538163515085061726722123873918977265206815125538838	0
4	3	4	4	3	4	0.722906222039781671619371864873885046237078398087224308538694193	0
4	3	4	4	4	2	-0.652703644666139302296566746461370407999248645631861225527517244	0
4	3	4	4	4	3	0.722906222039781671619371864873885046237078398087224308538694193	0
4	3	4	4	4	4	0.226681596905677465811651808188092531873167622897068040653056082	0
4	4	1	1	1	4	1.000000000000000000000000000000000000000000000000000000000000000	0
4	4	1	2	2	4	1.000000000000000000000000000000000000000000000000000000000000000	0
4	4	1	3	3	4	1.000000000000000000000000000000000000000000000000000000000000000	0
4	4	1	4	4	4	1.000000000000000000000000000000000000000000000000000000000000000	0
4	4	2	1	2	4	1.000000000000000000000000000000000000000000000000000000000000000	0
4	4	2	2	1	3	0.684040286651337466088199229364519161526166735028321256930096995	0
4	4	2	2	1	4	0.729444231067705456567111620807288494252781479912920732084415094	0
4	4	2	2	3	3	-0.729444231067705456567111620807288494252781479912920732084415094	0
4	4	2	2	3	4	0.684040286651337466088199229364519161526166735028321256930096995	0
4	4	2	3	2	3	0.807900764120284331283352039328611914731835010862721720915226072	0
4	4	2	3	2	4	0.589318551662732485630016172721236802817328941736178834018105951	0
4	4	2	3	4	3	-0.589318551662732485630016172721236802817328941736178834018105951	0
4	4	2	3	4	4	0.807900764120284331283352039328611914731835010862721720915226072	0
4	4	2	4	3	3	0.652703644666139302296566746461370407999248645631861225527517244	0
4	4	2	4	3	4	0.757613326334442300585426482655249232542493246654968029379392265	0
4	4	2	4	4	3	-0.757613326334442300585426482655249232542493246654968029379392265	0
4	4	2	4	4	4	0.652703644666139302296566746461370407999248645631861225527517244	0
4	4	3	1	3	4	-1.000000000000000000000000000000000000000000000000000000000000000	0
4	4	3	2	2	3	0.807900764120284331283352039328611914731835010862721720915226072	0
4	4	3	2	2	4	-0.589318551662732485630016172721236802817328941736178834018105951	0
4	4	3	2	4	3	-0.589318551662732485630016172721236802817328941736178834018105951	0
4	4	3	2	4	4	-0.807900764120284331283352039328611914731835010862721720915226072	0
4	4	3	3	1	2	0.507713305942872492617108842495900175404533672680222596724733012	0
4	4	3	3	1	3	0.589318551662732485630016172721236802817328941736178834018105951	0
4	4	3	3	1	4	-0.628435234240330017452012272041266596167821626578218315830005531	0
4	4	3	3	3	2	-0.696027584178327167066198217616094209537731766531943526854433088	0
4	4	3	3	3	3	0.710456008621971593545555574941614379958094639663519728267155701	0
4	4	3	3	3	4	0.103912760890175149808793329116837234420285169785500319912929971	0
4	4	3	3	4	2	-0.507713305942872492617108842495900175404533672680222596724733012	0
4	4	3	3	4	3	-0.384650366539636001202925034600332264284963025516583598626775216	0
4	4	3	3	4	4	-0.770889936689721503748276152448782659248023771665432412602350547	0
4	4	3	4	2	2	0.652703644666139302296566746461370407999248645631861225527517244	0
4	4	3	4	2	3	0.384650366539636001202925034600332264284963025516583598626775216	0
4	4	3	4	2	4	-0.652703644666139302296566746461370407999248645631861225527517244	0
4	4	3	4	3	2	-0.384650366539636001202925034600332264284963025516583598626775216	0
4	4	3	4	3	3	-0.573977952239538163515085061726722123873918977265206815125538838	0
4	4	3	4	3	4	-0.722906222039781671619371864873885046237078398087224308538694193	0
4	4	3	4	4	2	-0.652703644666139302296566746461370407999248645631861225527517244	0
4	4	3	4	4	3	0.722906222039781671619371864873885046237078398087224308538694193	0
4	4	3	4	4	4	-0.226681596905677465811651808188092531873167622897068040653056082	0
4	4	4	1	4	4	1.000000000000000000000000000000000000000000000000000000000000000	0
4	4	4	2	3	3	-0.652703644666139302296566746461370407999248645631861225527517244	0
4	4	4	2	3	4	0.757613326334442300585426482655249232542493246654968029379392265	0
4	4	4	2	4	3	0.757613326334442300585426482655249232542493246654968029379392265	0
4	4	4	2	4	4	0.652703644666139302296566746461370407999248645631861225527517244	0
4	4	4	3	2	2	0.652703644666139302296566746461370407999248645631861225527517244	0
4	4	4	3	2	3	-0.384650366539636001202925034600332264284963025516583598626775216	0
4	4	4	3	2	4	0.652703644666139302296566746461370407999248645631861225527517244	0
4	4	4	3	3	2	-0.384650366539636001202925034600332264284963025516583598626775216	0
4	4	4	3	3	3	0.573977952239538163515085061726722123873918977265206815125538838	0
4	4	4	3	3	4	0.722906222039781671619371864873885046237078398087224308538694193	0
4	4	4	3	4	2	0.652703644666139302296566746461370407999248645631861225527517244	0
4	4	4	3	4	3	0.722906222039781671619371864873885046237078398087224308538694193	0
4	4	4	3	4	4	-0.226681596905677465811651808188092531873167622897068040653056082	0
4	4	4	4	1	1	0.347296355333860697703433253538629592000751354368138774472482756	0
4	4	4	4	1	2	0.476110908198580833367734415367635968639677458161526690762651427	0
4	4	4	4	1	3	-0.552636670274673868925208816357045237831850145183461464359629235	0
4	4	4	4	1	4	0.589318551662732485630016172721236802817328941736178834018105951	0
4	4	4	4	2	1	0.476110908198580833367734415367635968639677458161526690762651427	0
4	4	4	4	2	2	-0.226681596905677465811651808188092531873167622897068040653056082	0
4	4	4	4	2	3	0.666233977996641192841187611099896989861453532876354204261003412	0
4	4	4	4	2	4	0.527319773269868488680696422166052983794494125413439467244027521	0
4	4	4	4	3	1	0.552636670274673868925208816357045237831850145183461464359629235	0
4	4	4	4	3	2	-0.666233977996641192841187611099896989861453532876354204261003412	0
4	4	4	4	3	3	-0.453363193811354931623303616376185063746335245794136081306112164	0
4	4	4	4	3	4	-0.212571897784397267077841991481062698942894510804389815054842021	0
4	4	4	4	4	1	0.589318551662732485630016172721236802817328941736178834018105951	0
4	4	4	4	4	2	0.527319773269868488680696422166052983794494125413439467244027521	0
4	4	4	4	4	3	0.212571897784397267077841991481062698942894510804389815054842021	0
4	4	4	4	4	4	-0.573977952239538163515085061726722123873918977265206815125538838	0