1	1	1	1	1	1	1.000000000000000000000000000000000000000000000000000000000000000	0
1	1	2	2	1	2	1.000000000000000000000000000000000000000000000000000000000000000	0
1	1	3	3	1	3	1.000000000000000000000000000000000000000000000000000000000000000	0
1	1	4	4	1	4	1.000000000000000000000000000000000000000000000000000000000000000	0
1	2	1	2	2	2	1.000000000000000000000000000000000000000000000000000000000000000	0
1	2	2	1	2	1	1.000000000000000000000000000000000000000000000000000000000000000	0
1	2	2	3	2	3	1.000000000000000000000000000000000000000000000000000000000000000	0
1	2	3	2	2	2	1.000000000000000000000000000000000000000000000000000000000000000	0
1	2	3	4	2	4	1.000000000000000000000000000000000000000000000000000000000000000	0
1	2	4	3	2	3	1.000000000000000000000000000000000000000000000000000000000000000	0
1	2	4	4	2	4	1.000000000000000000000000000000000000000000000000000000000000000	0
1	3	1	3	3	3	1.000000000000000000000000000000000000000000000000000000000000000	0
1	3	2	2	3	2	1.000000000000000000000000000000000000000000000000000000000000000	0
1	3	2	4	3	4	1.000000000000000000000000000000000000000000000000000000000000000	0
1	3	3	1	3	1	1.000000000000000000000000000000000000000000000000000000000000000	0
1	3	3	3	3	3	1.000000000000000000000000000000000000000000000000000000000000000	0
1	3	3	4	3	4	1.000000000000000000000000000000000000000000000000000000000000000	0
1	3	4	2	3	2	1.000000000000000000000000000000000000000000000000000000000000000	0
1	3	4	3	3	3	1.000000000000000000000000000000000000000000000000000000000000000	0
1	3	4	4	3	4	1.000000000000000000000000000000000000000000000000000000000000000	0
1	4	1	4	4	4	1.000000000000000000000000000000000000000000000000000000000000000	0
1	4	2	3	4	3	1.000000000000000000000000000000000000000000000000000000000000000	0
1	4	2	4	4	4	1.000000000000000000000000000000000000000000000000000000000000000	0
1	4	3	2	4	2	1.000000000000000000000000000000000000000000000000000000000000000	0
1	4	3	3	4	3	1.000000000000000000000000000000000000000000000000000000000000000	0
1	4	3	4	4	4	1.000000000000000000000000000000000000000000000000000000000000000	0
1	4	4	1	4	1	1.000000000000000000000000000000000000000000000000000000000000000	0
1	4	4	2	4	2	1.000000000000000000000000000000000000000000000000000000000000000	0
1	4	4	3	4	3	1.000000000000000000000000000000000000000000000000000000000000000	0
1	4	4	4	4	4	1.000000000000000000000000000000000000000000000000000000000000000	0
2	1	1	2	2	1	1.000000000000000000000000000000000000000000000000000000000000000	0
2	1	2	1	2	2	1.000000000000000000000000000000000000000000000000000000000000000	0
2	1	2	3	2	2	1.000000000000000000000000000000000000000000000000000000000000000	0
2	1	3	2	2	3	1.000000000000000000000000000000000000000000000000000000000000000	0
2	1	3	4	2	3	1.000000000000000000000000000000000000000000000000000000000000000	0
2	1	4	3	2	4	1.000000000000000000000000000000000000000000000000000000000000000	0
2	1	4	4	2	4	1.000000000000000000000000000000000000000000000000000000000000000	0
2	2	1	1	1	2	1.000000000000000000000000000000000000000000000000000000000000000	0
2	2	1	3	3	2	1.000000000000000000000000000000000000000000000000000000000000000	0
2	2	2	2	1	1	-2.879385241571816768108218554649462939872416268528929266180573326	0
2	2	2	2	1	3	1.000000000000000000000000000000000000000000000000000000000000000	0
2	2	2	2	3	1	1.000000000000000000000000000000000000000000000000000000000000000	0
2	2	2	2	3	3	-0.394930843634698457567117349190734585290304519930883905745202604	0
2	2	2	4	3	3	1.000000000000000000000000000000000000000000000000000000000000000	0
2	2	3	1	3	2	1.000000000000000000000000000000000000000000000000000000000000000	0
2	2	3	3	1	2	0.394930843634698457567117349190734585290304519930883905745202604	0
2	2	3	3	1	4	-0.742227198968559155270550602729364177291055874299022680217685361	0
2	2	3	3	3	2	1.000000000000000000000000000000000000000000000000000000000000000	0
2	2	3	3	3	4	-1.000000000000000000000000000000000000000000000000000000000000000	0
2	2	3	4	3	4	1.000000000000000000000000000000000000000000000000000000000000000	0
2	2	4	2	3	3	1.000000000000000000000000000000000000000000000000000000000000000	0
2	2	4	3	3	4	1.000000000000000000000000000000000000000000000000000000000000000	0
2	2	4	4	1	3	1.000000000000000000000000000000000000000000000000000000000000000	0
2	2	4	4	1	4	1.000000000000000000000000000000000000000000000000000000000000000	0
2	2	4	4	3	3	0.742227198968559155270550602729364177291055874299022680217685361	0
2	2	4	4	3	4	1.000000000000000000000000000000000000000000000000000000000000000	0
2	3	1	2	2	3	1.000000000000000000000000000000000000000000000000000000000000000	0
2	3	1	4	4	3	1.000000000000000000000000000000000000000000000000000000000000000	0
2	3	2	1	2	2	-7.290859369381589606621222410409759227616497451218649024069237220	0
2	3	2	3	2	2	-8.290859369381589606621222410409759227616497451218649024069237220	0
2	3	2	3	2	4	-0.742227198968559155270550602729364177291055874299022680217685361	0
2	3	2	3	4	2	0.394930843634698457567117349190734585290304519930883905745202604	0
2	3	2	3	4	4	0.155970371254014643198404899629722217376111695279736502763969810	0
2	3	2	4	4	4	-0.137158042603257612837667951920098762581360394229906585962887965	0
2	3	3	2	2	1	-2.879385241571816768108218554649462939872416268528929266180573326	0
2	3	3	2	2	3	2.137158042603257612837667951920098762581360394229906585962887965	0
2	3	3	2	4	1	-2.879385241571816768108218554649462939872416268528929266180573326	0
2	3	3	2	4	3	1.137158042603257612837667951920098762581360394229906585962887965	0
2	3	3	3	4	4	1.000000000000000000000000000000000000000000000000000000000000000	0
2	3	3	4	2	3	1.137158042603257612837667951920098762581360394229906585962887965	0
2	3	3	4	2	4	1.000000000000000000000000000000000000000000000000000000000000000	0
2	3	3	4	4	3	-0.742227198968559155270550602729364177291055874299022680217685361	0
2	3	3	4	4	4	1.000000000000000000000000000000000000000000000000000000000000000	0
2	3	4	1	4	2	3.879385241571816768108218554649462939872416268528929266180573326	0
2	3	4	2	4	3	3.879385241571816768108218554649462939872416268528929266180573326	0
2	3	4	3	2	2	0.394930843634698457567117349190734585290304519930883905745202604	0
2	3	4	3	2	4	2.879385241571816768108218554649462939872416268528929266180573326	0
2	3	4	3	4	2	4.411474127809772838513003855760296287744081182689719757888663895	0
2	3	4	3	4	4	-5.943563014047728908917789156871129635615746096850510249596754464	0
2	3	4	4	2	3	1.000000000000000000000000000000000000000000000000000000000000000	0
2	3	4	4	2	4	3.879385241571816768108218554649462939872416268528929266180573326	0
2	3	4	4	4	3	11.170244610953406374729440965059222167488913719747578290249810546	0
2	3	4	4	4	4	15.049629852525223142837659519708685107361329988276507556430383871	0
2	4	1	3	3	4	1.000000000000000000000000000000000000000000000000000000000000000	0
2	4	1	4	4	4	1.000000000000000000000000000000000000000000000000000000000000000	0
2	4	2	2	3	3	1.000000000000000000000000000000000000000000000000000000000000000	0
2	4	2	3	4	4	1.000000000000000000000000000000000000000000000000000000000000000	0
2	4	2	4	3	3	-11.170244610953406374729440965059222167488913719747578290249810546	0
2	4	2	4	3	4	9.822948255619545677026007711520592575488162365379439515777327790	0
2	4	2	4	4	3	1.000000000000000000000000000000000000000000000000000000000000000	0
2	4	2	4	4	4	-1.532088886237956070404785301110833347871664914160790491708090569	0
2	4	3	1	3	2	1.000000000000000000000000000000000000000000000000000000000000000	0
2	4	3	2	4	3	1.000000000000000000000000000000000000000000000000000000000000000	0
2	4	3	3	3	2	0.532088886237956070404785301110833347871664914160790491708090569	0
2	4	3	3	3	4	-0.532088886237956070404785301110833347871664914160790491708090569	0
2	4	3	3	4	2	0.394930843634698457567117349190734585290304519930883905745202604	0
2	4	3	3	4	4	0.605069156365301542432882650809265414709695480069116094254797396	0
2	4	3	4	3	3	-1.347296355333860697703433253538629592000751354368138774472482756	0
2	4	3	4	3	4	-0.815207469095904627298647952427796244129086440207348282764392187	0
2	4	3	4	4	3	1.000000000000000000000000000000000000000000000000000000000000000	0
2	4	3	4	4	4	1.347296355333860697703433253538629592000751354368138774472482756	0
2	4	4	1	4	2	1.000000000000000000000000000000000000000000000000000000000000000	0
2	4	4	2	3	1	1.000000000000000000000000000000000000000000000000000000000000000	0
2	4	4	2	3	3	-0.257772801031440844729449397270635822708944125700977319782314639	0
2	4	4	2	4	1	-2.879385241571816768108218554649462939872416268528929266180573326	0
2	4	4	2	4	3	1.000000000000000000000000000000000000000000000000000000000000000	0
2	4	4	3	3	2	-0.137158042603257612837667951920098762581360394229906585962887965	0
2	4	4	3	3	4	0.137158042603257612837667951920098762581360394229906585962887965	0
2	4	4	3	4	2	1.532088886237956070404785301110833347871664914160790491708090569	0
2	4	4	3	4	4	-0.532088886237956070404785301110833347871664914160790491708090569	0
2	4	4	4	3	3	0.035355612825831411306623454279185157248527963808665768944543136	0
2	4	4	4	3	4	0.047634488300837759863684095652104993289553165562745131272719848	0
2	4	4	4	4	3	1.000000000000000000000000000000000000000000000000000000000000000	0
2	4	4	4	4	4	-0.532088886237956070404785301110833347871664914160790491708090569	0
3	1	1	3	3	1	1.000000000000000000000000000000000000000000000000000000000000000	0
3	1	2	2	3	2	1.000000000000000000000000000000000000000000000000000000000000000	0
3	1	2	4	3	2	1.000000000000000000000000000000000000000000000000000000000000000	0
3	1	3	1	3	3	1.000000000000000000000000000000000000000000000000000000000000000	0
3	1	3	3	3	3	1.000000000000000000000000000000000000000000000000000000000000000	0
3	1	3	4	3	3	1.000000000000000000000000000000000000000000000000000000000000000	0
3	1	4	2	3	4	1.000000000000000000000000000000000000000000000000000000000000000	0
3	1	4	3	3	4	1.000000000000000000000000000000000000000000000000000000000000000	0
3	1	4	4	3	4	1.000000000000000000000000000000000000000000000000000000000000000	0
3	2	1	2	2	2	1.000000000000000000000000000000000000000000000000000000000000000	0
3	2	1	4	4	2	1.000000000000000000000000000000000000000000000000000000000000000	0
3	2	2	1	2	3	-0.137158042603257612837667951920098762581360394229906585962887965	0
3	2	2	3	2	1	0.394930843634698457567117349190734585290304519930883905745202604	0
3	2	2	3	2	3	-0.293128413857272256036072851549820979957472089509643088726857775	0
3	2	2	3	4	1	0.394930843634698457567117349190734585290304519930883905745202604	0
3	2	2	3	4	3	-0.155970371254014643198404899629722217376111695279736502763969810	0
3	2	2	4	4	3	-0.137158042603257612837667951920098762581360394229906585962887965	0
3	2	3	2	2	2	1.137158042603257612837667951920098762581360394229906585962887965	0
3	2	3	2	2	4	0.101802429777426201531044497640913605332832430421240817018344829	0
3	2	3	2	4	2	-2.879385241571816768108218554649462939872416268528929266180573326	0
3	2	3	2	4	4	-1.137158042603257612837667951920098762581360394229906585962887965	0
3	2	3	3	4	4	1.000000000000000000000000000000000000000000000000000000000000000	0
3	2	3	4	2	2	-0.054167941476588441667360401988808612043279264858495685745624981	0
3	2	3	4	2	4	-0.394930843634698457567117349190734585290304519930883905745202604	0
3	2	3	4	4	2	-0.742227198968559155270550602729364177291055874299022680217685361	0
3	2	3	4	4	4	1.000000000000000000000000000000000000000000000000000000000000000	0
3	2	4	1	4	3	3.879385241571816768108218554649462939872416268528929266180573326	0
3	2	4	2	4	4	3.879385241571816768108218554649462939872416268528929266180573326	0
3	2	4	3	2	3	-0.155970371254014643198404899629722217376111695279736502763969810	0
3	2	4	3	2	4	-0.137158042603257612837667951920098762581360394229906585962887965	0
3	2	4	3	4	3	4.411474127809772838513003855760296287744081182689719757888663895	0
3	2	4	3	4	4	-5.943563014047728908917789156871129635615746096850510249596754464	0
3	2	4	4	2	3	-0.137158042603257612837667951920098762581360394229906585962887965	0
3	2	4	4	2	4	-0.532088886237956070404785301110833347871664914160790491708090569	0
3	2	4	4	4	3	11.170244610953406374729440965059222167488913719747578290249810546	0
3	2	4	4	4	4	15.049629852525223142837659519708685107361329988276507556430383871	0
3	3	1	1	1	3	1.000000000000000000000000000000000000000000000000000000000000000	0
3	3	1	3	3	3	1.000000000000000000000000000000000000000000000000000000000000000	0
3	3	1	4	4	3	1.000000000000000000000000000000000000000000000000000000000000000	0
3	3	2	2	1	2	20.993192866572952051755448676579814742977076085127017806027138336	0
3	3	2	2	1	4	-0.742227198968559155270550602729364177291055874299022680217685361	0
3	3	2	2	3	2	-7.290859369381589606621222410409759227616497451218649024069237220	0
3	3	2	2	3	4	0.137158042603257612837667951920098762581360394229906585962887965	0
3	3	2	3	4	4	-0.137158042603257612837667951920098762581360394229906585962887965	0
3	3	2	4	3	2	-3.879385241571816768108218554649462939872416268528929266180573326	0
3	3	2	4	3	4	1.347296355333860697703433253538629592000751354368138774472482756	0
3	3	2	4	4	2	0.394930843634698457567117349190734585290304519930883905745202604	0
3	3	2	4	4	4	0.210138312730603084865765301618530829419390960138232188509594791	0
3	3	3	1	3	3	1.000000000000000000000000000000000000000000000000000000000000000	0
3	3	3	2	4	4	1.000000000000000000000000000000000000000000000000000000000000000	0
3	3	3	3	1	1	-1.137158042603257612837667951920098762581360394229906585962887965	0
3	3	3	3	1	3	0.844029628745985356801595100370277782623888304720263497236030190	0
3	3	3	3	1	4	-0.742227198968559155270550602729364177291055874299022680217685361	0
3	3	3	3	3	1	-1.347296355333860697703433253538629592000751354368138774472482756	0
3	3	3	3	3	3	1.532088886237956070404785301110833347871664914160790491708090569	0
3	3	3	3	3	4	-0.467911113762043929595214698889166652128335085839209508291909431	0
3	3	3	3	4	1	-1.137158042603257612837667951920098762581360394229906585962887965	0
3	3	3	3	4	3	0.449098785111286899234477751179543197333583784789379591490827585	0
3	3	3	3	4	4	0.605069156365301542432882650809265414709695480069116094254797396	0
3	3	3	4	3	3	0.532088886237956070404785301110833347871664914160790491708090569	0
3	3	3	4	3	4	1.815207469095904627298647952427796244129086440207348282764392187	0
3	3	3	4	4	3	-1.000000000000000000000000000000000000000000000000000000000000000	0
3	3	3	4	4	4	1.347296355333860697703433253538629592000751354368138774472482756	0
3	3	4	1	4	3	3.879385241571816768108218554649462939872416268528929266180573326	0
3	3	4	2	3	2	-3.879385241571816768108218554649462939872416268528929266180573326	0
3	3	4	2	3	4	1.347296355333860697703433253538629592000751354368138774472482756	0
3	3	4	2	4	2	-11.170244610953406374729440965059222167488913719747578290249810546	0
3	3	4	2	4	4	-5.943563014047728908917789156871129635615746096850510249596754464	0
3	3	4	3	3	3	0.532088886237956070404785301110833347871664914160790491708090569	0
3	3	4	3	3	4	1.815207469095904627298647952427796244129086440207348282764392187	0
3	3	4	3	4	3	5.943563014047728908917789156871129635615746096850510249596754464	0
3	3	4	3	4	4	-8.007740786523641049727359759092796331359075925172091233012935603	0
3	3	4	4	1	2	0.394930843634698457567117349190734585290304519930883905745202604	0
3	3	4	4	1	3	1.000000000000000000000000000000000000000000000000000000000000000	0
3	3	4	4	1	4	3.879385241571816768108218554649462939872416268528929266180573326	0
3	3	4	4	3	2	0.137158042603257612837667951920098762581360394229906585962887965	0
3	3	4	4	3	3	0.467911113762043929595214698889166652128335085839209508291909431	0
3	3	4	4	3	4	3.162503824429765325002081205966425836129837794575487057236874943	0
3	3	4	4	4	2	4.411474127809772838513003855760296287744081182689719757888663895	0
3	3	4	4	4	3	-5.943563014047728908917789156871129635615746096850510249596754464	0
3	3	4	4	4	4	-8.007740786523641049727359759092796331359075925172091233012935603	0
3	4	1	2	2	4	1.000000000000000000000000000000000000000000000000000000000000000	0
3	4	1	3	3	4	1.000000000000000000000000000000000000000000000000000000000000000	0
3	4	1	4	4	4	1.000000000000000000000000000000000000000000000000000000000000000	0
3	4	2	1	2	3	-7.290859369381589606621222410409759227616497451218649024069237220	0
3	4	2	2	3	4	1.000000000000000000000000000000000000000000000000000000000000000	0
3	4	2	3	2	3	-8.290859369381589606621222410409759227616497451218649024069237220	0
3	4	2	3	2	4	-7.290859369381589606621222410409759227616497451218649024069237220	0
3	4	2	3	4	3	0.293128413857272256036072851549820979957472089509643088726857775	0
3	4	2	3	4	4	-0.394930843634698457567117349190734585290304519930883905745202604	0
3	4	2	4	3	3	9.822948255619545677026007711520592575488162365379439515777327790	0
3	4	2	4	3	4	-15.049629852525223142837659519708685107361329988276507556430383871	0
3	4	2	4	4	3	-0.394930843634698457567117349190734585290304519930883905745202604	0
3	4	2	4	4	4	1.347296355333860697703433253538629592000751354368138774472482756	0
3	4	3	1	3	3	1.000000000000000000000000000000000000000000000000000000000000000	0
3	4	3	2	2	2	-2.879385241571816768108218554649462939872416268528929266180573326	0
3	4	3	2	2	4	-1.137158042603257612837667951920098762581360394229906585962887965	0
3	4	3	2	4	2	-2.137158042603257612837667951920098762581360394229906585962887965	0
3	4	3	2	4	4	0.155970371254014643198404899629722217376111695279736502763969810	0
3	4	3	3	3	3	0.532088886237956070404785301110833347871664914160790491708090569	0
3	4	3	3	3	4	-0.716881417142051443106137348683037103742578473953442208943698382	0
3	4	3	3	4	3	0.394930843634698457567117349190734585290304519930883905745202604	0
3	4	3	3	4	4	0.210138312730603084865765301618530829419390960138232188509594791	0
3	4	3	4	2	2	0.605069156365301542432882650809265414709695480069116094254797396	0
3	4	3	4	2	3	-1.347296355333860697703433253538629592000751354368138774472482756	0
3	4	3	4	2	4	-0.815207469095904627298647952427796244129086440207348282764392187	0
3	4	3	4	3	2	-0.532088886237956070404785301110833347871664914160790491708090569	0
3	4	3	4	3	3	-0.815207469095904627298647952427796244129086440207348282764392187	0
3	4	3	4	3	4	-1.098326051953853184192510603744759140386507966253906073820693805	0
3	4	3	4	4	2	0.101802429777426201531044497640913605332832430421240817018344829	0
3	4	3	4	4	3	0.347296355333860697703433253538629592000751354368138774472482756	0
3	4	3	4	4	4	1.210138312730603084865765301618530829419390960138232188509594791	0
3	4	4	1	4	3	0.257772801031440844729449397270635822708944125700977319782314639	0
3	4	4	2	3	2	1.000000000000000000000000000000000000000000000000000000000000000	0
3	4	4	2	3	4	0.137158042603257612837667951920098762581360394229906585962887965	0
3	4	4	2	4	2	-2.879385241571816768108218554649462939872416268528929266180573326	0
3	4	4	2	4	4	-0.137158042603257612837667951920098762581360394229906585962887965	0
3	4	4	3	2	1	0.394930843634698457567117349190734585290304519930883905745202604	0
3	4	4	3	2	3	-0.101802429777426201531044497640913605332832430421240817018344829	0
3	4	4	3	2	4	0.137158042603257612837667951920098762581360394229906585962887965	0
3	4	4	3	3	1	0.394930843634698457567117349190734585290304519930883905745202604	0
3	4	4	3	3	3	-0.137158042603257612837667951920098762581360394229906585962887965	0
3	4	4	3	3	4	-0.072980270127345472028097349698432066838030565908325602546706826	0
3	4	4	3	4	1	-1.137158042603257612837667951920098762581360394229906585962887965	0
3	4	4	3	4	3	0.688059257491970713603190200740555565247776609440526994472060380	0
3	4	4	3	4	4	0.072980270127345472028097349698432066838030565908325602546706826	0
3	4	4	4	2	2	-0.137158042603257612837667951920098762581360394229906585962887965	0
3	4	4	4	2	3	0.137158042603257612837667951920098762581360394229906585962887965	0
3	4	4	4	2	4	0.184792530904095372701352047572203755870913559792651717235607813	0
3	4	4	4	3	2	0.054167941476588441667360401988808612043279264858495685745624981	0
3	4	4	4	3	3	0.047634488300837759863684095652104993289553165562745131272719848	0
3	4	4	4	3	4	-0.025345781826507712164413254046327073548477400345580471273986978	0
3	4	4	4	4	2	0.394930843634698457567117349190734585290304519930883905745202604	0
3	4	4	4	4	3	-0.137158042603257612837667951920098762581360394229906585962887965	0
3	4	4	4	4	4	0.815207469095904627298647952427796244129086440207348282764392187	0
4	1	1	4	4	1	1.000000000000000000000000000000000000000000000000000000000000000	0
4	1	2	3	4	2	1.000000000000000000000000000000000000000000000000000000000000000	0
4	1	2	4	4	2	1.000000000000000000000000000000000000000000000000000000000000000	0
4	1	3	2	4	3	1.000000000000000000000000000000000000000000000000000000000000000	0
4	1	3	3	4	3	1.000000000000000000000000000000000000000000000000000000000000000	0
4	1	3	4	4	3	1.000000000000000000000000000000000000000000000000000000000000000	0
4	1	4	1	4	4	1.000000000000000000000000000000000000000000000000000000000000000	0
4	1	4	2	4	4	1.000000000000000000000000000000000000000000000000000000000000000	0
4	1	4	3	4	4	1.000000000000000000000000000000000000000000000000000000000000000	0
4	1	4	4	4	4	1.000000000000000000000000000000000000000000000000000000000000000	0
4	2	1	3	3	2	1.000000000000000000000000000000000000000000000000000000000000000	0
4	2	1	4	4	2	1.000000000000000000000000000000000000000000000000000000000000000	0
4	2	2	2	3	3	0.018812328650757030360736947709623454794751301049829916801081845	0
4	2	2	3	4	3	0.018812328650757030360736947709623454794751301049829916801081845	0
4	2	2	4	3	1	-0.532088886237956070404785301110833347871664914160790491708090569	0
4	2	2	4	3	3	-0.210138312730603084865765301618530829419390960138232188509594791	0
4	2	2	4	4	1	-0.054167941476588441667360401988808612043279264858495685745624981	0
4	2	2	4	4	3	-0.028822159650080729502947147942481538494801864512915214471638003	0
4	2	3	1	3	4	-0.035355612825831411306623454279185157248527963808665768944543136	0
4	2	3	2	4	4	-0.035355612825831411306623454279185157248527963808665768944543136	0
4	2	3	3	3	2	0.532088886237956070404785301110833347871664914160790491708090569	0
4	2	3	3	3	4	-0.012278875475006348557060641372919836041025201754079362328176712	0
4	2	3	3	4	2	0.394930843634698457567117349190734585290304519930883905745202604	0
4	2	3	3	4	4	0.013963022000527364370099920205296258667418021034805441139149423	0
4	2	3	4	3	2	-0.532088886237956070404785301110833347871664914160790491708090569	0
4	2	3	4	3	4	-0.018812328650757030360736947709623454794751301049829916801081845	0
4	2	3	4	4	2	-1.000000000000000000000000000000000000000000000000000000000000000	0
4	2	3	4	4	4	-0.012278875475006348557060641372919836041025201754079362328176712	0
4	2	4	1	4	4	-0.137158042603257612837667951920098762581360394229906585962887965	0
4	2	4	2	3	3	-0.210138312730603084865765301618530829419390960138232188509594791	0
4	2	4	2	3	4	0.047634488300837759863684095652104993289553165562745131272719848	0
4	2	4	2	4	3	-0.532088886237956070404785301110833347871664914160790491708090569	0
4	2	4	2	4	4	0.210138312730603084865765301618530829419390960138232188509594791	0
4	2	4	3	3	3	0.184792530904095372701352047572203755870913559792651717235607813	0
4	2	4	3	3	4	-0.018812328650757030360736947709623454794751301049829916801081845	0
4	2	4	3	4	3	0.815207469095904627298647952427796244129086440207348282764392187	0
4	2	4	3	4	4	-0.184792530904095372701352047572203755870913559792651717235607813	0
4	2	4	4	3	3	0.028822159650080729502947147942481538494801864512915214471638003	0
4	2	4	4	3	4	-0.006533453175750681803676306336703618753726099295750554472905133	0
4	2	4	4	4	3	0.815207469095904627298647952427796244129086440207348282764392187	0
4	2	4	4	4	4	0.072980270127345472028097349698432066838030565908325602546706826	0
4	3	1	2	2	3	1.000000000000000000000000000000000000000000000000000000000000000	0
4	3	1	3	3	3	1.000000000000000000000000000000000000000000000000000000000000000	0
4	3	1	4	4	3	1.000000000000000000000000000000000000000000000000000000000000000	0
4	3	2	1	2	4	0.257772801031440844729449397270635822708944125700977319782314639	0
4	3	2	2	3	4	-0.035355612825831411306623454279185157248527963808665768944543136	0
4	3	2	3	2	2	20.993192866572952051755448676579814742977076085127017806027138336	0
4	3	2	3	2	4	0.191325984079846054505028353908907374624639659088402271708512946	0
4	3	2	3	4	2	5.411474127809772838513003855760296287744081182689719757888663895	0
4	3	2	3	4	4	-0.009113715350297698379462892700969062540084741019780965477217001	0
4	3	2	4	3	2	-28.284052235954541658376671086989573970593573536345666830096375556	0
4	3	2	4	3	4	0.137158042603257612837667951920098762581360394229906585962887965	0
4	3	2	4	4	2	7.290859369381589606621222410409759227616497451218649024069237220	0
4	3	2	4	4	4	-0.012278875475006348557060641372919836041025201754079362328176712	0
4	3	3	1	3	4	0.257772801031440844729449397270635822708944125700977319782314639	0
4	3	3	2	2	3	1.137158042603257612837667951920098762581360394229906585962887965	0
4	3	3	2	2	4	0.257772801031440844729449397270635822708944125700977319782314639	0
4	3	3	2	4	3	-0.742227198968559155270550602729364177291055874299022680217685361	0
4	3	3	2	4	4	0.257772801031440844729449397270635822708944125700977319782314639	0
4	3	3	3	3	3	0.532088886237956070404785301110833347871664914160790491708090569	0
4	3	3	3	3	4	0.120614758428183231891781445350537060127583731471070733819426674	0
4	3	3	3	4	3	-1.000000000000000000000000000000000000000000000000000000000000000	0
4	3	3	3	4	4	0.089523554302419852973983856267993769291807228667161454690168117	0
4	3	3	4	2	1	1.532088886237956070404785301110833347871664914160790491708090569	0
4	3	3	4	2	3	0.605069156365301542432882650809265414709695480069116094254797396	0
4	3	3	4	2	4	0.137158042603257612837667951920098762581360394229906585962887965	0
4	3	3	4	3	1	1.532088886237956070404785301110833347871664914160790491708090569	0
4	3	3	4	3	3	0.815207469095904627298647952427796244129086440207348282764392187	0
4	3	3	4	3	4	-0.072980270127345472028097349698432066838030565908325602546706826	0
4	3	3	4	4	1	-1.879385241571816768108218554649462939872416268528929266180573326	0
4	3	3	4	4	3	-1.742227198968559155270550602729364177291055874299022680217685361	0
4	3	3	4	4	4	0.031091204125763378917797589082543290835776502803909279129258558	0
4	3	4	1	4	4	-2.532088886237956070404785301110833347871664914160790491708090569	0
4	3	4	2	3	3	-1.347296355333860697703433253538629592000751354368138774472482756	0
4	3	4	2	3	4	0.532088886237956070404785301110833347871664914160790491708090569	0
4	3	4	2	4	3	3.879385241571816768108218554649462939872416268528929266180573326	0
4	3	4	2	4	4	-3.411474127809772838513003855760296287744081182689719757888663895	0
4	3	4	3	2	2	-4.411474127809772838513003855760296287744081182689719757888663895	0
4	3	4	3	2	3	-1.347296355333860697703433253538629592000751354368138774472482756	0
4	3	4	3	2	4	0.137158042603257612837667951920098762581360394229906585962887965	0
4	3	4	3	3	2	3.879385241571816768108218554649462939872416268528929266180573326	0
4	3	4	3	3	3	-0.815207469095904627298647952427796244129086440207348282764392187	0
4	3	4	3	3	4	0.184792530904095372701352047572203755870913559792651717235607813	0
4	3	4	3	4	2	-11.170244610953406374729440965059222167488913719747578290249810546	0
4	3	4	3	4	3	5.226681596905677465811651808188092531873167622897068040653056082	0
4	3	4	3	4	4	-3.064177772475912140809570602221666695743329828321580983416181139	0
4	3	4	4	2	2	3.879385241571816768108218554649462939872416268528929266180573326	0
4	3	4	4	2	3	-0.815207469095904627298647952427796244129086440207348282764392187	0
4	3	4	4	2	4	0.184792530904095372701352047572203755870913559792651717235607813	0
4	3	4	4	3	2	-1.532088886237956070404785301110833347871664914160790491708090569	0
4	3	4	4	3	3	-0.283118582857948556893862651316962896257421526046557791056301618	0
4	3	4	4	3	4	-0.025345781826507712164413254046327073548477400345580471273986978	0
4	3	4	4	4	2	28.284052235954541658376671086989573970593573536345666830096375556	0
4	3	4	4	4	3	-2.064177772475912140809570602221666695743329828321580983416181139	0
4	3	4	4	4	4	-2.064177772475912140809570602221666695743329828321580983416181139	0
4	4	1	1	1	4	1.000000000000000000000000000000000000000000000000000000000000000	0
4	4	1	2	2	4	1.000000000000000000000000000000000000000000000000000000000000000	0
4	4	1	3	3	4	1.000000000000000000000000000000000000000000000000000000000000000	0
4	4	1	4	4	4	1.000000000000000000000000000000000000000000000000000000000000000	0
4	4	2	1	2	4	-7.290859369381589606621222410409759227616497451218649024069237220	0
4	4	2	2	1	3	-28.284052235954541658376671086989573970593573536345666830096375556	0
4	4	2	2	1	4	-7.290859369381589606621222410409759227616497451218649024069237220	0
4	4	2	2	3	3	11.170244610953406374729440965059222167488913719747578290249810546	0
4	4	2	2	3	4	3.879385241571816768108218554649462939872416268528929266180573326	0
4	4	2	3	2	3	-28.284052235954541658376671086989573970593573536345666830096375556	0
4	4	2	3	2	4	-7.290859369381589606621222410409759227616497451218649024069237220	0
4	4	2	3	4	3	11.170244610953406374729440965059222167488913719747578290249810546	0
4	4	2	3	4	4	1.000000000000000000000000000000000000000000000000000000000000000	0
4	4	2	4	3	3	23.057370639048864192565019278801481438720405913448598789443319474	0
4	4	2	4	3	4	-5.226681596905677465811651808188092531873167622897068040653056082	0
4	4	2	4	4	3	-5.943563014047728908917789156871129635615746096850510249596754464	0
4	4	2	4	4	4	-0.532088886237956070404785301110833347871664914160790491708090569	0
4	4	3	1	3	4	-1.532088886237956070404785301110833347871664914160790491708090569	0
4	4	3	2	2	3	3.879385241571816768108218554649462939872416268528929266180573326	0
4	4	3	2	2	4	-1.532088886237956070404785301110833347871664914160790491708090569	0
4	4	3	2	4	3	11.170244610953406374729440965059222167488913719747578290249810546	0
4	4	3	2	4	4	-1.532088886237956070404785301110833347871664914160790491708090569	0
4	4	3	3	1	2	-11.170244610953406374729440965059222167488913719747578290249810546	0
4	4	3	3	1	3	3.879385241571816768108218554649462939872416268528929266180573326	0
4	4	3	3	1	4	-0.394930843634698457567117349190734585290304519930883905745202604	0
4	4	3	3	3	2	-15.049629852525223142837659519708685107361329988276507556430383871	0
4	4	3	3	3	3	7.041889066001582093110299760615888776002254063104416323417448269	0
4	4	3	3	3	4	-1.248970303380007513510922649793870451614243388114232700651788952	0
4	4	3	3	4	2	-32.163437477526358426484889641639036910465989804874596096276948882	0
4	4	3	3	4	3	-5.943563014047728908917789156871129635615746096850510249596754464	0
4	4	3	3	4	4	0.210138312730603084865765301618530829419390960138232188509594791	0
4	4	3	4	2	2	15.049629852525223142837659519708685107361329988276507556430383871	0
4	4	3	4	2	3	-3.162503824429765325002081205966425836129837794575487057236874943	0
4	4	3	4	2	4	-0.283118582857948556893862651316962896257421526046557791056301618	0
4	4	3	4	3	2	-23.057370639048864192565019278801481438720405913448598789443319474	0
4	4	3	4	3	3	-4.260829876383618509194591809711184976516345760829393131057568748	0
4	4	3	4	3	4	0.150644251426154329318412046049111311227735421860326626831095147	0
4	4	3	4	4	2	28.284052235954541658376671086989573970593573536345666830096375556	0
4	4	3	4	4	3	-2.064177772475912140809570602221666695743329828321580983416181139	0
4	4	3	4	4	4	0.815207469095904627298647952427796244129086440207348282764392187	0
4	4	4	1	4	4	1.000000000000000000000000000000000000000000000000000000000000000	0
4	4	4	2	3	3	0.532088886237956070404785301110833347871664914160790491708090569	0
4	4	4	2	3	4	0.184792530904095372701352047572203755870913559792651717235607813	0
4	4	4	2	4	3	3.879385241571816768108218554649462939872416268528929266180573326	0
4	4	4	2	4	4	-0.532088886237956070404785301110833347871664914160790491708090569	0
4	4	4	3	2	2	3.879385241571816768108218554649462939872416268528929266180573326	0
4	4	4	3	2	3	0.532088886237956070404785301110833347871664914160790491708090569	0
4	4	4	3	2	4	0.047634488300837759863684095652104993289553165562745131272719848	0
4	4	4	3	3	2	-5.943563014047728908917789156871129635615746096850510249596754464	0
4	4	4	3	3	3	0.716881417142051443106137348683037103742578473953442208943698382	0
4	4	4	3	3	4	-0.025345781826507712164413254046327073548477400345580471273986978	0
4	4	4	3	4	2	-43.333682088479764801214330606698259077954903524622174386526759427	0
4	4	4	3	4	3	-2.064177772475912140809570602221666695743329828321580983416181139	0
4	4	4	3	4	4	0.815207469095904627298647952427796244129086440207348282764392187	0
4	4	4	4	1	1	1.532088886237956070404785301110833347871664914160790491708090569	0
4	4	4	4	1	2	3.879385241571816768108218554649462939872416268528929266180573326	0
4	4	4	4	1	3	0.532088886237956070404785301110833347871664914160790491708090569	0
4	4	4	4	1	4	0.047634488300837759863684095652104993289553165562745131272719848	0
4	4	4	4	2	1	1.532088886237956070404785301110833347871664914160790491708090569	0
4	4	4	4	2	2	-5.943563014047728908917789156871129635615746096850510249596754464	0
4	4	4	4	2	3	0.716881417142051443106137348683037103742578473953442208943698382	0
4	4	4	4	2	4	-0.025345781826507712164413254046327073548477400345580471273986978	0
4	4	4	4	3	1	1.532088886237956070404785301110833347871664914160790491708090569	0
4	4	4	4	3	2	5.226681596905677465811651808188092531873167622897068040653056082	0
4	4	4	4	3	3	0.643901147014705971078039998984605036904547908045116606396991556	0
4	4	4	4	3	4	0.038831990649404428645157348175339622194852427976000512142194160	0
4	4	4	4	4	1	32.163437477526358426484889641639036910465989804874596096276948882	0
4	4	4	4	4	2	-43.333682088479764801214330606698259077954903524622174386526759427	0
4	4	4	4	4	3	9.106066838477494233919870362837555471745583891425997306833629407	0
4	4	4	4	4	4	-0.716881417142051443106137348683037103742578473953442208943698382	0