1	1	1	1.000000000000000000000000000000000000000000000000000000000000000	0
1	2	2	1.000000000000000000000000000000000000000000000000000000000000000	0
1	3	3	1.000000000000000000000000000000000000000000000000000000000000000	0
1	4	4	1.000000000000000000000000000000000000000000000000000000000000000	0
2	1	2	1.000000000000000000000000000000000000000000000000000000000000000	0
2	2	1	-0.5000000000000000000000000000000000000000000000000000000000000000	-0.8660254037844386467637231707529361834714026269051903140279034897
2	2	3	0.9396926207859083840541092773247314699362081342644646330902866628	-0.3420201433256687330440996146822595807630833675141606284650484977
2	3	2	-0.0996702254273921853366315650425926721264566999188625721107025401	-0.5652579374235680534851793755279323313269261102136691521679747327
2	3	4	0.7660444431189780352023926505554166739358324570803952458540452846	-0.6427876096865393263226434099072634329075598842056817903249772547
2	4	3	0.0996702254273921853366315650425926721264566999188625721107025401	-0.5652579374235680534851793755279323313269261102136691521679747327
2	4	4	0.2869889761197690817575425308633610619369594886326034075627694190	-0.4970794878516112787190276834409217839243509154981859047790535415
3	1	3	1.000000000000000000000000000000000000000000000000000000000000000	0
3	2	2	-0.3025345781826507712164413254046327073548477400345580471273986978	-1.7157588530529798724249316279310959396390196670995735392176849989
3	2	4	0.7660444431189780352023926505554166739358324570803952458540452846	-0.6427876096865393263226434099072634329075598842056817903249772547
3	3	1	-0.9396926207859083840541092773247314699362081342644646330902866628	0.3420201433256687330440996146822595807630833675141606284650484977
3	3	3	-0.1736481776669303488517166267693147960003756771840693872362413781	-0.9848077530122080593667430245895230136706432517198424187900257524
3	3	4	0.1736481776669303488517166267693147960003756771840693872362413781	-0.9848077530122080593667430245895230136706432517198424187900257524
3	4	2	-0.9396926207859083840541092773247314699362081342644646330902866628	-0.3420201433256687330440996146822595807630833675141606284650484977
3	4	3	-0.5000000000000000000000000000000000000000000000000000000000000000	-0.8660254037844386467637231707529361834714026269051903140279034897
3	4	4	-0.1974654218173492287835586745953672926451522599654419528726013022	-1.1198820567558748930722775920008862711736694632453016123902699955
4	1	4	1.000000000000000000000000000000000000000000000000000000000000000	0
4	2	3	0.3025345781826507712164413254046327073548477400345580471273986978	-1.7157588530529798724249316279310959396390196670995735392176849989
4	2	4	0.8711135994842795776352753013646820886455279371495113401088426803	-1.5088130134709779730863665806601996163789625111108721043528807444
4	3	2	-0.9396926207859083840541092773247314699362081342644646330902866628	-0.3420201433256687330440996146822595807630833675141606284650484977
4	3	3	-0.5000000000000000000000000000000000000000000000000000000000000000	-0.8660254037844386467637231707529361834714026269051903140279034897
4	3	4	-0.1527036446661393022965667464613704079992486456318612255275172437	-0.8660254037844386467637231707529361834714026269051903140279034897
4	4	1	-0.5000000000000000000000000000000000000000000000000000000000000000	0.8660254037844386467637231707529361834714026269051903140279034897
4	4	2	-1.000000000000000000000000000000000000000000000000000000000000000	0
4	4	3	-0.7660444431189780352023926505554166739358324570803952458540452846	-0.6427876096865393263226434099072634329075598842056817903249772547
4	4	4	-0.5000000000000000000000000000000000000000000000000000000000000000	-0.8660254037844386467637231707529361834714026269051903140279034897