1	1	1	1	1	1	1.000000000000000000000000000000000000000000000000000000000000000	0
1	1	2	2	1	2	1.000000000000000000000000000000000000000000000000000000000000000	0
1	1	3	3	1	3	1.000000000000000000000000000000000000000000000000000000000000000	0
1	1	4	4	1	4	1.000000000000000000000000000000000000000000000000000000000000000	0
1	1	5	5	1	5	1.000000000000000000000000000000000000000000000000000000000000000	0
1	1	6	6	1	6	1.000000000000000000000000000000000000000000000000000000000000000	0
1	2	1	2	2	2	1.000000000000000000000000000000000000000000000000000000000000000	0
1	2	2	1	2	1	1.000000000000000000000000000000000000000000000000000000000000000	0
1	2	3	3	2	3	1.000000000000000000000000000000000000000000000000000000000000000	0
1	2	4	4	2	4	1.000000000000000000000000000000000000000000000000000000000000000	0
1	2	5	5	2	5	1.000000000000000000000000000000000000000000000000000000000000000	0
1	2	6	6	2	6	1.000000000000000000000000000000000000000000000000000000000000000	0
1	3	1	3	3	3	1.000000000000000000000000000000000000000000000000000000000000000	0
1	3	2	3	3	3	1.000000000000000000000000000000000000000000000000000000000000000	0
1	3	3	1	3	1	1.000000000000000000000000000000000000000000000000000000000000000	0
1	3	3	2	3	2	1.000000000000000000000000000000000000000000000000000000000000000	0
1	3	3	6	3	6	1.000000000000000000000000000000000000000000000000000000000000000	0
1	3	4	5	3	5	1.000000000000000000000000000000000000000000000000000000000000000	0
1	3	4	6	3	6	1.000000000000000000000000000000000000000000000000000000000000000	0
1	3	5	4	3	4	1.000000000000000000000000000000000000000000000000000000000000000	0
1	3	5	5	3	5	1.000000000000000000000000000000000000000000000000000000000000000	0
1	3	6	3	3	3	1.000000000000000000000000000000000000000000000000000000000000000	0
1	3	6	4	3	4	1.000000000000000000000000000000000000000000000000000000000000000	0
1	4	1	4	4	4	1.000000000000000000000000000000000000000000000000000000000000000	0
1	4	2	4	4	4	1.000000000000000000000000000000000000000000000000000000000000000	0
1	4	3	5	4	5	1.000000000000000000000000000000000000000000000000000000000000000	0
1	4	3	6	4	6	1.000000000000000000000000000000000000000000000000000000000000000	0
1	4	4	1	4	1	1.000000000000000000000000000000000000000000000000000000000000000	0
1	4	4	2	4	2	1.000000000000000000000000000000000000000000000000000000000000000	0
1	4	4	4	4	4	1.000000000000000000000000000000000000000000000000000000000000000	0
1	4	5	3	4	3	1.000000000000000000000000000000000000000000000000000000000000000	0
1	4	5	6	4	6	1.000000000000000000000000000000000000000000000000000000000000000	0
1	4	6	3	4	3	1.000000000000000000000000000000000000000000000000000000000000000	0
1	4	6	5	4	5	1.000000000000000000000000000000000000000000000000000000000000000	0
1	5	1	5	5	5	1.000000000000000000000000000000000000000000000000000000000000000	0
1	5	2	5	5	5	1.000000000000000000000000000000000000000000000000000000000000000	0
1	5	3	4	5	4	1.000000000000000000000000000000000000000000000000000000000000000	0
1	5	3	5	5	5	1.000000000000000000000000000000000000000000000000000000000000000	0
1	5	4	3	5	3	1.000000000000000000000000000000000000000000000000000000000000000	0
1	5	4	6	5	6	1.000000000000000000000000000000000000000000000000000000000000000	0
1	5	5	1	5	1	1.000000000000000000000000000000000000000000000000000000000000000	0
1	5	5	2	5	2	1.000000000000000000000000000000000000000000000000000000000000000	0
1	5	5	3	5	3	1.000000000000000000000000000000000000000000000000000000000000000	0
1	5	6	4	5	4	1.000000000000000000000000000000000000000000000000000000000000000	0
1	5	6	6	5	6	1.000000000000000000000000000000000000000000000000000000000000000	0
1	6	1	6	6	6	1.000000000000000000000000000000000000000000000000000000000000000	0
1	6	2	6	6	6	1.000000000000000000000000000000000000000000000000000000000000000	0
1	6	3	3	6	3	1.000000000000000000000000000000000000000000000000000000000000000	0
1	6	3	4	6	4	1.000000000000000000000000000000000000000000000000000000000000000	0
1	6	4	3	6	3	1.000000000000000000000000000000000000000000000000000000000000000	0
1	6	4	5	6	5	1.000000000000000000000000000000000000000000000000000000000000000	0
1	6	5	4	6	4	1.000000000000000000000000000000000000000000000000000000000000000	0
1	6	5	6	6	6	1.000000000000000000000000000000000000000000000000000000000000000	0
1	6	6	1	6	1	1.000000000000000000000000000000000000000000000000000000000000000	0
1	6	6	2	6	2	1.000000000000000000000000000000000000000000000000000000000000000	0
1	6	6	5	6	5	1.000000000000000000000000000000000000000000000000000000000000000	0
2	1	1	2	2	1	1.000000000000000000000000000000000000000000000000000000000000000	0
2	1	2	1	2	2	1.000000000000000000000000000000000000000000000000000000000000000	0
2	1	3	3	2	3	1.000000000000000000000000000000000000000000000000000000000000000	0
2	1	4	4	2	4	1.000000000000000000000000000000000000000000000000000000000000000	0
2	1	5	5	2	5	1.000000000000000000000000000000000000000000000000000000000000000	0
2	1	6	6	2	6	1.000000000000000000000000000000000000000000000000000000000000000	0
2	2	1	1	1	2	1.000000000000000000000000000000000000000000000000000000000000000	0
2	2	2	2	1	1	1.000000000000000000000000000000000000000000000000000000000000000	0
2	2	3	3	1	3	-0.5000000000000000000000000000000000000000000000000000000000000000	-0.8660254037844386467637231707529361834714026269051903140279034897
2	2	4	4	1	4	-0.5000000000000000000000000000000000000000000000000000000000000000	-0.8660254037844386467637231707529361834714026269051903140279034897
2	2	5	5	1	5	-0.5000000000000000000000000000000000000000000000000000000000000000	-0.8660254037844386467637231707529361834714026269051903140279034897
2	2	6	6	1	6	-0.5000000000000000000000000000000000000000000000000000000000000000	-0.8660254037844386467637231707529361834714026269051903140279034897
2	3	1	3	3	3	1.000000000000000000000000000000000000000000000000000000000000000	0
2	3	2	3	3	3	1.000000000000000000000000000000000000000000000000000000000000000	0
2	3	3	1	3	2	0.5000000000000000000000000000000000000000000000000000000000000000	-0.8660254037844386467637231707529361834714026269051903140279034897
2	3	3	2	3	1	-1.000000000000000000000000000000000000000000000000000000000000000	0
2	3	3	6	3	6	-1.000000000000000000000000000000000000000000000000000000000000000	0
2	3	4	5	3	5	-1.000000000000000000000000000000000000000000000000000000000000000	0
2	3	4	6	3	6	1.000000000000000000000000000000000000000000000000000000000000000	0
2	3	5	4	3	4	-1.000000000000000000000000000000000000000000000000000000000000000	0
2	3	5	5	3	5	1.000000000000000000000000000000000000000000000000000000000000000	0
2	3	6	3	3	3	-1.000000000000000000000000000000000000000000000000000000000000000	0
2	3	6	4	3	4	1.000000000000000000000000000000000000000000000000000000000000000	0
2	4	1	4	4	4	1.000000000000000000000000000000000000000000000000000000000000000	0
2	4	2	4	4	4	1.000000000000000000000000000000000000000000000000000000000000000	0
2	4	3	5	4	5	-1.000000000000000000000000000000000000000000000000000000000000000	0
2	4	3	6	4	6	-1.000000000000000000000000000000000000000000000000000000000000000	0
2	4	4	1	4	2	0.5000000000000000000000000000000000000000000000000000000000000000	-0.8660254037844386467637231707529361834714026269051903140279034897
2	4	4	2	4	1	-1.000000000000000000000000000000000000000000000000000000000000000	0
2	4	4	4	4	4	-1.000000000000000000000000000000000000000000000000000000000000000	0
2	4	5	3	4	3	-1.000000000000000000000000000000000000000000000000000000000000000	0
2	4	5	6	4	6	1.000000000000000000000000000000000000000000000000000000000000000	0
2	4	6	3	4	3	1.000000000000000000000000000000000000000000000000000000000000000	0
2	4	6	5	4	5	1.000000000000000000000000000000000000000000000000000000000000000	0
2	5	1	5	5	5	1.000000000000000000000000000000000000000000000000000000000000000	0
2	5	2	5	5	5	1.000000000000000000000000000000000000000000000000000000000000000	0
2	5	3	4	5	4	-1.000000000000000000000000000000000000000000000000000000000000000	0
2	5	3	5	5	5	-1.000000000000000000000000000000000000000000000000000000000000000	0
2	5	4	3	5	3	-1.000000000000000000000000000000000000000000000000000000000000000	0
2	5	4	6	5	6	-1.000000000000000000000000000000000000000000000000000000000000000	0
2	5	5	1	5	2	0.5000000000000000000000000000000000000000000000000000000000000000	-0.8660254037844386467637231707529361834714026269051903140279034897
2	5	5	2	5	1	-1.000000000000000000000000000000000000000000000000000000000000000	0
2	5	5	3	5	3	1.000000000000000000000000000000000000000000000000000000000000000	0
2	5	6	4	5	4	1.000000000000000000000000000000000000000000000000000000000000000	0
2	5	6	6	5	6	1.000000000000000000000000000000000000000000000000000000000000000	0
2	6	1	6	6	6	1.000000000000000000000000000000000000000000000000000000000000000	0
2	6	2	6	6	6	1.000000000000000000000000000000000000000000000000000000000000000	0
2	6	3	3	6	3	-1.000000000000000000000000000000000000000000000000000000000000000	0
2	6	3	4	6	4	-1.000000000000000000000000000000000000000000000000000000000000000	0
2	6	4	3	6	3	1.000000000000000000000000000000000000000000000000000000000000000	0
2	6	4	5	6	5	-1.000000000000000000000000000000000000000000000000000000000000000	0
2	6	5	4	6	4	1.000000000000000000000000000000000000000000000000000000000000000	0
2	6	5	6	6	6	-1.000000000000000000000000000000000000000000000000000000000000000	0
2	6	6	1	6	2	0.5000000000000000000000000000000000000000000000000000000000000000	-0.8660254037844386467637231707529361834714026269051903140279034897
2	6	6	2	6	1	-1.000000000000000000000000000000000000000000000000000000000000000	0
2	6	6	5	6	5	1.000000000000000000000000000000000000000000000000000000000000000	0
3	1	1	3	3	1	1.000000000000000000000000000000000000000000000000000000000000000	0
3	1	2	3	3	2	1.000000000000000000000000000000000000000000000000000000000000000	0
3	1	3	1	3	3	1.000000000000000000000000000000000000000000000000000000000000000	0
3	1	3	2	3	3	1.000000000000000000000000000000000000000000000000000000000000000	0
3	1	3	6	3	3	1.000000000000000000000000000000000000000000000000000000000000000	0
3	1	4	5	3	4	1.000000000000000000000000000000000000000000000000000000000000000	0
3	1	4	6	3	4	1.000000000000000000000000000000000000000000000000000000000000000	0
3	1	5	4	3	5	1.000000000000000000000000000000000000000000000000000000000000000	0
3	1	5	5	3	5	1.000000000000000000000000000000000000000000000000000000000000000	0
3	1	6	3	3	6	1.000000000000000000000000000000000000000000000000000000000000000	0
3	1	6	4	3	6	1.000000000000000000000000000000000000000000000000000000000000000	0
3	2	1	3	3	2	1.000000000000000000000000000000000000000000000000000000000000000	0
3	2	2	3	3	1	-0.5000000000000000000000000000000000000000000000000000000000000000	0.8660254037844386467637231707529361834714026269051903140279034897
3	2	3	1	3	3	1.000000000000000000000000000000000000000000000000000000000000000	0
3	2	3	2	3	3	1.000000000000000000000000000000000000000000000000000000000000000	0
3	2	3	6	3	3	-1.000000000000000000000000000000000000000000000000000000000000000	0
3	2	4	5	3	4	-1.000000000000000000000000000000000000000000000000000000000000000	0
3	2	4	6	3	4	1.000000000000000000000000000000000000000000000000000000000000000	0
3	2	5	4	3	5	-1.000000000000000000000000000000000000000000000000000000000000000	0
3	2	5	5	3	5	1.000000000000000000000000000000000000000000000000000000000000000	0
3	2	6	3	3	6	-1.000000000000000000000000000000000000000000000000000000000000000	0
3	2	6	4	3	6	1.000000000000000000000000000000000000000000000000000000000000000	0
3	3	1	1	1	3	1.000000000000000000000000000000000000000000000000000000000000000	0
3	3	1	2	2	3	1.000000000000000000000000000000000000000000000000000000000000000	0
3	3	1	6	6	3	1.000000000000000000000000000000000000000000000000000000000000000	0
3	3	2	1	2	3	0.5000000000000000000000000000000000000000000000000000000000000000	0.8660254037844386467637231707529361834714026269051903140279034897
3	3	2	2	1	3	-1.000000000000000000000000000000000000000000000000000000000000000	0
3	3	2	6	6	3	-1.000000000000000000000000000000000000000000000000000000000000000	0
3	3	3	3	1	1	0.500000000000000000000000000000000000000000000000000000000000000	0
3	3	3	3	1	2	-0.500000000000000000000000000000000000000000000000000000000000000	0
3	3	3	3	1	6	-0.3535533905932737622004221810524245196424179688442370182941699345	0.6123724356957945245493210186764728479914868701641675321081731418
3	3	3	3	2	1	-0.500000000000000000000000000000000000000000000000000000000000000	0
3	3	3	3	2	2	0.500000000000000000000000000000000000000000000000000000000000000	0
3	3	3	3	2	6	-0.3535533905932737622004221810524245196424179688442370182941699345	0.6123724356957945245493210186764728479914868701641675321081731418
3	3	3	3	6	1	-0.3535533905932737622004221810524245196424179688442370182941699345	0.6123724356957945245493210186764728479914868701641675321081731418
3	3	3	3	6	2	-0.3535533905932737622004221810524245196424179688442370182941699345	0.6123724356957945245493210186764728479914868701641675321081731418
3	3	3	3	6	6	0.	0
3	3	3	4	6	6	0.1736481776669303488517166267693147960003756771840693872362413781	-0.9848077530122080593667430245895230136706432517198424187900257524
3	3	4	3	6	6	-0.9396926207859083840541092773247314699362081342644646330902866628	-0.3420201433256687330440996146822595807630833675141606284650484977
3	3	4	4	1	5	-0.3535533905932737622004221810524245196424179688442370182941699345	0.6123724356957945245493210186764728479914868701641675321081731418
3	3	4	4	1	6	-0.3535533905932737622004221810524245196424179688442370182941699345	0.6123724356957945245493210186764728479914868701641675321081731418
3	3	4	4	2	5	-0.3535533905932737622004221810524245196424179688442370182941699345	0.6123724356957945245493210186764728479914868701641675321081731418
3	3	4	4	2	6	0.3535533905932737622004221810524245196424179688442370182941699345	-0.6123724356957945245493210186764728479914868701641675321081731418
3	3	4	5	6	5	0.1736481776669303488517166267693147960003756771840693872362413781	-0.9848077530122080593667430245895230136706432517198424187900257524
3	3	5	4	6	5	-0.9396926207859083840541092773247314699362081342644646330902866628	-0.3420201433256687330440996146822595807630833675141606284650484977
3	3	5	5	1	4	-0.3535533905932737622004221810524245196424179688442370182941699345	0.6123724356957945245493210186764728479914868701641675321081731418
3	3	5	5	1	5	-0.3535533905932737622004221810524245196424179688442370182941699345	0.6123724356957945245493210186764728479914868701641675321081731418
3	3	5	5	2	4	-0.3535533905932737622004221810524245196424179688442370182941699345	0.6123724356957945245493210186764728479914868701641675321081731418
3	3	5	5	2	5	0.3535533905932737622004221810524245196424179688442370182941699345	-0.6123724356957945245493210186764728479914868701641675321081731418
3	3	5	6	6	4	-0.5000000000000000000000000000000000000000000000000000000000000000	-0.8660254037844386467637231707529361834714026269051903140279034897
3	3	6	1	6	3	-0.5000000000000000000000000000000000000000000000000000000000000000	0.8660254037844386467637231707529361834714026269051903140279034897
3	3	6	2	6	3	0.5000000000000000000000000000000000000000000000000000000000000000	-0.8660254037844386467637231707529361834714026269051903140279034897
3	3	6	5	6	4	-0.5000000000000000000000000000000000000000000000000000000000000000	-0.8660254037844386467637231707529361834714026269051903140279034897
3	3	6	6	1	3	-0.3535533905932737622004221810524245196424179688442370182941699345	0.6123724356957945245493210186764728479914868701641675321081731418
3	3	6	6	1	4	-0.3535533905932737622004221810524245196424179688442370182941699345	0.6123724356957945245493210186764728479914868701641675321081731418
3	3	6	6	2	3	-0.3535533905932737622004221810524245196424179688442370182941699345	0.6123724356957945245493210186764728479914868701641675321081731418
3	3	6	6	2	4	0.3535533905932737622004221810524245196424179688442370182941699345	-0.6123724356957945245493210186764728479914868701641675321081731418
3	4	1	5	5	4	1.000000000000000000000000000000000000000000000000000000000000000	0
3	4	1	6	6	4	1.000000000000000000000000000000000000000000000000000000000000000	0
3	4	2	5	5	4	-1.000000000000000000000000000000000000000000000000000000000000000	0
3	4	2	6	6	4	-1.000000000000000000000000000000000000000000000000000000000000000	0
3	4	3	3	6	6	0.1736481776669303488517166267693147960003756771840693872362413781	-0.9848077530122080593667430245895230136706432517198424187900257524
3	4	3	4	5	5	0.	0
3	4	3	4	5	6	0.1736481776669303488517166267693147960003756771840693872362413781	0.9848077530122080593667430245895230136706432517198424187900257524
3	4	3	4	6	5	0.1736481776669303488517166267693147960003756771840693872362413781	0.9848077530122080593667430245895230136706432517198424187900257524
3	4	3	4	6	6	0.	0
3	4	3	5	5	5	-0.5000000000000000000000000000000000000000000000000000000000000000	-0.8660254037844386467637231707529361834714026269051903140279034897
3	4	4	3	5	1	-0.3535533905932737622004221810524245196424179688442370182941699345	-0.6123724356957945245493210186764728479914868701641675321081731418
3	4	4	3	5	2	-0.3535533905932737622004221810524245196424179688442370182941699345	-0.6123724356957945245493210186764728479914868701641675321081731418
3	4	4	3	6	1	-0.3535533905932737622004221810524245196424179688442370182941699345	-0.6123724356957945245493210186764728479914868701641675321081731418
3	4	4	3	6	2	0.3535533905932737622004221810524245196424179688442370182941699345	0.6123724356957945245493210186764728479914868701641675321081731418
3	4	4	5	6	4	1.000000000000000000000000000000000000000000000000000000000000000	0
3	4	4	6	5	4	-0.5000000000000000000000000000000000000000000000000000000000000000	0.8660254037844386467637231707529361834714026269051903140279034897
3	4	5	1	5	3	-0.5000000000000000000000000000000000000000000000000000000000000000	0.8660254037844386467637231707529361834714026269051903140279034897
3	4	5	2	5	3	0.5000000000000000000000000000000000000000000000000000000000000000	-0.8660254037844386467637231707529361834714026269051903140279034897
3	4	5	3	5	6	-0.9396926207859083840541092773247314699362081342644646330902866628	-0.3420201433256687330440996146822595807630833675141606284650484977
3	4	5	4	6	6	-0.5000000000000000000000000000000000000000000000000000000000000000	-0.8660254037844386467637231707529361834714026269051903140279034897
3	4	5	6	6	3	-0.5000000000000000000000000000000000000000000000000000000000000000	0.8660254037844386467637231707529361834714026269051903140279034897
3	4	6	1	6	3	-0.5000000000000000000000000000000000000000000000000000000000000000	0.8660254037844386467637231707529361834714026269051903140279034897
3	4	6	2	6	3	-0.5000000000000000000000000000000000000000000000000000000000000000	0.8660254037844386467637231707529361834714026269051903140279034897
3	4	6	4	5	5	-0.9396926207859083840541092773247314699362081342644646330902866628	-0.3420201433256687330440996146822595807630833675141606284650484977
3	4	6	5	6	5	-0.5000000000000000000000000000000000000000000000000000000000000000	-0.8660254037844386467637231707529361834714026269051903140279034897
3	4	6	6	5	3	-0.5000000000000000000000000000000000000000000000000000000000000000	0.8660254037844386467637231707529361834714026269051903140279034897
3	5	1	4	4	5	1.000000000000000000000000000000000000000000000000000000000000000	0
3	5	1	5	5	5	1.000000000000000000000000000000000000000000000000000000000000000	0
3	5	2	4	4	5	-1.000000000000000000000000000000000000000000000000000000000000000	0
3	5	2	5	5	5	-1.000000000000000000000000000000000000000000000000000000000000000	0
3	5	3	4	5	5	-0.5000000000000000000000000000000000000000000000000000000000000000	-0.8660254037844386467637231707529361834714026269051903140279034897
3	5	3	5	4	4	0.	0
3	5	3	5	4	5	-0.5000000000000000000000000000000000000000000000000000000000000000	0.8660254037844386467637231707529361834714026269051903140279034897
3	5	3	5	5	4	-0.5000000000000000000000000000000000000000000000000000000000000000	0.8660254037844386467637231707529361834714026269051903140279034897
3	5	3	5	5	5	0.	0
3	5	3	6	4	4	0.1736481776669303488517166267693147960003756771840693872362413781	-0.9848077530122080593667430245895230136706432517198424187900257524
3	5	4	1	4	3	1.000000000000000000000000000000000000000000000000000000000000000	0
3	5	4	2	4	3	-1.000000000000000000000000000000000000000000000000000000000000000	0
3	5	4	3	5	6	0.1736481776669303488517166267693147960003756771840693872362413781	-0.9848077530122080593667430245895230136706432517198424187900257524
3	5	4	4	4	6	-0.5000000000000000000000000000000000000000000000000000000000000000	-0.8660254037844386467637231707529361834714026269051903140279034897
3	5	4	6	5	3	0.1736481776669303488517166267693147960003756771840693872362413781	0.9848077530122080593667430245895230136706432517198424187900257524
3	5	5	1	5	3	-0.5000000000000000000000000000000000000000000000000000000000000000	0.8660254037844386467637231707529361834714026269051903140279034897
3	5	5	2	5	3	-0.5000000000000000000000000000000000000000000000000000000000000000	0.8660254037844386467637231707529361834714026269051903140279034897
3	5	5	3	4	1	-0.3535533905932737622004221810524245196424179688442370182941699345	0.6123724356957945245493210186764728479914868701641675321081731418
3	5	5	3	4	2	-0.3535533905932737622004221810524245196424179688442370182941699345	0.6123724356957945245493210186764728479914868701641675321081731418
3	5	5	3	5	1	-0.3535533905932737622004221810524245196424179688442370182941699345	0.6123724356957945245493210186764728479914868701641675321081731418
3	5	5	3	5	2	0.3535533905932737622004221810524245196424179688442370182941699345	-0.6123724356957945245493210186764728479914868701641675321081731418
3	5	5	6	4	3	-0.9396926207859083840541092773247314699362081342644646330902866628	0.3420201433256687330440996146822595807630833675141606284650484977
3	5	6	3	4	6	-0.5000000000000000000000000000000000000000000000000000000000000000	-0.8660254037844386467637231707529361834714026269051903140279034897
3	5	6	4	5	6	-0.5000000000000000000000000000000000000000000000000000000000000000	-0.8660254037844386467637231707529361834714026269051903140279034897
3	5	6	5	4	4	-0.9396926207859083840541092773247314699362081342644646330902866628	0.3420201433256687330440996146822595807630833675141606284650484977
3	5	6	6	5	4	-0.5000000000000000000000000000000000000000000000000000000000000000	0.8660254037844386467637231707529361834714026269051903140279034897
3	6	1	3	3	6	1.000000000000000000000000000000000000000000000000000000000000000	0
3	6	1	4	4	6	1.000000000000000000000000000000000000000000000000000000000000000	0
3	6	2	3	3	6	-1.000000000000000000000000000000000000000000000000000000000000000	0
3	6	2	4	4	6	-1.000000000000000000000000000000000000000000000000000000000000000	0
3	6	3	1	3	3	-0.5000000000000000000000000000000000000000000000000000000000000000	0.8660254037844386467637231707529361834714026269051903140279034897
3	6	3	2	3	3	0.5000000000000000000000000000000000000000000000000000000000000000	-0.8660254037844386467637231707529361834714026269051903140279034897
3	6	3	5	4	4	0.1736481776669303488517166267693147960003756771840693872362413781	-0.9848077530122080593667430245895230136706432517198424187900257524
3	6	3	6	3	3	0.	0
3	6	3	6	3	4	0.1736481776669303488517166267693147960003756771840693872362413781	0.9848077530122080593667430245895230136706432517198424187900257524
3	6	3	6	4	3	0.1736481776669303488517166267693147960003756771840693872362413781	0.9848077530122080593667430245895230136706432517198424187900257524
3	6	3	6	4	4	0.	0
3	6	4	1	4	3	1.000000000000000000000000000000000000000000000000000000000000000	0
3	6	4	2	4	3	1.000000000000000000000000000000000000000000000000000000000000000	0
3	6	4	4	4	5	1.000000000000000000000000000000000000000000000000000000000000000	0
3	6	4	5	3	5	0.1736481776669303488517166267693147960003756771840693872362413781	0.9848077530122080593667430245895230136706432517198424187900257524
3	6	4	6	3	3	-0.9396926207859083840541092773247314699362081342644646330902866628	0.3420201433256687330440996146822595807630833675141606284650484977
3	6	5	3	4	6	-0.5000000000000000000000000000000000000000000000000000000000000000	-0.8660254037844386467637231707529361834714026269051903140279034897
3	6	5	4	3	6	-0.5000000000000000000000000000000000000000000000000000000000000000	0.8660254037844386467637231707529361834714026269051903140279034897
3	6	5	5	3	4	-0.9396926207859083840541092773247314699362081342644646330902866628	0.3420201433256687330440996146822595807630833675141606284650484977
3	6	5	6	4	4	-0.5000000000000000000000000000000000000000000000000000000000000000	0.8660254037844386467637231707529361834714026269051903140279034897
3	6	6	3	3	1	-0.3535533905932737622004221810524245196424179688442370182941699345	0.6123724356957945245493210186764728479914868701641675321081731418
3	6	6	3	3	2	-0.3535533905932737622004221810524245196424179688442370182941699345	0.6123724356957945245493210186764728479914868701641675321081731418
3	6	6	3	4	1	-0.3535533905932737622004221810524245196424179688442370182941699345	0.6123724356957945245493210186764728479914868701641675321081731418
3	6	6	3	4	2	0.3535533905932737622004221810524245196424179688442370182941699345	-0.6123724356957945245493210186764728479914868701641675321081731418
3	6	6	4	3	5	-0.5000000000000000000000000000000000000000000000000000000000000000	0.8660254037844386467637231707529361834714026269051903140279034897
3	6	6	5	4	5	-0.5000000000000000000000000000000000000000000000000000000000000000	0.8660254037844386467637231707529361834714026269051903140279034897
4	1	1	4	4	1	1.000000000000000000000000000000000000000000000000000000000000000	0
4	1	2	4	4	2	1.000000000000000000000000000000000000000000000000000000000000000	0
4	1	3	5	4	3	1.000000000000000000000000000000000000000000000000000000000000000	0
4	1	3	6	4	3	1.000000000000000000000000000000000000000000000000000000000000000	0
4	1	4	1	4	4	1.000000000000000000000000000000000000000000000000000000000000000	0
4	1	4	2	4	4	1.000000000000000000000000000000000000000000000000000000000000000	0
4	1	4	4	4	4	1.000000000000000000000000000000000000000000000000000000000000000	0
4	1	5	3	4	5	1.000000000000000000000000000000000000000000000000000000000000000	0
4	1	5	6	4	5	1.000000000000000000000000000000000000000000000000000000000000000	0
4	1	6	3	4	6	1.000000000000000000000000000000000000000000000000000000000000000	0
4	1	6	5	4	6	1.000000000000000000000000000000000000000000000000000000000000000	0
4	2	1	4	4	2	1.000000000000000000000000000000000000000000000000000000000000000	0
4	2	2	4	4	1	-0.5000000000000000000000000000000000000000000000000000000000000000	0.8660254037844386467637231707529361834714026269051903140279034897
4	2	3	5	4	3	-1.000000000000000000000000000000000000000000000000000000000000000	0
4	2	3	6	4	3	1.000000000000000000000000000000000000000000000000000000000000000	0
4	2	4	1	4	4	1.000000000000000000000000000000000000000000000000000000000000000	0
4	2	4	2	4	4	1.000000000000000000000000000000000000000000000000000000000000000	0
4	2	4	4	4	4	-1.000000000000000000000000000000000000000000000000000000000000000	0
4	2	5	3	4	5	-1.000000000000000000000000000000000000000000000000000000000000000	0
4	2	5	6	4	5	1.000000000000000000000000000000000000000000000000000000000000000	0
4	2	6	3	4	6	-1.000000000000000000000000000000000000000000000000000000000000000	0
4	2	6	5	4	6	1.000000000000000000000000000000000000000000000000000000000000000	0
4	3	1	5	5	3	1.000000000000000000000000000000000000000000000000000000000000000	0
4	3	1	6	6	3	1.000000000000000000000000000000000000000000000000000000000000000	0
4	3	2	5	5	3	-1.000000000000000000000000000000000000000000000000000000000000000	0
4	3	2	6	6	3	1.000000000000000000000000000000000000000000000000000000000000000	0
4	3	3	3	6	6	-0.9396926207859083840541092773247314699362081342644646330902866628	-0.3420201433256687330440996146822595807630833675141606284650484977
4	3	3	4	5	1	-0.3535533905932737622004221810524245196424179688442370182941699345	0.6123724356957945245493210186764728479914868701641675321081731418
4	3	3	4	5	2	-0.3535533905932737622004221810524245196424179688442370182941699345	0.6123724356957945245493210186764728479914868701641675321081731418
4	3	3	4	6	1	-0.3535533905932737622004221810524245196424179688442370182941699345	0.6123724356957945245493210186764728479914868701641675321081731418
4	3	3	4	6	2	0.3535533905932737622004221810524245196424179688442370182941699345	-0.6123724356957945245493210186764728479914868701641675321081731418
4	3	3	5	5	6	0.1736481776669303488517166267693147960003756771840693872362413781	-0.9848077530122080593667430245895230136706432517198424187900257524
4	3	4	3	5	5	0.	0
4	3	4	3	5	6	0.7660444431189780352023926505554166739358324570803952458540452846	0.6427876096865393263226434099072634329075598842056817903249772547
4	3	4	3	6	5	0.7660444431189780352023926505554166739358324570803952458540452846	0.6427876096865393263226434099072634329075598842056817903249772547
4	3	4	3	6	6	0.	0
4	3	4	5	6	6	-0.5000000000000000000000000000000000000000000000000000000000000000	-0.8660254037844386467637231707529361834714026269051903140279034897
4	3	4	6	5	5	0.1736481776669303488517166267693147960003756771840693872362413781	-0.9848077530122080593667430245895230136706432517198424187900257524
4	3	5	1	5	4	-0.5000000000000000000000000000000000000000000000000000000000000000	-0.8660254037844386467637231707529361834714026269051903140279034897
4	3	5	2	5	4	0.5000000000000000000000000000000000000000000000000000000000000000	0.8660254037844386467637231707529361834714026269051903140279034897
4	3	5	3	5	5	-0.5000000000000000000000000000000000000000000000000000000000000000	-0.8660254037844386467637231707529361834714026269051903140279034897
4	3	5	4	6	4	-0.5000000000000000000000000000000000000000000000000000000000000000	-0.8660254037844386467637231707529361834714026269051903140279034897
4	3	5	6	6	5	-0.5000000000000000000000000000000000000000000000000000000000000000	-0.8660254037844386467637231707529361834714026269051903140279034897
4	3	6	1	6	4	-0.5000000000000000000000000000000000000000000000000000000000000000	-0.8660254037844386467637231707529361834714026269051903140279034897
4	3	6	2	6	4	0.5000000000000000000000000000000000000000000000000000000000000000	0.8660254037844386467637231707529361834714026269051903140279034897
4	3	6	4	5	4	-0.5000000000000000000000000000000000000000000000000000000000000000	0.8660254037844386467637231707529361834714026269051903140279034897
4	3	6	5	6	3	1.000000000000000000000000000000000000000000000000000000000000000	0
4	3	6	6	5	3	1.000000000000000000000000000000000000000000000000000000000000000	0
4	4	1	1	1	4	1.000000000000000000000000000000000000000000000000000000000000000	0
4	4	1	2	2	4	1.000000000000000000000000000000000000000000000000000000000000000	0
4	4	1	4	4	4	1.000000000000000000000000000000000000000000000000000000000000000	0
4	4	2	1	2	4	0.5000000000000000000000000000000000000000000000000000000000000000	0.8660254037844386467637231707529361834714026269051903140279034897
4	4	2	2	1	4	-1.000000000000000000000000000000000000000000000000000000000000000	0
4	4	2	4	4	4	-1.000000000000000000000000000000000000000000000000000000000000000	0
4	4	3	3	1	5	0.707106781186547524400844362104849039284835937688474036588339869	0
4	4	3	3	1	6	0.707106781186547524400844362104849039284835937688474036588339869	0
4	4	3	3	2	5	0.707106781186547524400844362104849039284835937688474036588339869	0
4	4	3	3	2	6	-0.707106781186547524400844362104849039284835937688474036588339869	0
4	4	3	5	4	6	-0.5000000000000000000000000000000000000000000000000000000000000000	-0.8660254037844386467637231707529361834714026269051903140279034897
4	4	3	6	4	5	1.000000000000000000000000000000000000000000000000000000000000000	0
4	4	4	1	4	4	-0.5000000000000000000000000000000000000000000000000000000000000000	0.8660254037844386467637231707529361834714026269051903140279034897
4	4	4	2	4	4	0.5000000000000000000000000000000000000000000000000000000000000000	-0.8660254037844386467637231707529361834714026269051903140279034897
4	4	4	4	1	1	0.500000000000000000000000000000000000000000000000000000000000000	0
4	4	4	4	1	2	-0.500000000000000000000000000000000000000000000000000000000000000	0
4	4	4	4	1	4	-0.3535533905932737622004221810524245196424179688442370182941699345	0.6123724356957945245493210186764728479914868701641675321081731418
4	4	4	4	2	1	-0.500000000000000000000000000000000000000000000000000000000000000	0
4	4	4	4	2	2	0.500000000000000000000000000000000000000000000000000000000000000	0
4	4	4	4	2	4	-0.3535533905932737622004221810524245196424179688442370182941699345	0.6123724356957945245493210186764728479914868701641675321081731418
4	4	4	4	4	1	-0.3535533905932737622004221810524245196424179688442370182941699345	0.6123724356957945245493210186764728479914868701641675321081731418
4	4	4	4	4	2	-0.3535533905932737622004221810524245196424179688442370182941699345	0.6123724356957945245493210186764728479914868701641675321081731418
4	4	4	4	4	4	0.	0
4	4	5	3	4	6	-0.5000000000000000000000000000000000000000000000000000000000000000	0.8660254037844386467637231707529361834714026269051903140279034897
4	4	5	5	1	3	0.707106781186547524400844362104849039284835937688474036588339869	0
4	4	5	5	1	6	0.707106781186547524400844362104849039284835937688474036588339869	0
4	4	5	5	2	3	0.707106781186547524400844362104849039284835937688474036588339869	0
4	4	5	5	2	6	-0.707106781186547524400844362104849039284835937688474036588339869	0
4	4	5	6	4	3	-0.5000000000000000000000000000000000000000000000000000000000000000	0.8660254037844386467637231707529361834714026269051903140279034897
4	4	6	3	4	5	1.000000000000000000000000000000000000000000000000000000000000000	0
4	4	6	5	4	3	-0.5000000000000000000000000000000000000000000000000000000000000000	-0.8660254037844386467637231707529361834714026269051903140279034897
4	4	6	6	1	3	0.707106781186547524400844362104849039284835937688474036588339869	0
4	4	6	6	1	5	0.707106781186547524400844362104849039284835937688474036588339869	0
4	4	6	6	2	3	0.707106781186547524400844362104849039284835937688474036588339869	0
4	4	6	6	2	5	-0.707106781186547524400844362104849039284835937688474036588339869	0
4	5	1	3	3	5	1.000000000000000000000000000000000000000000000000000000000000000	0
4	5	1	6	6	5	1.000000000000000000000000000000000000000000000000000000000000000	0
4	5	2	3	3	5	-1.000000000000000000000000000000000000000000000000000000000000000	0
4	5	2	6	6	5	-1.000000000000000000000000000000000000000000000000000000000000000	0
4	5	3	1	3	4	-0.5000000000000000000000000000000000000000000000000000000000000000	-0.8660254037844386467637231707529361834714026269051903140279034897
4	5	3	2	3	4	0.5000000000000000000000000000000000000000000000000000000000000000	0.8660254037844386467637231707529361834714026269051903140279034897
4	5	3	3	6	5	0.1736481776669303488517166267693147960003756771840693872362413781	-0.9848077530122080593667430245895230136706432517198424187900257524
4	5	3	4	6	4	1.000000000000000000000000000000000000000000000000000000000000000	0
4	5	3	6	3	5	0.1736481776669303488517166267693147960003756771840693872362413781	0.9848077530122080593667430245895230136706432517198424187900257524
4	5	4	3	6	6	-0.5000000000000000000000000000000000000000000000000000000000000000	-0.8660254037844386467637231707529361834714026269051903140279034897
4	5	4	5	3	3	0.	0
4	5	4	5	3	6	0.1736481776669303488517166267693147960003756771840693872362413781	0.9848077530122080593667430245895230136706432517198424187900257524
4	5	4	5	6	3	0.1736481776669303488517166267693147960003756771840693872362413781	0.9848077530122080593667430245895230136706432517198424187900257524
4	5	4	5	6	6	0.	0
4	5	4	6	3	3	0.7660444431189780352023926505554166739358324570803952458540452846	-0.6427876096865393263226434099072634329075598842056817903249772547
4	5	5	4	3	1	-0.3535533905932737622004221810524245196424179688442370182941699345	0.6123724356957945245493210186764728479914868701641675321081731418
4	5	5	4	3	2	-0.3535533905932737622004221810524245196424179688442370182941699345	0.6123724356957945245493210186764728479914868701641675321081731418
4	5	5	4	6	1	-0.3535533905932737622004221810524245196424179688442370182941699345	0.6123724356957945245493210186764728479914868701641675321081731418
4	5	5	4	6	2	0.3535533905932737622004221810524245196424179688442370182941699345	-0.6123724356957945245493210186764728479914868701641675321081731418
4	5	5	5	3	3	-0.5000000000000000000000000000000000000000000000000000000000000000	0.8660254037844386467637231707529361834714026269051903140279034897
4	5	5	6	6	3	-0.5000000000000000000000000000000000000000000000000000000000000000	0.8660254037844386467637231707529361834714026269051903140279034897
4	5	6	1	6	4	-0.5000000000000000000000000000000000000000000000000000000000000000	-0.8660254037844386467637231707529361834714026269051903140279034897
4	5	6	2	6	4	-0.5000000000000000000000000000000000000000000000000000000000000000	-0.8660254037844386467637231707529361834714026269051903140279034897
4	5	6	3	3	6	1.000000000000000000000000000000000000000000000000000000000000000	0
4	5	6	4	3	4	1.000000000000000000000000000000000000000000000000000000000000000	0
4	5	6	5	6	6	-0.5000000000000000000000000000000000000000000000000000000000000000	-0.8660254037844386467637231707529361834714026269051903140279034897
4	6	1	3	3	6	1.000000000000000000000000000000000000000000000000000000000000000	0
4	6	1	5	5	6	1.000000000000000000000000000000000000000000000000000000000000000	0
4	6	2	3	3	6	1.000000000000000000000000000000000000000000000000000000000000000	0
4	6	2	5	5	6	-1.000000000000000000000000000000000000000000000000000000000000000	0
4	6	3	1	3	4	-0.5000000000000000000000000000000000000000000000000000000000000000	-0.8660254037844386467637231707529361834714026269051903140279034897
4	6	3	2	3	4	-0.5000000000000000000000000000000000000000000000000000000000000000	-0.8660254037844386467637231707529361834714026269051903140279034897
4	6	3	4	5	4	-0.5000000000000000000000000000000000000000000000000000000000000000	0.8660254037844386467637231707529361834714026269051903140279034897
4	6	3	5	5	3	0.1736481776669303488517166267693147960003756771840693872362413781	0.9848077530122080593667430245895230136706432517198424187900257524
4	6	3	6	3	3	-0.9396926207859083840541092773247314699362081342644646330902866628	0.3420201433256687330440996146822595807630833675141606284650484977
4	6	4	3	5	5	0.1736481776669303488517166267693147960003756771840693872362413781	-0.9848077530122080593667430245895230136706432517198424187900257524
4	6	4	5	3	3	0.7660444431189780352023926505554166739358324570803952458540452846	-0.6427876096865393263226434099072634329075598842056817903249772547
4	6	4	6	3	3	0.	0
4	6	4	6	3	5	-0.5000000000000000000000000000000000000000000000000000000000000000	0.8660254037844386467637231707529361834714026269051903140279034897
4	6	4	6	5	3	-0.5000000000000000000000000000000000000000000000000000000000000000	0.8660254037844386467637231707529361834714026269051903140279034897
4	6	4	6	5	5	0.	0
4	6	5	1	5	4	-0.5000000000000000000000000000000000000000000000000000000000000000	-0.8660254037844386467637231707529361834714026269051903140279034897
4	6	5	2	5	4	-0.5000000000000000000000000000000000000000000000000000000000000000	-0.8660254037844386467637231707529361834714026269051903140279034897
4	6	5	3	5	6	-0.5000000000000000000000000000000000000000000000000000000000000000	-0.8660254037844386467637231707529361834714026269051903140279034897
4	6	5	4	3	4	-0.5000000000000000000000000000000000000000000000000000000000000000	-0.8660254037844386467637231707529361834714026269051903140279034897
4	6	5	5	3	6	-0.5000000000000000000000000000000000000000000000000000000000000000	0.8660254037844386467637231707529361834714026269051903140279034897
4	6	6	3	3	5	1.000000000000000000000000000000000000000000000000000000000000000	0
4	6	6	4	3	1	-0.3535533905932737622004221810524245196424179688442370182941699345	0.6123724356957945245493210186764728479914868701641675321081731418
4	6	6	4	3	2	-0.3535533905932737622004221810524245196424179688442370182941699345	0.6123724356957945245493210186764728479914868701641675321081731418
4	6	6	4	5	1	-0.3535533905932737622004221810524245196424179688442370182941699345	0.6123724356957945245493210186764728479914868701641675321081731418
4	6	6	4	5	2	0.3535533905932737622004221810524245196424179688442370182941699345	-0.6123724356957945245493210186764728479914868701641675321081731418
4	6	6	6	5	5	-0.5000000000000000000000000000000000000000000000000000000000000000	0.8660254037844386467637231707529361834714026269051903140279034897
5	1	1	5	5	1	1.000000000000000000000000000000000000000000000000000000000000000	0
5	1	2	5	5	2	1.000000000000000000000000000000000000000000000000000000000000000	0
5	1	3	4	5	3	1.000000000000000000000000000000000000000000000000000000000000000	0
5	1	3	5	5	3	1.000000000000000000000000000000000000000000000000000000000000000	0
5	1	4	3	5	4	1.000000000000000000000000000000000000000000000000000000000000000	0
5	1	4	6	5	4	1.000000000000000000000000000000000000000000000000000000000000000	0
5	1	5	1	5	5	1.000000000000000000000000000000000000000000000000000000000000000	0
5	1	5	2	5	5	1.000000000000000000000000000000000000000000000000000000000000000	0
5	1	5	3	5	5	1.000000000000000000000000000000000000000000000000000000000000000	0
5	1	6	4	5	6	1.000000000000000000000000000000000000000000000000000000000000000	0
5	1	6	6	5	6	1.000000000000000000000000000000000000000000000000000000000000000	0
5	2	1	5	5	2	1.000000000000000000000000000000000000000000000000000000000000000	0
5	2	2	5	5	1	-0.5000000000000000000000000000000000000000000000000000000000000000	0.8660254037844386467637231707529361834714026269051903140279034897
5	2	3	4	5	3	-1.000000000000000000000000000000000000000000000000000000000000000	0
5	2	3	5	5	3	1.000000000000000000000000000000000000000000000000000000000000000	0
5	2	4	3	5	4	-1.000000000000000000000000000000000000000000000000000000000000000	0
5	2	4	6	5	4	1.000000000000000000000000000000000000000000000000000000000000000	0
5	2	5	1	5	5	1.000000000000000000000000000000000000000000000000000000000000000	0
5	2	5	2	5	5	1.000000000000000000000000000000000000000000000000000000000000000	0
5	2	5	3	5	5	-1.000000000000000000000000000000000000000000000000000000000000000	0
5	2	6	4	5	6	-1.000000000000000000000000000000000000000000000000000000000000000	0
5	2	6	6	5	6	1.000000000000000000000000000000000000000000000000000000000000000	0
5	3	1	4	4	3	1.000000000000000000000000000000000000000000000000000000000000000	0
5	3	1	5	5	3	1.000000000000000000000000000000000000000000000000000000000000000	0
5	3	2	4	4	3	-1.000000000000000000000000000000000000000000000000000000000000000	0
5	3	2	5	5	3	1.000000000000000000000000000000000000000000000000000000000000000	0
5	3	3	4	5	6	-0.9396926207859083840541092773247314699362081342644646330902866628	-0.3420201433256687330440996146822595807630833675141606284650484977
5	3	3	5	4	1	-0.3535533905932737622004221810524245196424179688442370182941699345	0.6123724356957945245493210186764728479914868701641675321081731418
5	3	3	5	4	2	-0.3535533905932737622004221810524245196424179688442370182941699345	0.6123724356957945245493210186764728479914868701641675321081731418
5	3	3	5	5	1	-0.3535533905932737622004221810524245196424179688442370182941699345	0.6123724356957945245493210186764728479914868701641675321081731418
5	3	3	5	5	2	0.3535533905932737622004221810524245196424179688442370182941699345	-0.6123724356957945245493210186764728479914868701641675321081731418
5	3	3	6	4	6	-0.5000000000000000000000000000000000000000000000000000000000000000	-0.8660254037844386467637231707529361834714026269051903140279034897
5	3	4	1	4	5	1.000000000000000000000000000000000000000000000000000000000000000	0
5	3	4	2	4	5	-1.000000000000000000000000000000000000000000000000000000000000000	0
5	3	4	3	5	5	-0.5000000000000000000000000000000000000000000000000000000000000000	-0.8660254037844386467637231707529361834714026269051903140279034897
5	3	4	4	4	6	-0.5000000000000000000000000000000000000000000000000000000000000000	0.8660254037844386467637231707529361834714026269051903140279034897
5	3	4	6	5	6	-0.5000000000000000000000000000000000000000000000000000000000000000	-0.8660254037844386467637231707529361834714026269051903140279034897
5	3	5	1	5	5	-0.5000000000000000000000000000000000000000000000000000000000000000	0.8660254037844386467637231707529361834714026269051903140279034897
5	3	5	2	5	5	0.5000000000000000000000000000000000000000000000000000000000000000	-0.8660254037844386467637231707529361834714026269051903140279034897
5	3	5	3	4	4	0.	0
5	3	5	3	4	5	1.000000000000000000000000000000000000000000000000000000000000000	0
5	3	5	3	5	4	1.000000000000000000000000000000000000000000000000000000000000000	0
5	3	5	3	5	5	0.	0
5	3	5	6	4	4	0.7660444431189780352023926505554166739358324570803952458540452846	-0.6427876096865393263226434099072634329075598842056817903249772547
5	3	6	3	4	4	-0.9396926207859083840541092773247314699362081342644646330902866628	-0.3420201433256687330440996146822595807630833675141606284650484977
5	3	6	4	5	3	0.7660444431189780352023926505554166739358324570803952458540452846	0.6427876096865393263226434099072634329075598842056817903249772547
5	3	6	5	4	3	0.7660444431189780352023926505554166739358324570803952458540452846	-0.6427876096865393263226434099072634329075598842056817903249772547
5	3	6	6	5	4	1.000000000000000000000000000000000000000000000000000000000000000	0
5	4	1	3	3	4	1.000000000000000000000000000000000000000000000000000000000000000	0
5	4	1	6	6	4	1.000000000000000000000000000000000000000000000000000000000000000	0
5	4	2	3	3	4	-1.000000000000000000000000000000000000000000000000000000000000000	0
5	4	2	6	6	4	1.000000000000000000000000000000000000000000000000000000000000000	0
5	4	3	1	3	5	-0.5000000000000000000000000000000000000000000000000000000000000000	0.8660254037844386467637231707529361834714026269051903140279034897
5	4	3	2	3	5	0.5000000000000000000000000000000000000000000000000000000000000000	-0.8660254037844386467637231707529361834714026269051903140279034897
5	4	3	3	6	5	-0.9396926207859083840541092773247314699362081342644646330902866628	-0.3420201433256687330440996146822595807630833675141606284650484977
5	4	3	4	6	6	-0.5000000000000000000000000000000000000000000000000000000000000000	-0.8660254037844386467637231707529361834714026269051903140279034897
5	4	3	6	3	6	-0.5000000000000000000000000000000000000000000000000000000000000000	0.8660254037844386467637231707529361834714026269051903140279034897
5	4	4	3	6	4	-0.5000000000000000000000000000000000000000000000000000000000000000	-0.8660254037844386467637231707529361834714026269051903140279034897
5	4	4	5	3	1	-0.3535533905932737622004221810524245196424179688442370182941699345	-0.6123724356957945245493210186764728479914868701641675321081731418
5	4	4	5	3	2	-0.3535533905932737622004221810524245196424179688442370182941699345	-0.6123724356957945245493210186764728479914868701641675321081731418
5	4	4	5	6	1	-0.3535533905932737622004221810524245196424179688442370182941699345	-0.6123724356957945245493210186764728479914868701641675321081731418
5	4	4	5	6	2	0.3535533905932737622004221810524245196424179688442370182941699345	0.6123724356957945245493210186764728479914868701641675321081731418
5	4	4	6	3	4	-0.5000000000000000000000000000000000000000000000000000000000000000	-0.8660254037844386467637231707529361834714026269051903140279034897
5	4	5	4	3	3	0.	0
5	4	5	4	3	6	0.7660444431189780352023926505554166739358324570803952458540452846	0.6427876096865393263226434099072634329075598842056817903249772547
5	4	5	4	6	3	0.7660444431189780352023926505554166739358324570803952458540452846	0.6427876096865393263226434099072634329075598842056817903249772547
5	4	5	4	6	6	0.	0
5	4	5	5	3	3	1.000000000000000000000000000000000000000000000000000000000000000	0
5	4	5	6	6	6	-0.5000000000000000000000000000000000000000000000000000000000000000	-0.8660254037844386467637231707529361834714026269051903140279034897
5	4	6	1	6	5	-0.5000000000000000000000000000000000000000000000000000000000000000	0.8660254037844386467637231707529361834714026269051903140279034897
5	4	6	2	6	5	0.5000000000000000000000000000000000000000000000000000000000000000	-0.8660254037844386467637231707529361834714026269051903140279034897
5	4	6	3	3	5	0.7660444431189780352023926505554166739358324570803952458540452846	0.6427876096865393263226434099072634329075598842056817903249772547
5	4	6	4	3	3	-0.9396926207859083840541092773247314699362081342644646330902866628	0.3420201433256687330440996146822595807630833675141606284650484977
5	4	6	5	6	3	1.000000000000000000000000000000000000000000000000000000000000000	0
5	5	1	1	1	5	1.000000000000000000000000000000000000000000000000000000000000000	0
5	5	1	2	2	5	1.000000000000000000000000000000000000000000000000000000000000000	0
5	5	1	3	3	5	1.000000000000000000000000000000000000000000000000000000000000000	0
5	5	2	1	2	5	0.5000000000000000000000000000000000000000000000000000000000000000	0.8660254037844386467637231707529361834714026269051903140279034897
5	5	2	2	1	5	-1.000000000000000000000000000000000000000000000000000000000000000	0
5	5	2	3	3	5	1.000000000000000000000000000000000000000000000000000000000000000	0
5	5	3	1	3	5	-0.5000000000000000000000000000000000000000000000000000000000000000	0.8660254037844386467637231707529361834714026269051903140279034897
5	5	3	2	3	5	-0.5000000000000000000000000000000000000000000000000000000000000000	0.8660254037844386467637231707529361834714026269051903140279034897
5	5	3	3	1	4	-0.3535533905932737622004221810524245196424179688442370182941699345	0.6123724356957945245493210186764728479914868701641675321081731418
5	5	3	3	1	5	-0.3535533905932737622004221810524245196424179688442370182941699345	0.6123724356957945245493210186764728479914868701641675321081731418
5	5	3	3	2	4	-0.3535533905932737622004221810524245196424179688442370182941699345	0.6123724356957945245493210186764728479914868701641675321081731418
5	5	3	3	2	5	0.3535533905932737622004221810524245196424179688442370182941699345	-0.6123724356957945245493210186764728479914868701641675321081731418
5	5	3	6	3	4	-0.9396926207859083840541092773247314699362081342644646330902866628	0.3420201433256687330440996146822595807630833675141606284650484977
5	5	4	4	1	3	-0.3535533905932737622004221810524245196424179688442370182941699345	0.6123724356957945245493210186764728479914868701641675321081731418
5	5	4	4	1	6	-0.3535533905932737622004221810524245196424179688442370182941699345	0.6123724356957945245493210186764728479914868701641675321081731418
5	5	4	4	2	3	-0.3535533905932737622004221810524245196424179688442370182941699345	0.6123724356957945245493210186764728479914868701641675321081731418
5	5	4	4	2	6	0.3535533905932737622004221810524245196424179688442370182941699345	-0.6123724356957945245493210186764728479914868701641675321081731418
5	5	4	5	3	3	-0.5000000000000000000000000000000000000000000000000000000000000000	0.8660254037844386467637231707529361834714026269051903140279034897
5	5	4	6	3	6	-0.5000000000000000000000000000000000000000000000000000000000000000	0.8660254037844386467637231707529361834714026269051903140279034897
5	5	5	4	3	3	1.000000000000000000000000000000000000000000000000000000000000000	0
5	5	5	5	1	1	0.500000000000000000000000000000000000000000000000000000000000000	0
5	5	5	5	1	2	-0.500000000000000000000000000000000000000000000000000000000000000	0
5	5	5	5	1	3	-0.3535533905932737622004221810524245196424179688442370182941699345	0.6123724356957945245493210186764728479914868701641675321081731418
5	5	5	5	2	1	-0.500000000000000000000000000000000000000000000000000000000000000	0
5	5	5	5	2	2	0.500000000000000000000000000000000000000000000000000000000000000	0
5	5	5	5	2	3	-0.3535533905932737622004221810524245196424179688442370182941699345	0.6123724356957945245493210186764728479914868701641675321081731418
5	5	5	5	3	1	-0.3535533905932737622004221810524245196424179688442370182941699345	0.6123724356957945245493210186764728479914868701641675321081731418
5	5	5	5	3	2	-0.3535533905932737622004221810524245196424179688442370182941699345	0.6123724356957945245493210186764728479914868701641675321081731418
5	5	5	5	3	3	0.	0
5	5	6	3	3	4	0.7660444431189780352023926505554166739358324570803952458540452846	-0.6427876096865393263226434099072634329075598842056817903249772547
5	5	6	4	3	6	1.000000000000000000000000000000000000000000000000000000000000000	0
5	5	6	6	1	4	-0.3535533905932737622004221810524245196424179688442370182941699345	0.6123724356957945245493210186764728479914868701641675321081731418
5	5	6	6	1	6	-0.3535533905932737622004221810524245196424179688442370182941699345	0.6123724356957945245493210186764728479914868701641675321081731418
5	5	6	6	2	4	-0.3535533905932737622004221810524245196424179688442370182941699345	0.6123724356957945245493210186764728479914868701641675321081731418
5	5	6	6	2	6	0.3535533905932737622004221810524245196424179688442370182941699345	-0.6123724356957945245493210186764728479914868701641675321081731418
5	6	1	4	4	6	1.000000000000000000000000000000000000000000000000000000000000000	0
5	6	1	6	6	6	1.000000000000000000000000000000000000000000000000000000000000000	0
5	6	2	4	4	6	1.000000000000000000000000000000000000000000000000000000000000000	0
5	6	2	6	6	6	-1.000000000000000000000000000000000000000000000000000000000000000	0
5	6	3	3	6	4	-0.5000000000000000000000000000000000000000000000000000000000000000	-0.8660254037844386467637231707529361834714026269051903140279034897
5	6	3	4	6	3	-0.5000000000000000000000000000000000000000000000000000000000000000	0.8660254037844386467637231707529361834714026269051903140279034897
5	6	3	5	4	3	-0.9396926207859083840541092773247314699362081342644646330902866628	0.3420201433256687330440996146822595807630833675141606284650484977
5	6	3	6	4	4	-0.5000000000000000000000000000000000000000000000000000000000000000	0.8660254037844386467637231707529361834714026269051903140279034897
5	6	4	1	4	5	1.000000000000000000000000000000000000000000000000000000000000000	0
5	6	4	2	4	5	1.000000000000000000000000000000000000000000000000000000000000000	0
5	6	4	3	6	5	-0.5000000000000000000000000000000000000000000000000000000000000000	-0.8660254037844386467637231707529361834714026269051903140279034897
5	6	4	4	4	3	-0.5000000000000000000000000000000000000000000000000000000000000000	0.8660254037844386467637231707529361834714026269051903140279034897
5	6	4	5	6	3	-0.5000000000000000000000000000000000000000000000000000000000000000	0.8660254037844386467637231707529361834714026269051903140279034897
5	6	5	3	4	4	0.7660444431189780352023926505554166739358324570803952458540452846	-0.6427876096865393263226434099072634329075598842056817903249772547
5	6	5	4	6	6	-0.5000000000000000000000000000000000000000000000000000000000000000	-0.8660254037844386467637231707529361834714026269051903140279034897
5	6	5	6	4	4	0.	0
5	6	5	6	4	6	-0.5000000000000000000000000000000000000000000000000000000000000000	0.8660254037844386467637231707529361834714026269051903140279034897
5	6	5	6	6	4	-0.5000000000000000000000000000000000000000000000000000000000000000	0.8660254037844386467637231707529361834714026269051903140279034897
5	6	5	6	6	6	0.	0
5	6	6	1	6	5	-0.5000000000000000000000000000000000000000000000000000000000000000	0.8660254037844386467637231707529361834714026269051903140279034897
5	6	6	2	6	5	-0.5000000000000000000000000000000000000000000000000000000000000000	0.8660254037844386467637231707529361834714026269051903140279034897
5	6	6	3	4	5	1.000000000000000000000000000000000000000000000000000000000000000	0
5	6	6	5	4	1	-0.3535533905932737622004221810524245196424179688442370182941699345	0.6123724356957945245493210186764728479914868701641675321081731418
5	6	6	5	4	2	-0.3535533905932737622004221810524245196424179688442370182941699345	0.6123724356957945245493210186764728479914868701641675321081731418
5	6	6	5	6	1	-0.3535533905932737622004221810524245196424179688442370182941699345	0.6123724356957945245493210186764728479914868701641675321081731418
5	6	6	5	6	2	0.3535533905932737622004221810524245196424179688442370182941699345	-0.6123724356957945245493210186764728479914868701641675321081731418
6	1	1	6	6	1	1.000000000000000000000000000000000000000000000000000000000000000	0
6	1	2	6	6	2	1.000000000000000000000000000000000000000000000000000000000000000	0
6	1	3	3	6	3	1.000000000000000000000000000000000000000000000000000000000000000	0
6	1	3	4	6	3	1.000000000000000000000000000000000000000000000000000000000000000	0
6	1	4	3	6	4	1.000000000000000000000000000000000000000000000000000000000000000	0
6	1	4	5	6	4	1.000000000000000000000000000000000000000000000000000000000000000	0
6	1	5	4	6	5	1.000000000000000000000000000000000000000000000000000000000000000	0
6	1	5	6	6	5	1.000000000000000000000000000000000000000000000000000000000000000	0
6	1	6	1	6	6	1.000000000000000000000000000000000000000000000000000000000000000	0
6	1	6	2	6	6	1.000000000000000000000000000000000000000000000000000000000000000	0
6	1	6	5	6	6	1.000000000000000000000000000000000000000000000000000000000000000	0
6	2	1	6	6	2	1.000000000000000000000000000000000000000000000000000000000000000	0
6	2	2	6	6	1	-0.5000000000000000000000000000000000000000000000000000000000000000	0.8660254037844386467637231707529361834714026269051903140279034897
6	2	3	3	6	3	-1.000000000000000000000000000000000000000000000000000000000000000	0
6	2	3	4	6	3	1.000000000000000000000000000000000000000000000000000000000000000	0
6	2	4	3	6	4	-1.000000000000000000000000000000000000000000000000000000000000000	0
6	2	4	5	6	4	1.000000000000000000000000000000000000000000000000000000000000000	0
6	2	5	4	6	5	-1.000000000000000000000000000000000000000000000000000000000000000	0
6	2	5	6	6	5	1.000000000000000000000000000000000000000000000000000000000000000	0
6	2	6	1	6	6	1.000000000000000000000000000000000000000000000000000000000000000	0
6	2	6	2	6	6	1.000000000000000000000000000000000000000000000000000000000000000	0
6	2	6	5	6	6	-1.000000000000000000000000000000000000000000000000000000000000000	0
6	3	1	3	3	3	1.000000000000000000000000000000000000000000000000000000000000000	0
6	3	1	4	4	3	1.000000000000000000000000000000000000000000000000000000000000000	0
6	3	2	3	3	3	-1.000000000000000000000000000000000000000000000000000000000000000	0
6	3	2	4	4	3	1.000000000000000000000000000000000000000000000000000000000000000	0
6	3	3	1	3	6	-0.5000000000000000000000000000000000000000000000000000000000000000	0.8660254037844386467637231707529361834714026269051903140279034897
6	3	3	2	3	6	0.5000000000000000000000000000000000000000000000000000000000000000	-0.8660254037844386467637231707529361834714026269051903140279034897
6	3	3	5	4	6	-0.5000000000000000000000000000000000000000000000000000000000000000	-0.8660254037844386467637231707529361834714026269051903140279034897
6	3	3	6	3	1	-0.3535533905932737622004221810524245196424179688442370182941699345	0.6123724356957945245493210186764728479914868701641675321081731418
6	3	3	6	3	2	-0.3535533905932737622004221810524245196424179688442370182941699345	0.6123724356957945245493210186764728479914868701641675321081731418
6	3	3	6	4	1	-0.3535533905932737622004221810524245196424179688442370182941699345	0.6123724356957945245493210186764728479914868701641675321081731418
6	3	3	6	4	2	0.3535533905932737622004221810524245196424179688442370182941699345	-0.6123724356957945245493210186764728479914868701641675321081731418
6	3	4	1	4	6	1.000000000000000000000000000000000000000000000000000000000000000	0
6	3	4	2	4	6	-1.000000000000000000000000000000000000000000000000000000000000000	0
6	3	4	4	4	5	1.000000000000000000000000000000000000000000000000000000000000000	0
6	3	4	5	3	6	1.000000000000000000000000000000000000000000000000000000000000000	0
6	3	4	6	3	5	1.000000000000000000000000000000000000000000000000000000000000000	0
6	3	5	3	4	4	-0.9396926207859083840541092773247314699362081342644646330902866628	-0.3420201433256687330440996146822595807630833675141606284650484977
6	3	5	4	3	5	0.7660444431189780352023926505554166739358324570803952458540452846	0.6427876096865393263226434099072634329075598842056817903249772547
6	3	5	5	3	4	0.7660444431189780352023926505554166739358324570803952458540452846	-0.6427876096865393263226434099072634329075598842056817903249772547
6	3	5	6	4	5	1.000000000000000000000000000000000000000000000000000000000000000	0
6	3	6	3	3	3	0.	0
6	3	6	3	3	4	0.7660444431189780352023926505554166739358324570803952458540452846	0.6427876096865393263226434099072634329075598842056817903249772547
6	3	6	3	4	3	0.7660444431189780352023926505554166739358324570803952458540452846	0.6427876096865393263226434099072634329075598842056817903249772547
6	3	6	3	4	4	0.	0
6	3	6	4	3	3	0.7660444431189780352023926505554166739358324570803952458540452846	-0.6427876096865393263226434099072634329075598842056817903249772547
6	3	6	5	4	4	1.000000000000000000000000000000000000000000000000000000000000000	0
6	4	1	3	3	4	1.000000000000000000000000000000000000000000000000000000000000000	0
6	4	1	5	5	4	1.000000000000000000000000000000000000000000000000000000000000000	0
6	4	2	3	3	4	1.000000000000000000000000000000000000000000000000000000000000000	0
6	4	2	5	5	4	1.000000000000000000000000000000000000000000000000000000000000000	0
6	4	3	1	3	6	-0.5000000000000000000000000000000000000000000000000000000000000000	0.8660254037844386467637231707529361834714026269051903140279034897
6	4	3	2	3	6	-0.5000000000000000000000000000000000000000000000000000000000000000	0.8660254037844386467637231707529361834714026269051903140279034897
6	4	3	4	5	5	-0.9396926207859083840541092773247314699362081342644646330902866628	-0.3420201433256687330440996146822595807630833675141606284650484977
6	4	3	5	5	6	-0.5000000000000000000000000000000000000000000000000000000000000000	-0.8660254037844386467637231707529361834714026269051903140279034897
6	4	3	6	3	5	-0.5000000000000000000000000000000000000000000000000000000000000000	0.8660254037844386467637231707529361834714026269051903140279034897
6	4	4	3	5	4	-0.5000000000000000000000000000000000000000000000000000000000000000	0.8660254037844386467637231707529361834714026269051903140279034897
6	4	4	5	3	4	1.000000000000000000000000000000000000000000000000000000000000000	0
6	4	4	6	3	1	-0.3535533905932737622004221810524245196424179688442370182941699345	-0.6123724356957945245493210186764728479914868701641675321081731418
6	4	4	6	3	2	-0.3535533905932737622004221810524245196424179688442370182941699345	-0.6123724356957945245493210186764728479914868701641675321081731418
6	4	4	6	5	1	-0.3535533905932737622004221810524245196424179688442370182941699345	-0.6123724356957945245493210186764728479914868701641675321081731418
6	4	4	6	5	2	0.3535533905932737622004221810524245196424179688442370182941699345	0.6123724356957945245493210186764728479914868701641675321081731418
6	4	5	1	5	6	-0.5000000000000000000000000000000000000000000000000000000000000000	0.8660254037844386467637231707529361834714026269051903140279034897
6	4	5	2	5	6	0.5000000000000000000000000000000000000000000000000000000000000000	-0.8660254037844386467637231707529361834714026269051903140279034897
6	4	5	3	5	3	0.7660444431189780352023926505554166739358324570803952458540452846	0.6427876096865393263226434099072634329075598842056817903249772547
6	4	5	4	3	3	-0.9396926207859083840541092773247314699362081342644646330902866628	0.3420201433256687330440996146822595807630833675141606284650484977
6	4	5	5	3	6	1.000000000000000000000000000000000000000000000000000000000000000	0
6	4	6	3	3	3	0.7660444431189780352023926505554166739358324570803952458540452846	-0.6427876096865393263226434099072634329075598842056817903249772547
6	4	6	4	3	3	0.	0
6	4	6	4	3	5	1.000000000000000000000000000000000000000000000000000000000000000	0
6	4	6	4	5	3	1.000000000000000000000000000000000000000000000000000000000000000	0
6	4	6	4	5	5	0.	0
6	4	6	6	5	5	1.000000000000000000000000000000000000000000000000000000000000000	0
6	5	1	4	4	5	1.000000000000000000000000000000000000000000000000000000000000000	0
6	5	1	6	6	5	1.000000000000000000000000000000000000000000000000000000000000000	0
6	5	2	4	4	5	1.000000000000000000000000000000000000000000000000000000000000000	0
6	5	2	6	6	5	1.000000000000000000000000000000000000000000000000000000000000000	0
6	5	3	3	6	4	-0.5000000000000000000000000000000000000000000000000000000000000000	-0.8660254037844386467637231707529361834714026269051903140279034897
6	5	3	4	6	5	-0.5000000000000000000000000000000000000000000000000000000000000000	-0.8660254037844386467637231707529361834714026269051903140279034897
6	5	3	5	4	4	-0.9396926207859083840541092773247314699362081342644646330902866628	0.3420201433256687330440996146822595807630833675141606284650484977
6	5	3	6	4	5	-0.5000000000000000000000000000000000000000000000000000000000000000	0.8660254037844386467637231707529361834714026269051903140279034897
6	5	4	1	4	6	1.000000000000000000000000000000000000000000000000000000000000000	0
6	5	4	2	4	6	1.000000000000000000000000000000000000000000000000000000000000000	0
6	5	4	3	6	3	1.000000000000000000000000000000000000000000000000000000000000000	0
6	5	4	4	4	3	-0.5000000000000000000000000000000000000000000000000000000000000000	-0.8660254037844386467637231707529361834714026269051903140279034897
6	5	4	5	6	6	-0.5000000000000000000000000000000000000000000000000000000000000000	-0.8660254037844386467637231707529361834714026269051903140279034897
6	5	5	3	4	3	0.7660444431189780352023926505554166739358324570803952458540452846	-0.6427876096865393263226434099072634329075598842056817903249772547
6	5	5	4	6	3	1.000000000000000000000000000000000000000000000000000000000000000	0
6	5	5	6	4	1	-0.3535533905932737622004221810524245196424179688442370182941699345	0.6123724356957945245493210186764728479914868701641675321081731418
6	5	5	6	4	2	-0.3535533905932737622004221810524245196424179688442370182941699345	0.6123724356957945245493210186764728479914868701641675321081731418
6	5	5	6	6	1	-0.3535533905932737622004221810524245196424179688442370182941699345	0.6123724356957945245493210186764728479914868701641675321081731418
6	5	5	6	6	2	0.3535533905932737622004221810524245196424179688442370182941699345	-0.6123724356957945245493210186764728479914868701641675321081731418
6	5	6	1	6	6	-0.5000000000000000000000000000000000000000000000000000000000000000	0.8660254037844386467637231707529361834714026269051903140279034897
6	5	6	2	6	6	0.5000000000000000000000000000000000000000000000000000000000000000	-0.8660254037844386467637231707529361834714026269051903140279034897
6	5	6	3	4	4	1.000000000000000000000000000000000000000000000000000000000000000	0
6	5	6	5	4	4	0.	0
6	5	6	5	4	6	1.000000000000000000000000000000000000000000000000000000000000000	0
6	5	6	5	6	4	1.000000000000000000000000000000000000000000000000000000000000000	0
6	5	6	5	6	6	0.	0
6	6	1	1	1	6	1.000000000000000000000000000000000000000000000000000000000000000	0
6	6	1	2	2	6	1.000000000000000000000000000000000000000000000000000000000000000	0
6	6	1	5	5	6	1.000000000000000000000000000000000000000000000000000000000000000	0
6	6	2	1	2	6	0.5000000000000000000000000000000000000000000000000000000000000000	0.8660254037844386467637231707529361834714026269051903140279034897
6	6	2	2	1	6	-1.000000000000000000000000000000000000000000000000000000000000000	0
6	6	2	5	5	6	1.000000000000000000000000000000000000000000000000000000000000000	0
6	6	3	3	1	3	-0.3535533905932737622004221810524245196424179688442370182941699345	0.6123724356957945245493210186764728479914868701641675321081731418
6	6	3	3	1	4	-0.3535533905932737622004221810524245196424179688442370182941699345	0.6123724356957945245493210186764728479914868701641675321081731418
6	6	3	3	2	3	-0.3535533905932737622004221810524245196424179688442370182941699345	0.6123724356957945245493210186764728479914868701641675321081731418
6	6	3	3	2	4	0.3535533905932737622004221810524245196424179688442370182941699345	-0.6123724356957945245493210186764728479914868701641675321081731418
6	6	3	4	5	3	-0.5000000000000000000000000000000000000000000000000000000000000000	0.8660254037844386467637231707529361834714026269051903140279034897
6	6	3	5	5	4	-0.5000000000000000000000000000000000000000000000000000000000000000	0.8660254037844386467637231707529361834714026269051903140279034897
6	6	4	3	5	3	1.000000000000000000000000000000000000000000000000000000000000000	0
6	6	4	4	1	3	-0.3535533905932737622004221810524245196424179688442370182941699345	0.6123724356957945245493210186764728479914868701641675321081731418
6	6	4	4	1	5	-0.3535533905932737622004221810524245196424179688442370182941699345	0.6123724356957945245493210186764728479914868701641675321081731418
6	6	4	4	2	3	-0.3535533905932737622004221810524245196424179688442370182941699345	0.6123724356957945245493210186764728479914868701641675321081731418
6	6	4	4	2	5	0.3535533905932737622004221810524245196424179688442370182941699345	-0.6123724356957945245493210186764728479914868701641675321081731418
6	6	4	6	5	5	-0.5000000000000000000000000000000000000000000000000000000000000000	0.8660254037844386467637231707529361834714026269051903140279034897
6	6	5	1	5	6	-0.5000000000000000000000000000000000000000000000000000000000000000	0.8660254037844386467637231707529361834714026269051903140279034897
6	6	5	2	5	6	-0.5000000000000000000000000000000000000000000000000000000000000000	0.8660254037844386467637231707529361834714026269051903140279034897
6	6	5	3	5	4	1.000000000000000000000000000000000000000000000000000000000000000	0
6	6	5	5	1	4	-0.3535533905932737622004221810524245196424179688442370182941699345	0.6123724356957945245493210186764728479914868701641675321081731418
6	6	5	5	1	6	-0.3535533905932737622004221810524245196424179688442370182941699345	0.6123724356957945245493210186764728479914868701641675321081731418
6	6	5	5	2	4	-0.3535533905932737622004221810524245196424179688442370182941699345	0.6123724356957945245493210186764728479914868701641675321081731418
6	6	5	5	2	6	0.3535533905932737622004221810524245196424179688442370182941699345	-0.6123724356957945245493210186764728479914868701641675321081731418
6	6	6	4	5	5	1.000000000000000000000000000000000000000000000000000000000000000	0
6	6	6	6	1	1	0.500000000000000000000000000000000000000000000000000000000000000	0
6	6	6	6	1	2	-0.500000000000000000000000000000000000000000000000000000000000000	0
6	6	6	6	1	5	-0.3535533905932737622004221810524245196424179688442370182941699345	0.6123724356957945245493210186764728479914868701641675321081731418
6	6	6	6	2	1	-0.500000000000000000000000000000000000000000000000000000000000000	0
6	6	6	6	2	2	0.500000000000000000000000000000000000000000000000000000000000000	0
6	6	6	6	2	5	-0.3535533905932737622004221810524245196424179688442370182941699345	0.6123724356957945245493210186764728479914868701641675321081731418
6	6	6	6	5	1	-0.3535533905932737622004221810524245196424179688442370182941699345	0.6123724356957945245493210186764728479914868701641675321081731418
6	6	6	6	5	2	-0.3535533905932737622004221810524245196424179688442370182941699345	0.6123724356957945245493210186764728479914868701641675321081731418
6	6	6	6	5	5	0.	0