1	1	1	1.000000000000000000000000000000000000000000000000000000000000000	0
1	2	2	1.000000000000000000000000000000000000000000000000000000000000000	0
1	3	3	1.000000000000000000000000000000000000000000000000000000000000000	0
1	4	4	1.000000000000000000000000000000000000000000000000000000000000000	0
1	5	5	1.000000000000000000000000000000000000000000000000000000000000000	0
1	6	6	1.000000000000000000000000000000000000000000000000000000000000000	0
2	1	2	1.000000000000000000000000000000000000000000000000000000000000000	0
2	2	1	0.8854560256532098959003755220150988786054984163475349018024038087	-0.4647231720437685456560153351331047775577358653324689769540246850
2	2	3	0.3546048870425356259696378926000184743163554321137947534217393687	0.9350162426854148234397845998378307290505174695784318706963802701
2	3	2	-0.0360633362973815069205828934638230452548229398299158723814625769	-0.2970082957001969365097207759149013454963311861300409984297770091
2	3	4	-0.2239467253977817949799011588339220238668712492729071614471649056	0.1983994861970266567207701575336615019670282417116372112267616447
2	4	3	-0.2904958159861067310341592357199544679369060680166956239976757889	-0.0716007879439861580024591670420084631417683435358780348309120427
2	4	5	-0.0074373876604549919364952247962642192990892717206833244757335911	-0.0039034421644327954146094494303292410441600379669755078776674130
2	5	4	-0.0105269435836424348295237454163142195168159683026585961744842172	0.0152509107040409094284193734633144184122734697565898836164046276
2	5	6	0.0795640602552180057776610117239103098087351513805150692386587449	-0.6552689895500847854333228642211785585936630138851458273027550486
2	6	5	0.3749691599440482774626440297086750049557642874143511564131620360	0.5432366127583263565731556878227298201982132373942877624333775031
2	6	6	0.5039556756747269075763289022474526181540431883564190400555989218	-0.1242139180031430196171183087003921813088638448765430277592700731
3	1	3	1.000000000000000000000000000000000000000000000000000000000000000	0
3	2	2	-0.4028770706948962246451747171662726027163725532854854191079820249	-3.3179911907503416577939728052993360000232406605790301494517844727
3	2	4	-2.5017929560367262970877199057088696315390080899727437369683089665	2.2163951545501964962365188374295544149769598474479905919291909874
3	3	1	-0.9709418174260520271569822762937892272498651057390035885876445265	0.2393156642875577671487537262602118952031730227383060133551597187
3	3	3	-0.1205366802553230533490676874525435822736811592275714047969488240	-0.9927088740980539928007516494925201793436756329701668557709975605
3	3	5	0.1205366802553230533490676874525435822736811592275714047969488240	-0.9927088740980539928007516494925201793436756329701668557709975605
3	4	2	0.8854560256532098959003755220150988786054984163475349018024038087	0.4647231720437685456560153351331047775577358653324689769540246850
3	4	4	0.8854560256532098959003755220150988786054984163475349018024038087	7.2923864538796093720498936660061031347057856706930264179043584548
3	4	6	-0.1171527144033135934294741877524849986255713948898812639393527242	-0.1697250082043975982211342260531381886886079398825930499439948359
3	5	3	0.1613430526269223104525936597365441715737066877452412501540946592	0.4254266660248375458269325169629170783696957680273092386135936430
3	5	5	1.9535207723843656984121830811426155031389909688010530712820663103	16.0886910305894501251122918149360027934841733596288513874504681291
3	5	6	-0.9709418174260520271569822762937892272498651057390035885876445265	-0.2393156642875577671487537262602118952031730227383060133551597187
3	6	4	-0.3546048870425356259696378926000184743163554321137947534217393687	0.9350162426854148234397845998378307290505174695784318706963802701
3	6	5	1.4354708296105545192224616747215342663002688569821979648735547022	-0.7533932098104962256519979232323082841405026102318608424158378419
3	6	6	-0.2485107481711010986346305997013513838464515901758261340696312391	-2.0466701463457988980153846113764162262883519075653975419851961515
4	1	4	1.000000000000000000000000000000000000000000000000000000000000000	0
4	2	3	-3.2452378345844812788773268200240455681089717027717635330500482437	-0.7998792864989050682077354215304798513116931301720235613325668159
4	2	5	-105.4177097066382705369951062882109601493311034029863237430983563948	-55.3274821392938712367517535723695974588686971680719236998685669758
4	3	2	0.8854560256532098959003755220150988786054984163475349018024038087	0.4647231720437685456560153351331047775577358653324689769540246850
4	3	4	0.0164085972267857439166772348612039124853656669441373629358237456	0.1351369561865097552320491783073508777388243394064083093638134542
4	3	6	-2.7545034540796340478840738091689938447256311657509324406689838719	-3.9905871897534473877131216769680526945272105445036057622985691154
4	4	1	-0.7485107481711010986346305997013513838464515901758261340696312391	-0.6631226582407952023767854926667662795247641070441061881807863297
4	4	3	0.7485107481711010986346305997013513838464515901758261340696312391	-0.6631226582407952023767854926667662795247641070441061881807863297
4	4	5	0.8854560256532098959003755220150988786054984163475349018024038087	-0.4647231720437685456560153351331047775577358653324689769540246850
4	4	6	-0.1205366802553230533490676874525435822736811592275714047969488240	-0.9927088740980539928007516494925201793436756329701668557709975605
4	5	2	2.1421221993708445542730583277226757099461646804821426455586776359	0.5279857020542854471447363143594154017859397676376978788169728755
4	5	4	-0.7823403904395731712961070297137290204426913940579140143110332009	-2.0628620729699785714725854276377017861330174419550070358311912848
4	5	5	-0.4825789549583136712552008048488262758891258630620494826944217838	1.2724561272333840308072133851091723498005300886634528991646227820
4	5	6	0.8009826816952683494718907280263783415866401969498793693869175616	0.7096087349292040449325229909649378466959546269842689070975153037
4	6	3	4.7080242264639997462962568903116093478646221345519855119510501822	-1.1604237504416256019470462087107236114050803121725948342952452364
4	6	4	46.2534097935204980220091674301681224024394118817035382966319858164	-40.9769453944687279520544120586212973525342361873731068852687505249
4	6	5	0.136129493462311605023615118255033249066985104907036338959325003	0
4	6	6	-0.7823403904395731712961070297137290204426913940579140143110332009	2.0628620729699785714725854276377017861330174419550070358311912848
5	1	5	1.000000000000000000000000000000000000000000000000000000000000000	0
5	2	4	-30.6544396210277198483870855806920525134416371839521591321355918216	44.4106228582014127428558029461473065636641338737893567094166487262
5	2	6	0.1826087210779459066114320371124177459279941361059832676772586928	-1.5039181228302313810125044829237965240726020182427985516417512195
5	3	3	0.7793618867817753685653682291164317881355945744095662824502956792	2.0550084042792681545291227991921140652019163487960466749531600037
5	3	5	0.0074373876604549919364952247962642192990892717206833244757335911	0.0612523981496909124138813123913758676010006416250638304432010305
5	3	6	-0.9709418174260520271569822762937892272498651057390035885876445265	-0.2393156642875577671487537262602118952031730227383060133551597187
5	4	2	0.4400906788153777572262446468787088229607221215052634402069800864	0.1084726100547066858072529136617623210876072982575292195007938055
5	4	4	-0.1607287920336023886608764177622770348251275470956971577566844072	-0.4238069939532374352280317664065543843215910843058001748256266111
5	4	5	-0.2605679850363793285749087966547901598059941264195749338787902145	0.6870613103073230054918087028446266844134393065557270198263775513
5	4	6	0.6994762220599596812856331327433887289566642388182458928400390321	0.6196818587868840740190057470930386658165336835301609153715474645
5	5	1	-0.7485107481711010986346305997013513838464515901758261340696312391	0.6631226582407952023767854926667662795247641070441061881807863297
5	5	3	-0.5680647467311558025118075591275166245334925524535181694796625016	-0.8229838658936563945796174234393819906550676930875738058270027246
5	5	4	0.8854560256532098959003755220150988786054984163475349018024038087	0.4647231720437685456560153351331047775577358653324689769540246850
5	5	5	-0.3546048870425356259696378926000184743163554321137947534217393687	-0.9350162426854148234397845998378307290505174695784318706963802701
5	5	6	-1.000000000000000000000000000000000000000000000000000000000000000	0
5	6	2	-0.7485107481711010986346305997013513838464515901758261340696312391	-0.6631226582407952023767854926667662795247641070441061881807863297
5	6	3	0.9209270134687074038348961235873538395550946651043405255164936330	-1.3341931146258337827913702568706583353839940783602055016977563836
5	6	4	0.0153336790761380146305143103622955091414829792094919111784237759	-0.1262842087504864698633544804794105749803775163686477771347559707
5	6	5	43.2233744389296209443205596048117562438423306187344705770247689428	-38.2925683112947759613944476062392460532120386954130681755638302602
5	6	6	1.2634746636459647998642558192339335379119075609743864791290740263	3.3315088874924627679595260064080829502927522637645171915762990969
6	1	6	1.000000000000000000000000000000000000000000000000000000000000000	0
6	2	5	0.8605975929510685752190811020676609351955350076889010600210920014	1.2467908598468938298076491898459363749766587773933739806526293356
6	2	6	1.8706566040047522084017091841722752116529638135613849498110721415	-0.4610754422217475089219694951699045739925206881179369432928441882
6	3	4	-0.3546048870425356259696378926000184743163554321137947534217393687	0.9350162426854148234397845998378307290505174695784318706963802701
6	3	5	0.5461848176868122845612519397773759134306259634432320595590882160	-0.2866599059059016909211429212642687499555634842192267940420659968
6	3	6	-0.0584646394327002000867033377926694186193681823491595419166389552	-0.4814996253658766045889988160612438346147492476975351599002439015
6	4	3	0.2002385645187404999590937751350972554464344690041354683833885829	-0.0493543734791699128472288618389916113795937221610858521066534382
6	4	4	0.0121130170214207179256277449334748866205839576431560564779824285	-0.0107311966677656661419883489294164231724890278139375210616312305
6	4	5	7.345946675963037648407591914275512228470615329431765587878684152	0
6	4	6	-0.1607287920336023886608764177622770348251275470956971577566844072	0.4238069939532374352280317664065543843215910843058001748256266111
6	5	2	-0.7485107481711010986346305997013513838464515901758261340696312391	-0.6631226582407952023767854926667662795247641070441061881807863297
6	5	3	0.3504051371707289738079145888412456449761839465114321837906957025	-0.5076494819951256451588385706945899274210839070393028505021699190
6	5	4	0.9475280664758327491627398716749730422598113932259467646827136776	-7.8035957026117867602616464994373794794347120559656581137751121138
6	5	5	0.0129621610390291395390427709522067371188816848656149246905821468	-0.0114834726231365166172030458368851716064090375606344960857454730
6	5	6	0.0995228709625190000818124497298054891071310619917290632332228342	0.2624202436823090935206357281691140345465475856538562578495956274
6	6	1	0.1205366802553230533490676874525435822736811592275714047969488240	-0.9927088740980539928007516494925201793436756329701668557709975605
6	6	2	0.3546048870425356259696378926000184743163554321137947534217393687	-0.9350162426854148234397845998378307290505174695784318706963802701
6	6	3	0.9709418174260520271569822762937892272498651057390035885876445265	0.2393156642875577671487537262602118952031730227383060133551597187
6	6	4	-0.9709418174260520271569822762937892272498651057390035885876445265	0.2393156642875577671487537262602118952031730227383060133551597187
6	6	5	0.8854560256532098959003755220150988786054984163475349018024038087	0.4647231720437685456560153351331047775577358653324689769540246850
6	6	6	0.7485107481711010986346305997013513838464515901758261340696312391	-0.6631226582407952023767854926667662795247641070441061881807863297