1	1	1	1.000000000000000000000000000000000000000000000000000000000000000	0
1	2	2	1.000000000000000000000000000000000000000000000000000000000000000	0
1	3	3	1.000000000000000000000000000000000000000000000000000000000000000	0
1	4	4	1.000000000000000000000000000000000000000000000000000000000000000	0
1	5	5	1.000000000000000000000000000000000000000000000000000000000000000	0
1	6	6	1.000000000000000000000000000000000000000000000000000000000000000	0
2	1	2	1.000000000000000000000000000000000000000000000000000000000000000	0
2	2	3	1.000000000000000000000000000000000000000000000000000000000000000	0
2	3	1	1.000000000000000000000000000000000000000000000000000000000000000	0
2	4	6	1.000000000000000000000000000000000000000000000000000000000000000	0
2	5	4	1.000000000000000000000000000000000000000000000000000000000000000	0
2	6	5	1.000000000000000000000000000000000000000000000000000000000000000	0
3	1	3	1.000000000000000000000000000000000000000000000000000000000000000	0
3	2	1	1.000000000000000000000000000000000000000000000000000000000000000	0
3	3	2	1.000000000000000000000000000000000000000000000000000000000000000	0
3	4	5	1.000000000000000000000000000000000000000000000000000000000000000	0
3	5	6	1.000000000000000000000000000000000000000000000000000000000000000	0
3	6	4	1.000000000000000000000000000000000000000000000000000000000000000	0
4	1	4	1.000000000000000000000000000000000000000000000000000000000000000	0
4	2	6	1.000000000000000000000000000000000000000000000000000000000000000	0
4	3	5	1.000000000000000000000000000000000000000000000000000000000000000	0
4	4	1	-0.8090169943749474241022934171828190588601545899028814310677243114	0.5877852522924731291687059546390727685976524376431459910722724808
4	4	4	-0.3090169943749474241022934171828190588601545899028814310677243114	-0.9510565162951535721164393333793821434056986341257502224473056444
4	5	3	-0.8090169943749474241022934171828190588601545899028814310677243114	0.5877852522924731291687059546390727685976524376431459910722724808
4	5	5	-0.3090169943749474241022934171828190588601545899028814310677243114	-0.9510565162951535721164393333793821434056986341257502224473056444
4	6	2	-0.8090169943749474241022934171828190588601545899028814310677243114	0.5877852522924731291687059546390727685976524376431459910722724808
4	6	6	-0.3090169943749474241022934171828190588601545899028814310677243114	-0.9510565162951535721164393333793821434056986341257502224473056444
5	1	5	1.000000000000000000000000000000000000000000000000000000000000000	0
5	2	4	1.000000000000000000000000000000000000000000000000000000000000000	0
5	3	6	1.000000000000000000000000000000000000000000000000000000000000000	0
5	4	3	-0.8090169943749474241022934171828190588601545899028814310677243114	0.5877852522924731291687059546390727685976524376431459910722724808
5	4	5	-0.3090169943749474241022934171828190588601545899028814310677243114	-0.9510565162951535721164393333793821434056986341257502224473056444
5	5	2	-0.8090169943749474241022934171828190588601545899028814310677243114	0.5877852522924731291687059546390727685976524376431459910722724808
5	5	6	-0.3090169943749474241022934171828190588601545899028814310677243114	-0.9510565162951535721164393333793821434056986341257502224473056444
5	6	1	-0.8090169943749474241022934171828190588601545899028814310677243114	0.5877852522924731291687059546390727685976524376431459910722724808
5	6	4	-0.3090169943749474241022934171828190588601545899028814310677243114	-0.9510565162951535721164393333793821434056986341257502224473056444
6	1	6	1.000000000000000000000000000000000000000000000000000000000000000	0
6	2	5	1.000000000000000000000000000000000000000000000000000000000000000	0
6	3	4	1.000000000000000000000000000000000000000000000000000000000000000	0
6	4	2	-0.8090169943749474241022934171828190588601545899028814310677243114	0.5877852522924731291687059546390727685976524376431459910722724808
6	4	6	-0.3090169943749474241022934171828190588601545899028814310677243114	-0.9510565162951535721164393333793821434056986341257502224473056444
6	5	1	-0.8090169943749474241022934171828190588601545899028814310677243114	0.5877852522924731291687059546390727685976524376431459910722724808
6	5	4	-0.3090169943749474241022934171828190588601545899028814310677243114	-0.9510565162951535721164393333793821434056986341257502224473056444
6	6	3	-0.8090169943749474241022934171828190588601545899028814310677243114	0.5877852522924731291687059546390727685976524376431459910722724808
6	6	5	-0.3090169943749474241022934171828190588601545899028814310677243114	-0.9510565162951535721164393333793821434056986341257502224473056444