1	1	1	1.000000000000000000000000000000000000000000000000000000000000000	0
1	2	2	1.000000000000000000000000000000000000000000000000000000000000000	0
1	3	3	1.000000000000000000000000000000000000000000000000000000000000000	0
1	4	4	1.000000000000000000000000000000000000000000000000000000000000000	0
1	5	5	1.000000000000000000000000000000000000000000000000000000000000000	0
1	6	6	1.000000000000000000000000000000000000000000000000000000000000000	0
2	1	2	1.000000000000000000000000000000000000000000000000000000000000000	0
2	2	1	1.000000000000000000000000000000000000000000000000000000000000000	0
2	3	3	-1.000000000000000000000000000000000000000000000000000000000000000	0
2	4	4	-1.000000000000000000000000000000000000000000000000000000000000000	0
2	5	5	-1.000000000000000000000000000000000000000000000000000000000000000	0
2	6	6	-1.000000000000000000000000000000000000000000000000000000000000000	0
3	1	3	1.000000000000000000000000000000000000000000000000000000000000000	0
3	2	3	-1.000000000000000000000000000000000000000000000000000000000000000	0
3	3	1	-0.9396926207859083840541092773247314699362081342644646330902866628	-0.3420201433256687330440996146822595807630833675141606284650484977
3	3	2	0.9396926207859083840541092773247314699362081342644646330902866628	0.3420201433256687330440996146822595807630833675141606284650484977
3	3	6	-0.9396926207859083840541092773247314699362081342644646330902866628	0.3420201433256687330440996146822595807630833675141606284650484977
3	4	5	-0.5000000000000000000000000000000000000000000000000000000000000000	0.8660254037844386467637231707529361834714026269051903140279034897
3	4	6	0.5000000000000000000000000000000000000000000000000000000000000000	0.8660254037844386467637231707529361834714026269051903140279034897
3	5	4	0.1736481776669303488517166267693147960003756771840693872362413781	0.9848077530122080593667430245895230136706432517198424187900257524
3	5	5	0.1736481776669303488517166267693147960003756771840693872362413781	-0.9848077530122080593667430245895230136706432517198424187900257524
3	6	3	0.7660444431189780352023926505554166739358324570803952458540452846	0.6427876096865393263226434099072634329075598842056817903249772547
3	6	4	-0.7660444431189780352023926505554166739358324570803952458540452846	0.6427876096865393263226434099072634329075598842056817903249772547
4	1	4	1.000000000000000000000000000000000000000000000000000000000000000	0
4	2	4	-1.000000000000000000000000000000000000000000000000000000000000000	0
4	3	5	-0.5000000000000000000000000000000000000000000000000000000000000000	0.8660254037844386467637231707529361834714026269051903140279034897
4	3	6	0.5000000000000000000000000000000000000000000000000000000000000000	0.8660254037844386467637231707529361834714026269051903140279034897
4	4	1	1.000000000000000000000000000000000000000000000000000000000000000	0
4	4	2	-1.000000000000000000000000000000000000000000000000000000000000000	0
4	4	4	1.000000000000000000000000000000000000000000000000000000000000000	0
4	5	3	-0.5000000000000000000000000000000000000000000000000000000000000000	-0.8660254037844386467637231707529361834714026269051903140279034897
4	5	6	-0.5000000000000000000000000000000000000000000000000000000000000000	0.8660254037844386467637231707529361834714026269051903140279034897
4	6	3	0.5000000000000000000000000000000000000000000000000000000000000000	-0.8660254037844386467637231707529361834714026269051903140279034897
4	6	5	-0.5000000000000000000000000000000000000000000000000000000000000000	-0.8660254037844386467637231707529361834714026269051903140279034897
5	1	5	1.000000000000000000000000000000000000000000000000000000000000000	0
5	2	5	-1.000000000000000000000000000000000000000000000000000000000000000	0
5	3	4	0.1736481776669303488517166267693147960003756771840693872362413781	0.9848077530122080593667430245895230136706432517198424187900257524
5	3	5	0.1736481776669303488517166267693147960003756771840693872362413781	-0.9848077530122080593667430245895230136706432517198424187900257524
5	4	3	-0.5000000000000000000000000000000000000000000000000000000000000000	-0.8660254037844386467637231707529361834714026269051903140279034897
5	4	6	-0.5000000000000000000000000000000000000000000000000000000000000000	0.8660254037844386467637231707529361834714026269051903140279034897
5	5	1	0.7660444431189780352023926505554166739358324570803952458540452846	-0.6427876096865393263226434099072634329075598842056817903249772547
5	5	2	-0.7660444431189780352023926505554166739358324570803952458540452846	0.6427876096865393263226434099072634329075598842056817903249772547
5	5	3	0.7660444431189780352023926505554166739358324570803952458540452846	0.6427876096865393263226434099072634329075598842056817903249772547
5	6	4	-0.9396926207859083840541092773247314699362081342644646330902866628	-0.3420201433256687330440996146822595807630833675141606284650484977
5	6	6	-0.9396926207859083840541092773247314699362081342644646330902866628	0.3420201433256687330440996146822595807630833675141606284650484977
6	1	6	1.000000000000000000000000000000000000000000000000000000000000000	0
6	2	6	-1.000000000000000000000000000000000000000000000000000000000000000	0
6	3	3	0.7660444431189780352023926505554166739358324570803952458540452846	0.6427876096865393263226434099072634329075598842056817903249772547
6	3	4	-0.7660444431189780352023926505554166739358324570803952458540452846	0.6427876096865393263226434099072634329075598842056817903249772547
6	4	3	0.5000000000000000000000000000000000000000000000000000000000000000	-0.8660254037844386467637231707529361834714026269051903140279034897
6	4	5	-0.5000000000000000000000000000000000000000000000000000000000000000	-0.8660254037844386467637231707529361834714026269051903140279034897
6	5	4	-0.9396926207859083840541092773247314699362081342644646330902866628	-0.3420201433256687330440996146822595807630833675141606284650484977
6	5	6	-0.9396926207859083840541092773247314699362081342644646330902866628	0.3420201433256687330440996146822595807630833675141606284650484977
6	6	1	0.1736481776669303488517166267693147960003756771840693872362413781	0.9848077530122080593667430245895230136706432517198424187900257524
6	6	2	-0.1736481776669303488517166267693147960003756771840693872362413781	-0.9848077530122080593667430245895230136706432517198424187900257524
6	6	5	0.1736481776669303488517166267693147960003756771840693872362413781	-0.9848077530122080593667430245895230136706432517198424187900257524