1	1	1	1	1	1	1.000000000000000000000000000000000000000000000000000000000000000	0
1	1	2	2	1	2	1.000000000000000000000000000000000000000000000000000000000000000	0
1	1	3	3	1	3	1.000000000000000000000000000000000000000000000000000000000000000	0
1	1	4	4	1	4	1.000000000000000000000000000000000000000000000000000000000000000	0
1	1	5	5	1	5	1.000000000000000000000000000000000000000000000000000000000000000	0
1	2	1	2	2	2	1.000000000000000000000000000000000000000000000000000000000000000	0
1	2	2	1	2	1	1.000000000000000000000000000000000000000000000000000000000000000	0
1	2	3	3	2	3	1.000000000000000000000000000000000000000000000000000000000000000	0
1	2	4	4	2	4	1.000000000000000000000000000000000000000000000000000000000000000	0
1	2	5	5	2	5	1.000000000000000000000000000000000000000000000000000000000000000	0
1	3	1	3	3	3	1.000000000000000000000000000000000000000000000000000000000000000	0
1	3	2	3	3	3	1.000000000000000000000000000000000000000000000000000000000000000	0
1	3	3	1	3	1	1.000000000000000000000000000000000000000000000000000000000000000	0
1	3	3	2	3	2	1.000000000000000000000000000000000000000000000000000000000000000	0
1	3	3	5	3	5	1.000000000000000000000000000000000000000000000000000000000000000	0
1	3	4	4	3	4	1.000000000000000000000000000000000000000000000000000000000000000	0
1	3	4	5	3	5	1.000000000000000000000000000000000000000000000000000000000000000	0
1	3	5	3	3	3	1.000000000000000000000000000000000000000000000000000000000000000	0
1	3	5	4	3	4	1.000000000000000000000000000000000000000000000000000000000000000	0
1	4	1	4	4	4	1.000000000000000000000000000000000000000000000000000000000000000	0
1	4	2	4	4	4	1.000000000000000000000000000000000000000000000000000000000000000	0
1	4	3	4	4	4	1.000000000000000000000000000000000000000000000000000000000000000	0
1	4	3	5	4	5	1.000000000000000000000000000000000000000000000000000000000000000	0
1	4	4	1	4	1	1.000000000000000000000000000000000000000000000000000000000000000	0
1	4	4	2	4	2	1.000000000000000000000000000000000000000000000000000000000000000	0
1	4	4	3	4	3	1.000000000000000000000000000000000000000000000000000000000000000	0
1	4	5	3	4	3	1.000000000000000000000000000000000000000000000000000000000000000	0
1	4	5	5	4	5	1.000000000000000000000000000000000000000000000000000000000000000	0
1	5	1	5	5	5	1.000000000000000000000000000000000000000000000000000000000000000	0
1	5	2	5	5	5	1.000000000000000000000000000000000000000000000000000000000000000	0
1	5	3	3	5	3	1.000000000000000000000000000000000000000000000000000000000000000	0
1	5	3	4	5	4	1.000000000000000000000000000000000000000000000000000000000000000	0
1	5	4	3	5	3	1.000000000000000000000000000000000000000000000000000000000000000	0
1	5	4	5	5	5	1.000000000000000000000000000000000000000000000000000000000000000	0
1	5	5	1	5	1	1.000000000000000000000000000000000000000000000000000000000000000	0
1	5	5	2	5	2	1.000000000000000000000000000000000000000000000000000000000000000	0
1	5	5	4	5	4	1.000000000000000000000000000000000000000000000000000000000000000	0
2	1	1	2	2	1	1.000000000000000000000000000000000000000000000000000000000000000	0
2	1	2	1	2	2	1.000000000000000000000000000000000000000000000000000000000000000	0
2	1	3	3	2	3	1.000000000000000000000000000000000000000000000000000000000000000	0
2	1	4	4	2	4	1.000000000000000000000000000000000000000000000000000000000000000	0
2	1	5	5	2	5	1.000000000000000000000000000000000000000000000000000000000000000	0
2	2	1	1	1	2	1.000000000000000000000000000000000000000000000000000000000000000	0
2	2	2	2	1	1	1.000000000000000000000000000000000000000000000000000000000000000	0
2	2	3	3	1	3	-0.2225209339563144042889025644967947594663555687645449553119870159	0.9749279121818236070181316829939312172327858006199974376480795751
2	2	4	4	1	4	0.6234898018587335305250048840042398106322747308964021053655494391	-0.7818314824680298087084445266740577502323345187086875289806349580
2	2	5	5	1	5	1.000000000000000000000000000000000000000000000000000000000000000	0
2	3	1	3	3	3	1.000000000000000000000000000000000000000000000000000000000000000	0
2	3	2	3	3	3	1.000000000000000000000000000000000000000000000000000000000000000	0
2	3	3	1	3	2	0.6234898018587335305250048840042398106322747308964021053655494391	-0.7818314824680298087084445266740577502323345187086875289806349580
2	3	3	2	3	1	0.6234898018587335305250048840042398106322747308964021053655494391	-0.7818314824680298087084445266740577502323345187086875289806349580
2	3	3	5	3	5	0.6234898018587335305250048840042398106322747308964021053655494391	-0.7818314824680298087084445266740577502323345187086875289806349580
2	3	4	4	3	4	0.2225209339563144042889025644967947594663555687645449553119870159	-0.9749279121818236070181316829939312172327858006199974376480795751
2	3	4	5	3	5	-0.6234898018587335305250048840042398106322747308964021053655494391	0.7818314824680298087084445266740577502323345187086875289806349580
2	3	5	3	3	3	-1.000000000000000000000000000000000000000000000000000000000000000	0
2	3	5	4	3	4	-0.2225209339563144042889025644967947594663555687645449553119870159	0.9749279121818236070181316829939312172327858006199974376480795751
2	4	1	4	4	4	1.000000000000000000000000000000000000000000000000000000000000000	0
2	4	2	4	4	4	1.000000000000000000000000000000000000000000000000000000000000000	0
2	4	3	4	4	4	-1.000000000000000000000000000000000000000000000000000000000000000	0
2	4	3	5	4	5	-0.9009688679024191262361023195074450511659191621318571500535624232	-0.4338837391175581204757683328483587546099907277874598764445473035
2	4	4	1	4	2	0.9009688679024191262361023195074450511659191621318571500535624232	0.4338837391175581204757683328483587546099907277874598764445473035
2	4	4	2	4	1	0.9009688679024191262361023195074450511659191621318571500535624232	0.4338837391175581204757683328483587546099907277874598764445473035
2	4	4	3	4	3	0.2225209339563144042889025644967947594663555687645449553119870159	0.9749279121818236070181316829939312172327858006199974376480795751
2	4	5	3	4	3	-0.2225209339563144042889025644967947594663555687645449553119870159	-0.9749279121818236070181316829939312172327858006199974376480795751
2	4	5	5	4	5	0.9009688679024191262361023195074450511659191621318571500535624232	0.4338837391175581204757683328483587546099907277874598764445473035
2	5	1	5	5	5	1.000000000000000000000000000000000000000000000000000000000000000	0
2	5	2	5	5	5	1.000000000000000000000000000000000000000000000000000000000000000	0
2	5	3	3	5	3	0.6234898018587335305250048840042398106322747308964021053655494391	0.7818314824680298087084445266740577502323345187086875289806349580
2	5	3	4	5	4	-0.9009688679024191262361023195074450511659191621318571500535624232	0.4338837391175581204757683328483587546099907277874598764445473035
2	5	4	3	5	3	-0.6234898018587335305250048840042398106322747308964021053655494391	-0.7818314824680298087084445266740577502323345187086875289806349580
2	5	4	5	5	5	-1.000000000000000000000000000000000000000000000000000000000000000	0
2	5	5	1	5	2	1.000000000000000000000000000000000000000000000000000000000000000	0
2	5	5	2	5	1	1.000000000000000000000000000000000000000000000000000000000000000	0
2	5	5	4	5	4	0.9009688679024191262361023195074450511659191621318571500535624232	-0.4338837391175581204757683328483587546099907277874598764445473035
3	1	1	3	3	1	1.000000000000000000000000000000000000000000000000000000000000000	0
3	1	2	3	3	2	1.000000000000000000000000000000000000000000000000000000000000000	0
3	1	3	1	3	3	1.000000000000000000000000000000000000000000000000000000000000000	0
3	1	3	2	3	3	1.000000000000000000000000000000000000000000000000000000000000000	0
3	1	3	5	3	3	1.000000000000000000000000000000000000000000000000000000000000000	0
3	1	4	4	3	4	1.000000000000000000000000000000000000000000000000000000000000000	0
3	1	4	5	3	4	1.000000000000000000000000000000000000000000000000000000000000000	0
3	1	5	3	3	5	1.000000000000000000000000000000000000000000000000000000000000000	0
3	1	5	4	3	5	1.000000000000000000000000000000000000000000000000000000000000000	0
3	2	1	3	3	2	1.000000000000000000000000000000000000000000000000000000000000000	0
3	2	2	3	3	1	-0.2225209339563144042889025644967947594663555687645449553119870159	0.9749279121818236070181316829939312172327858006199974376480795751
3	2	3	1	3	3	-0.2225209339563144042889025644967947594663555687645449553119870159	0.9749279121818236070181316829939312172327858006199974376480795751
3	2	3	2	3	3	-0.2225209339563144042889025644967947594663555687645449553119870159	0.9749279121818236070181316829939312172327858006199974376480795751
3	2	3	5	3	3	0.2225209339563144042889025644967947594663555687645449553119870159	-0.9749279121818236070181316829939312172327858006199974376480795751
3	2	4	4	3	4	0.9009688679024191262361023195074450511659191621318571500535624232	0.4338837391175581204757683328483587546099907277874598764445473035
3	2	4	5	3	4	-0.9009688679024191262361023195074450511659191621318571500535624232	-0.4338837391175581204757683328483587546099907277874598764445473035
3	2	5	3	3	5	0.6234898018587335305250048840042398106322747308964021053655494391	0.7818314824680298087084445266740577502323345187086875289806349580
3	2	5	4	3	5	-0.6234898018587335305250048840042398106322747308964021053655494391	-0.7818314824680298087084445266740577502323345187086875289806349580
3	3	1	1	1	3	1.000000000000000000000000000000000000000000000000000000000000000	0
3	3	1	2	2	3	1.000000000000000000000000000000000000000000000000000000000000000	0
3	3	1	5	5	3	1.000000000000000000000000000000000000000000000000000000000000000	0
3	3	2	1	2	3	0.6234898018587335305250048840042398106322747308964021053655494391	-0.7818314824680298087084445266740577502323345187086875289806349580
3	3	2	2	1	3	0.6234898018587335305250048840042398106322747308964021053655494391	-0.7818314824680298087084445266740577502323345187086875289806349580
3	3	2	5	5	3	0.6234898018587335305250048840042398106322747308964021053655494391	-0.7818314824680298087084445266740577502323345187086875289806349580
3	3	3	3	1	1	0.500000000000000000000000000000000000000000000000000000000000000	0
3	3	3	3	1	2	0.3117449009293667652625024420021199053161373654482010526827747195	-0.3909157412340149043542222633370288751161672593543437644903174790
3	3	3	3	1	5	0.707106781186547524400844362104849039284835937688474036588339869	0
3	3	3	3	2	1	0.3117449009293667652625024420021199053161373654482010526827747195	-0.3909157412340149043542222633370288751161672593543437644903174790
3	3	3	3	2	2	-0.1112604669781572021444512822483973797331777843822724776559935079	-0.4874639560909118035090658414969656086163929003099987188240397875
3	3	3	3	2	5	-0.4408738668949673625322211533376772469472195364072965499469469546	0.5528383429982752210009270886097014502054159593747766649808095475
3	3	3	3	5	1	0.707106781186547524400844362104849039284835937688474036588339869	0
3	3	3	3	5	2	-0.4408738668949673625322211533376772469472195364072965499469469546	0.5528383429982752210009270886097014502054159593747766649808095475
3	3	3	3	5	5	0.	0
3	3	3	4	5	5	0.6234898018587335305250048840042398106322747308964021053655494391	0.7818314824680298087084445266740577502323345187086875289806349580
3	3	4	3	5	5	1.000000000000000000000000000000000000000000000000000000000000000	0
3	3	4	4	1	4	0.6370811961317673223350706098738044959169069686101955706101345483	-0.3068021341766002405601929972772321256037254995801208112335908260
3	3	4	4	1	5	0.707106781186547524400844362104849039284835937688474036588339869	0
3	3	4	4	2	4	0.707106781186547524400844362104849039284835937688474036588339869	0
3	3	4	4	2	5	-0.6370811961317673223350706098738044959169069686101955706101345483	-0.3068021341766002405601929972772321256037254995801208112335908260
3	3	4	5	5	4	0.6234898018587335305250048840042398106322747308964021053655494391	-0.7818314824680298087084445266740577502323345187086875289806349580
3	3	5	1	5	3	1.000000000000000000000000000000000000000000000000000000000000000	0
3	3	5	2	5	3	1.000000000000000000000000000000000000000000000000000000000000000	0
3	3	5	4	5	4	-0.6234898018587335305250048840042398106322747308964021053655494391	-0.7818314824680298087084445266740577502323345187086875289806349580
3	3	5	5	1	3	0.707106781186547524400844362104849039284835937688474036588339869	0
3	3	5	5	1	4	0.707106781186547524400844362104849039284835937688474036588339869	0
3	3	5	5	2	3	0.707106781186547524400844362104849039284835937688474036588339869	0
3	3	5	5	2	4	-0.707106781186547524400844362104849039284835937688474036588339869	0
3	4	1	4	4	4	1.000000000000000000000000000000000000000000000000000000000000000	0
3	4	1	5	5	4	1.000000000000000000000000000000000000000000000000000000000000000	0
3	4	2	4	4	4	-1.000000000000000000000000000000000000000000000000000000000000000	0
3	4	2	5	5	4	-0.9009688679024191262361023195074450511659191621318571500535624232	-0.4338837391175581204757683328483587546099907277874598764445473035
3	4	3	3	5	5	0.6234898018587335305250048840042398106322747308964021053655494391	0.7818314824680298087084445266740577502323345187086875289806349580
3	4	3	4	4	4	0.	0
3	4	3	4	4	5	0.9009688679024191262361023195074450511659191621318571500535624232	-0.4338837391175581204757683328483587546099907277874598764445473035
3	4	3	4	5	4	0.9009688679024191262361023195074450511659191621318571500535624232	-0.4338837391175581204757683328483587546099907277874598764445473035
3	4	3	4	5	5	0.	0
3	4	3	5	4	4	0.6234898018587335305250048840042398106322747308964021053655494391	0.7818314824680298087084445266740577502323345187086875289806349580
3	4	4	1	4	3	0.2225209339563144042889025644967947594663555687645449553119870159	-0.9749279121818236070181316829939312172327858006199974376480795751
3	4	4	2	4	3	0.2225209339563144042889025644967947594663555687645449553119870159	-0.9749279121818236070181316829939312172327858006199974376480795751
3	4	4	3	4	1	-0.1573460613564738023975727245162972706727305366413379976309823409	0.6893781378718103659552030917466680008373144921500258828287176454
3	4	4	3	4	2	0.4408738668949673625322211533376772469472195364072965499469469546	0.5528383429982752210009270886097014502054159593747766649808095475
3	4	4	3	5	1	0.4408738668949673625322211533376772469472195364072965499469469546	0.5528383429982752210009270886097014502054159593747766649808095475
3	4	4	3	5	2	-0.707106781186547524400844362104849039284835937688474036588339869	0
3	4	4	5	5	3	-1.000000000000000000000000000000000000000000000000000000000000000	0
3	4	5	1	5	3	0.6234898018587335305250048840042398106322747308964021053655494391	0.7818314824680298087084445266740577502323345187086875289806349580
3	4	5	2	5	3	-0.6234898018587335305250048840042398106322747308964021053655494391	-0.7818314824680298087084445266740577502323345187086875289806349580
3	4	5	3	4	5	0.6234898018587335305250048840042398106322747308964021053655494391	0.7818314824680298087084445266740577502323345187086875289806349580
3	4	5	4	5	5	0.9009688679024191262361023195074450511659191621318571500535624232	0.4338837391175581204757683328483587546099907277874598764445473035
3	4	5	5	4	3	0.9009688679024191262361023195074450511659191621318571500535624232	-0.4338837391175581204757683328483587546099907277874598764445473035
3	5	1	3	3	5	1.000000000000000000000000000000000000000000000000000000000000000	0
3	5	1	4	4	5	1.000000000000000000000000000000000000000000000000000000000000000	0
3	5	2	3	3	5	0.6234898018587335305250048840042398106322747308964021053655494391	0.7818314824680298087084445266740577502323345187086875289806349580
3	5	2	4	4	5	-0.9009688679024191262361023195074450511659191621318571500535624232	0.4338837391175581204757683328483587546099907277874598764445473035
3	5	3	1	3	3	1.000000000000000000000000000000000000000000000000000000000000000	0
3	5	3	2	3	3	-1.000000000000000000000000000000000000000000000000000000000000000	0
3	5	3	4	4	4	1.000000000000000000000000000000000000000000000000000000000000000	0
3	5	3	5	3	3	0.	0
3	5	3	5	3	4	0.6234898018587335305250048840042398106322747308964021053655494391	-0.7818314824680298087084445266740577502323345187086875289806349580
3	5	3	5	4	3	0.6234898018587335305250048840042398106322747308964021053655494391	-0.7818314824680298087084445266740577502323345187086875289806349580
3	5	3	5	4	4	0.	0
3	5	4	1	4	3	0.6234898018587335305250048840042398106322747308964021053655494391	-0.7818314824680298087084445266740577502323345187086875289806349580
3	5	4	2	4	3	-0.6234898018587335305250048840042398106322747308964021053655494391	0.7818314824680298087084445266740577502323345187086875289806349580
3	5	4	3	4	5	-1.000000000000000000000000000000000000000000000000000000000000000	0
3	5	4	4	3	5	0.6234898018587335305250048840042398106322747308964021053655494391	0.7818314824680298087084445266740577502323345187086875289806349580
3	5	4	5	3	3	1.000000000000000000000000000000000000000000000000000000000000000	0
3	5	5	3	3	1	0.707106781186547524400844362104849039284835937688474036588339869	0
3	5	5	3	3	2	0.4408738668949673625322211533376772469472195364072965499469469546	-0.5528383429982752210009270886097014502054159593747766649808095475
3	5	5	3	4	1	0.4408738668949673625322211533376772469472195364072965499469469546	-0.5528383429982752210009270886097014502054159593747766649808095475
3	5	5	3	4	2	0.1573460613564738023975727245162972706727305366413379976309823409	0.6893781378718103659552030917466680008373144921500258828287176454
3	5	5	4	3	4	-0.2225209339563144042889025644967947594663555687645449553119870159	0.9749279121818236070181316829939312172327858006199974376480795751
3	5	5	5	4	4	0.9009688679024191262361023195074450511659191621318571500535624232	-0.4338837391175581204757683328483587546099907277874598764445473035
4	1	1	4	4	1	1.000000000000000000000000000000000000000000000000000000000000000	0
4	1	2	4	4	2	1.000000000000000000000000000000000000000000000000000000000000000	0
4	1	3	4	4	3	1.000000000000000000000000000000000000000000000000000000000000000	0
4	1	3	5	4	3	1.000000000000000000000000000000000000000000000000000000000000000	0
4	1	4	1	4	4	1.000000000000000000000000000000000000000000000000000000000000000	0
4	1	4	2	4	4	1.000000000000000000000000000000000000000000000000000000000000000	0
4	1	4	3	4	4	1.000000000000000000000000000000000000000000000000000000000000000	0
4	1	5	3	4	5	1.000000000000000000000000000000000000000000000000000000000000000	0
4	1	5	5	4	5	1.000000000000000000000000000000000000000000000000000000000000000	0
4	2	1	4	4	2	1.000000000000000000000000000000000000000000000000000000000000000	0
4	2	2	4	4	1	0.6234898018587335305250048840042398106322747308964021053655494391	-0.7818314824680298087084445266740577502323345187086875289806349580
4	2	3	4	4	3	0.9009688679024191262361023195074450511659191621318571500535624232	0.4338837391175581204757683328483587546099907277874598764445473035
4	2	3	5	4	3	-0.9009688679024191262361023195074450511659191621318571500535624232	-0.4338837391175581204757683328483587546099907277874598764445473035
4	2	4	1	4	4	0.6234898018587335305250048840042398106322747308964021053655494391	-0.7818314824680298087084445266740577502323345187086875289806349580
4	2	4	2	4	4	0.6234898018587335305250048840042398106322747308964021053655494391	-0.7818314824680298087084445266740577502323345187086875289806349580
4	2	4	3	4	4	-0.6234898018587335305250048840042398106322747308964021053655494391	0.7818314824680298087084445266740577502323345187086875289806349580
4	2	5	3	4	5	-0.9009688679024191262361023195074450511659191621318571500535624232	0.4338837391175581204757683328483587546099907277874598764445473035
4	2	5	5	4	5	0.9009688679024191262361023195074450511659191621318571500535624232	-0.4338837391175581204757683328483587546099907277874598764445473035
4	3	1	4	4	3	1.000000000000000000000000000000000000000000000000000000000000000	0
4	3	1	5	5	3	1.000000000000000000000000000000000000000000000000000000000000000	0
4	3	2	4	4	3	0.2225209339563144042889025644967947594663555687645449553119870159	-0.9749279121818236070181316829939312172327858006199974376480795751
4	3	2	5	5	3	-0.6234898018587335305250048840042398106322747308964021053655494391	0.7818314824680298087084445266740577502323345187086875289806349580
4	3	3	3	5	5	1.000000000000000000000000000000000000000000000000000000000000000	0
4	3	3	4	4	1	0.6370811961317673223350706098738044959169069686101955706101345483	-0.3068021341766002405601929972772321256037254995801208112335908260
4	3	3	4	4	2	0.707106781186547524400844362104849039284835937688474036588339869	0
4	3	3	4	5	1	0.707106781186547524400844362104849039284835937688474036588339869	0
4	3	3	4	5	2	-0.6370811961317673223350706098738044959169069686101955706101345483	-0.3068021341766002405601929972772321256037254995801208112335908260
4	3	3	5	4	5	0.6234898018587335305250048840042398106322747308964021053655494391	-0.7818314824680298087084445266740577502323345187086875289806349580
4	3	4	1	4	4	-0.9009688679024191262361023195074450511659191621318571500535624232	0.4338837391175581204757683328483587546099907277874598764445473035
4	3	4	2	4	4	0.9009688679024191262361023195074450511659191621318571500535624232	-0.4338837391175581204757683328483587546099907277874598764445473035
4	3	4	3	4	4	0.	0
4	3	4	3	4	5	-0.9009688679024191262361023195074450511659191621318571500535624232	0.4338837391175581204757683328483587546099907277874598764445473035
4	3	4	3	5	4	-0.9009688679024191262361023195074450511659191621318571500535624232	0.4338837391175581204757683328483587546099907277874598764445473035
4	3	4	3	5	5	0.	0
4	3	4	5	5	5	0.6234898018587335305250048840042398106322747308964021053655494391	0.7818314824680298087084445266740577502323345187086875289806349580
4	3	5	1	5	4	1.000000000000000000000000000000000000000000000000000000000000000	0
4	3	5	2	5	4	-1.000000000000000000000000000000000000000000000000000000000000000	0
4	3	5	3	4	4	-1.000000000000000000000000000000000000000000000000000000000000000	0
4	3	5	4	5	3	-0.6234898018587335305250048840042398106322747308964021053655494391	0.7818314824680298087084445266740577502323345187086875289806349580
4	3	5	5	4	3	0.9009688679024191262361023195074450511659191621318571500535624232	0.4338837391175581204757683328483587546099907277874598764445473035
4	4	1	1	1	4	1.000000000000000000000000000000000000000000000000000000000000000	0
4	4	1	2	2	4	1.000000000000000000000000000000000000000000000000000000000000000	0
4	4	1	3	3	4	1.000000000000000000000000000000000000000000000000000000000000000	0
4	4	2	1	2	4	0.9009688679024191262361023195074450511659191621318571500535624232	0.4338837391175581204757683328483587546099907277874598764445473035
4	4	2	2	1	4	0.9009688679024191262361023195074450511659191621318571500535624232	0.4338837391175581204757683328483587546099907277874598764445473035
4	4	2	3	3	4	0.2225209339563144042889025644967947594663555687645449553119870159	0.9749279121818236070181316829939312172327858006199974376480795751
4	4	3	1	3	4	0.2225209339563144042889025644967947594663555687645449553119870159	-0.9749279121818236070181316829939312172327858006199974376480795751
4	4	3	2	3	4	0.2225209339563144042889025644967947594663555687645449553119870159	-0.9749279121818236070181316829939312172327858006199974376480795751
4	4	3	3	1	4	-0.1573460613564738023975727245162972706727305366413379976309823409	0.6893781378718103659552030917466680008373144921500258828287176454
4	4	3	3	1	5	0.4408738668949673625322211533376772469472195364072965499469469546	0.5528383429982752210009270886097014502054159593747766649808095475
4	4	3	3	2	4	0.4408738668949673625322211533376772469472195364072965499469469546	0.5528383429982752210009270886097014502054159593747766649808095475
4	4	3	3	2	5	-0.707106781186547524400844362104849039284835937688474036588339869	0
4	4	3	5	3	5	-1.000000000000000000000000000000000000000000000000000000000000000	0
4	4	4	4	1	1	0.500000000000000000000000000000000000000000000000000000000000000	0
4	4	4	4	1	2	0.4504844339512095631180511597537225255829595810659285750267812116	0.2169418695587790602378841664241793773049953638937299382222736518
4	4	4	4	1	3	-0.1573460613564738023975727245162972706727305366413379976309823409	0.6893781378718103659552030917466680008373144921500258828287176454
4	4	4	4	2	1	0.4504844339512095631180511597537225255829595810659285750267812116	0.2169418695587790602378841664241793773049953638937299382222736518
4	4	4	4	2	2	0.3117449009293667652625024420021199053161373654482010526827747195	0.3909157412340149043542222633370288751161672593543437644903174790
4	4	4	4	2	3	0.4408738668949673625322211533376772469472195364072965499469469546	-0.5528383429982752210009270886097014502054159593747766649808095475
4	4	4	4	3	1	-0.1573460613564738023975727245162972706727305366413379976309823409	0.6893781378718103659552030917466680008373144921500258828287176454
4	4	4	4	3	2	0.4408738668949673625322211533376772469472195364072965499469469546	-0.5528383429982752210009270886097014502054159593747766649808095475
4	4	4	4	3	3	0.	0
4	4	4	5	3	3	-0.9009688679024191262361023195074450511659191621318571500535624232	0.4338837391175581204757683328483587546099907277874598764445473035
4	4	5	3	3	5	0.2225209339563144042889025644967947594663555687645449553119870159	-0.9749279121818236070181316829939312172327858006199974376480795751
4	4	5	4	3	3	-1.000000000000000000000000000000000000000000000000000000000000000	0
4	4	5	5	1	3	0.4408738668949673625322211533376772469472195364072965499469469546	0.5528383429982752210009270886097014502054159593747766649808095475
4	4	5	5	1	5	-0.4408738668949673625322211533376772469472195364072965499469469546	-0.5528383429982752210009270886097014502054159593747766649808095475
4	4	5	5	2	3	-0.4408738668949673625322211533376772469472195364072965499469469546	-0.5528383429982752210009270886097014502054159593747766649808095475
4	4	5	5	2	5	-0.4408738668949673625322211533376772469472195364072965499469469546	-0.5528383429982752210009270886097014502054159593747766649808095475
4	5	1	3	3	5	1.000000000000000000000000000000000000000000000000000000000000000	0
4	5	1	5	5	5	1.000000000000000000000000000000000000000000000000000000000000000	0
4	5	2	3	3	5	-0.6234898018587335305250048840042398106322747308964021053655494391	-0.7818314824680298087084445266740577502323345187086875289806349580
4	5	2	5	5	5	-1.000000000000000000000000000000000000000000000000000000000000000	0
4	5	3	1	3	4	0.6234898018587335305250048840042398106322747308964021053655494391	-0.7818314824680298087084445266740577502323345187086875289806349580
4	5	3	2	3	4	-0.6234898018587335305250048840042398106322747308964021053655494391	0.7818314824680298087084445266740577502323345187086875289806349580
4	5	3	3	5	4	-1.000000000000000000000000000000000000000000000000000000000000000	0
4	5	3	4	5	3	0.6234898018587335305250048840042398106322747308964021053655494391	0.7818314824680298087084445266740577502323345187086875289806349580
4	5	3	5	3	3	1.000000000000000000000000000000000000000000000000000000000000000	0
4	5	4	3	5	5	0.6234898018587335305250048840042398106322747308964021053655494391	0.7818314824680298087084445266740577502323345187086875289806349580
4	5	4	4	3	3	-0.2225209339563144042889025644967947594663555687645449553119870159	-0.9749279121818236070181316829939312172327858006199974376480795751
4	5	4	5	3	3	0.	0
4	5	4	5	3	5	-0.6234898018587335305250048840042398106322747308964021053655494391	0.7818314824680298087084445266740577502323345187086875289806349580
4	5	4	5	5	3	-0.6234898018587335305250048840042398106322747308964021053655494391	0.7818314824680298087084445266740577502323345187086875289806349580
4	5	4	5	5	5	0.	0
4	5	5	1	5	4	0.9009688679024191262361023195074450511659191621318571500535624232	-0.4338837391175581204757683328483587546099907277874598764445473035
4	5	5	2	5	4	0.9009688679024191262361023195074450511659191621318571500535624232	-0.4338837391175581204757683328483587546099907277874598764445473035
4	5	5	3	3	4	0.2225209339563144042889025644967947594663555687645449553119870159	-0.9749279121818236070181316829939312172327858006199974376480795751
4	5	5	4	3	1	0.4408738668949673625322211533376772469472195364072965499469469546	-0.5528383429982752210009270886097014502054159593747766649808095475
4	5	5	4	3	2	-0.6370811961317673223350706098738044959169069686101955706101345483	0.3068021341766002405601929972772321256037254995801208112335908260
4	5	5	4	5	1	-0.6370811961317673223350706098738044959169069686101955706101345483	0.3068021341766002405601929972772321256037254995801208112335908260
4	5	5	4	5	2	-0.707106781186547524400844362104849039284835937688474036588339869	0
5	1	1	5	5	1	1.000000000000000000000000000000000000000000000000000000000000000	0
5	1	2	5	5	2	1.000000000000000000000000000000000000000000000000000000000000000	0
5	1	3	3	5	3	1.000000000000000000000000000000000000000000000000000000000000000	0
5	1	3	4	5	3	1.000000000000000000000000000000000000000000000000000000000000000	0
5	1	4	3	5	4	1.000000000000000000000000000000000000000000000000000000000000000	0
5	1	4	5	5	4	1.000000000000000000000000000000000000000000000000000000000000000	0
5	1	5	1	5	5	1.000000000000000000000000000000000000000000000000000000000000000	0
5	1	5	2	5	5	1.000000000000000000000000000000000000000000000000000000000000000	0
5	1	5	4	5	5	1.000000000000000000000000000000000000000000000000000000000000000	0
5	2	1	5	5	2	1.000000000000000000000000000000000000000000000000000000000000000	0
5	2	2	5	5	1	1.000000000000000000000000000000000000000000000000000000000000000	0
5	2	3	3	5	3	0.6234898018587335305250048840042398106322747308964021053655494391	0.7818314824680298087084445266740577502323345187086875289806349580
5	2	3	4	5	3	-0.6234898018587335305250048840042398106322747308964021053655494391	-0.7818314824680298087084445266740577502323345187086875289806349580
5	2	4	3	5	4	-0.9009688679024191262361023195074450511659191621318571500535624232	0.4338837391175581204757683328483587546099907277874598764445473035
5	2	4	5	5	4	0.9009688679024191262361023195074450511659191621318571500535624232	-0.4338837391175581204757683328483587546099907277874598764445473035
5	2	5	1	5	5	1.000000000000000000000000000000000000000000000000000000000000000	0
5	2	5	2	5	5	1.000000000000000000000000000000000000000000000000000000000000000	0
5	2	5	4	5	5	-1.000000000000000000000000000000000000000000000000000000000000000	0
5	3	1	3	3	3	1.000000000000000000000000000000000000000000000000000000000000000	0
5	3	1	4	4	3	1.000000000000000000000000000000000000000000000000000000000000000	0
5	3	2	3	3	3	-1.000000000000000000000000000000000000000000000000000000000000000	0
5	3	2	4	4	3	-0.2225209339563144042889025644967947594663555687645449553119870159	0.9749279121818236070181316829939312172327858006199974376480795751
5	3	3	1	3	5	1.000000000000000000000000000000000000000000000000000000000000000	0
5	3	3	2	3	5	1.000000000000000000000000000000000000000000000000000000000000000	0
5	3	3	4	4	5	-0.6234898018587335305250048840042398106322747308964021053655494391	-0.7818314824680298087084445266740577502323345187086875289806349580
5	3	3	5	3	1	0.707106781186547524400844362104849039284835937688474036588339869	0
5	3	3	5	3	2	0.707106781186547524400844362104849039284835937688474036588339869	0
5	3	3	5	4	1	0.707106781186547524400844362104849039284835937688474036588339869	0
5	3	3	5	4	2	-0.707106781186547524400844362104849039284835937688474036588339869	0
5	3	4	1	4	5	1.000000000000000000000000000000000000000000000000000000000000000	0
5	3	4	2	4	5	-1.000000000000000000000000000000000000000000000000000000000000000	0
5	3	4	3	4	4	-1.000000000000000000000000000000000000000000000000000000000000000	0
5	3	4	4	3	5	-0.6234898018587335305250048840042398106322747308964021053655494391	0.7818314824680298087084445266740577502323345187086875289806349580
5	3	4	5	3	4	0.9009688679024191262361023195074450511659191621318571500535624232	0.4338837391175581204757683328483587546099907277874598764445473035
5	3	5	3	3	3	0.	0
5	3	5	3	3	4	1.000000000000000000000000000000000000000000000000000000000000000	0
5	3	5	3	4	3	1.000000000000000000000000000000000000000000000000000000000000000	0
5	3	5	3	4	4	0.	0
5	3	5	4	3	3	0.6234898018587335305250048840042398106322747308964021053655494391	-0.7818314824680298087084445266740577502323345187086875289806349580
5	3	5	5	4	4	0.6234898018587335305250048840042398106322747308964021053655494391	-0.7818314824680298087084445266740577502323345187086875289806349580
5	4	1	3	3	4	1.000000000000000000000000000000000000000000000000000000000000000	0
5	4	1	5	5	4	1.000000000000000000000000000000000000000000000000000000000000000	0
5	4	2	3	3	4	-0.2225209339563144042889025644967947594663555687645449553119870159	-0.9749279121818236070181316829939312172327858006199974376480795751
5	4	2	5	5	4	0.9009688679024191262361023195074450511659191621318571500535624232	0.4338837391175581204757683328483587546099907277874598764445473035
5	4	3	1	3	5	0.6234898018587335305250048840042398106322747308964021053655494391	0.7818314824680298087084445266740577502323345187086875289806349580
5	4	3	2	3	5	-0.6234898018587335305250048840042398106322747308964021053655494391	-0.7818314824680298087084445266740577502323345187086875289806349580
5	4	3	3	5	4	0.6234898018587335305250048840042398106322747308964021053655494391	0.7818314824680298087084445266740577502323345187086875289806349580
5	4	3	4	5	5	0.9009688679024191262361023195074450511659191621318571500535624232	0.4338837391175581204757683328483587546099907277874598764445473035
5	4	3	5	3	4	0.9009688679024191262361023195074450511659191621318571500535624232	-0.4338837391175581204757683328483587546099907277874598764445473035
5	4	4	3	5	3	0.2225209339563144042889025644967947594663555687645449553119870159	-0.9749279121818236070181316829939312172327858006199974376480795751
5	4	4	4	3	3	-1.000000000000000000000000000000000000000000000000000000000000000	0
5	4	4	5	3	1	0.4408738668949673625322211533376772469472195364072965499469469546	0.5528383429982752210009270886097014502054159593747766649808095475
5	4	4	5	3	2	-0.4408738668949673625322211533376772469472195364072965499469469546	-0.5528383429982752210009270886097014502054159593747766649808095475
5	4	4	5	5	1	-0.4408738668949673625322211533376772469472195364072965499469469546	-0.5528383429982752210009270886097014502054159593747766649808095475
5	4	4	5	5	2	-0.4408738668949673625322211533376772469472195364072965499469469546	-0.5528383429982752210009270886097014502054159593747766649808095475
5	4	5	1	5	5	0.6234898018587335305250048840042398106322747308964021053655494391	0.7818314824680298087084445266740577502323345187086875289806349580
5	4	5	2	5	5	-0.6234898018587335305250048840042398106322747308964021053655494391	-0.7818314824680298087084445266740577502323345187086875289806349580
5	4	5	3	3	3	0.6234898018587335305250048840042398106322747308964021053655494391	0.7818314824680298087084445266740577502323345187086875289806349580
5	4	5	4	3	3	0.	0
5	4	5	4	3	5	-0.2225209339563144042889025644967947594663555687645449553119870159	-0.9749279121818236070181316829939312172327858006199974376480795751
5	4	5	4	5	3	-0.2225209339563144042889025644967947594663555687645449553119870159	-0.9749279121818236070181316829939312172327858006199974376480795751
5	4	5	4	5	5	0.	0
5	5	1	1	1	5	1.000000000000000000000000000000000000000000000000000000000000000	0
5	5	1	2	2	5	1.000000000000000000000000000000000000000000000000000000000000000	0
5	5	1	4	4	5	1.000000000000000000000000000000000000000000000000000000000000000	0
5	5	2	1	2	5	1.000000000000000000000000000000000000000000000000000000000000000	0
5	5	2	2	1	5	1.000000000000000000000000000000000000000000000000000000000000000	0
5	5	2	4	4	5	0.9009688679024191262361023195074450511659191621318571500535624232	-0.4338837391175581204757683328483587546099907277874598764445473035
5	5	3	3	1	3	0.707106781186547524400844362104849039284835937688474036588339869	0
5	5	3	3	1	4	0.4408738668949673625322211533376772469472195364072965499469469546	-0.5528383429982752210009270886097014502054159593747766649808095475
5	5	3	3	2	3	0.4408738668949673625322211533376772469472195364072965499469469546	-0.5528383429982752210009270886097014502054159593747766649808095475
5	5	3	3	2	4	0.1573460613564738023975727245162972706727305366413379976309823409	0.6893781378718103659552030917466680008373144921500258828287176454
5	5	3	4	4	3	-0.2225209339563144042889025644967947594663555687645449553119870159	0.9749279121818236070181316829939312172327858006199974376480795751
5	5	3	5	4	4	0.9009688679024191262361023195074450511659191621318571500535624232	-0.4338837391175581204757683328483587546099907277874598764445473035
5	5	4	1	4	5	0.9009688679024191262361023195074450511659191621318571500535624232	-0.4338837391175581204757683328483587546099907277874598764445473035
5	5	4	2	4	5	0.9009688679024191262361023195074450511659191621318571500535624232	-0.4338837391175581204757683328483587546099907277874598764445473035
5	5	4	3	4	3	0.2225209339563144042889025644967947594663555687645449553119870159	-0.9749279121818236070181316829939312172327858006199974376480795751
5	5	4	4	1	3	0.4408738668949673625322211533376772469472195364072965499469469546	-0.5528383429982752210009270886097014502054159593747766649808095475
5	5	4	4	1	5	-0.6370811961317673223350706098738044959169069686101955706101345483	0.3068021341766002405601929972772321256037254995801208112335908260
5	5	4	4	2	3	-0.6370811961317673223350706098738044959169069686101955706101345483	0.3068021341766002405601929972772321256037254995801208112335908260
5	5	4	4	2	5	-0.707106781186547524400844362104849039284835937688474036588339869	0
5	5	5	3	4	4	-0.2225209339563144042889025644967947594663555687645449553119870159	-0.9749279121818236070181316829939312172327858006199974376480795751
5	5	5	5	1	1	0.500000000000000000000000000000000000000000000000000000000000000	0
5	5	5	5	1	2	0.500000000000000000000000000000000000000000000000000000000000000	0
5	5	5	5	1	4	-0.6370811961317673223350706098738044959169069686101955706101345483	0.3068021341766002405601929972772321256037254995801208112335908260
5	5	5	5	2	1	0.500000000000000000000000000000000000000000000000000000000000000	0
5	5	5	5	2	2	0.500000000000000000000000000000000000000000000000000000000000000	0
5	5	5	5	2	4	0.6370811961317673223350706098738044959169069686101955706101345483	-0.3068021341766002405601929972772321256037254995801208112335908260
5	5	5	5	4	1	-0.6370811961317673223350706098738044959169069686101955706101345483	0.3068021341766002405601929972772321256037254995801208112335908260
5	5	5	5	4	2	0.6370811961317673223350706098738044959169069686101955706101345483	-0.3068021341766002405601929972772321256037254995801208112335908260
5	5	5	5	4	4	0.	0