1	1	1	1.000000000000000000000000000000000000000000000000000000000000000	0
1	2	2	1.000000000000000000000000000000000000000000000000000000000000000	0
1	3	3	1.000000000000000000000000000000000000000000000000000000000000000	0
1	4	4	1.000000000000000000000000000000000000000000000000000000000000000	0
1	5	5	1.000000000000000000000000000000000000000000000000000000000000000	0
1	6	6	1.000000000000000000000000000000000000000000000000000000000000000	0
2	1	2	1.000000000000000000000000000000000000000000000000000000000000000	0
2	2	1	-0.8090169943749474241022934171828190588601545899028814310677243114	-0.5877852522924731291687059546390727685976524376431459910722724808
2	2	2	-0.3090169943749474241022934171828190588601545899028814310677243114	0.9510565162951535721164393333793821434056986341257502224473056444
2	3	5	1.000000000000000000000000000000000000000000000000000000000000000	0
2	4	6	1.000000000000000000000000000000000000000000000000000000000000000	0
2	5	3	-0.8090169943749474241022934171828190588601545899028814310677243114	-0.5877852522924731291687059546390727685976524376431459910722724808
2	5	5	-0.3090169943749474241022934171828190588601545899028814310677243114	0.9510565162951535721164393333793821434056986341257502224473056444
2	6	4	-0.8090169943749474241022934171828190588601545899028814310677243114	-0.5877852522924731291687059546390727685976524376431459910722724808
2	6	6	-0.3090169943749474241022934171828190588601545899028814310677243114	0.9510565162951535721164393333793821434056986341257502224473056444
3	1	3	1.000000000000000000000000000000000000000000000000000000000000000	0
3	2	5	1.000000000000000000000000000000000000000000000000000000000000000	0
3	3	1	0.6234898018587335305250048840042398106322747308964021053655494391	0.7818314824680298087084445266740577502323345187086875289806349580
3	3	4	0.2225209339563144042889025644967947594663555687645449553119870159	-0.9749279121818236070181316829939312172327858006199974376480795751
3	4	3	-0.6234898018587335305250048840042398106322747308964021053655494391	0.7818314824680298087084445266740577502323345187086875289806349580
3	4	4	-0.9009688679024191262361023195074450511659191621318571500535624232	-0.4338837391175581204757683328483587546099907277874598764445473035
3	5	2	0.6234898018587335305250048840042398106322747308964021053655494391	0.7818314824680298087084445266740577502323345187086875289806349580
3	5	6	0.2225209339563144042889025644967947594663555687645449553119870159	-0.9749279121818236070181316829939312172327858006199974376480795751
3	6	5	-0.6234898018587335305250048840042398106322747308964021053655494391	0.7818314824680298087084445266740577502323345187086875289806349580
3	6	6	-0.9009688679024191262361023195074450511659191621318571500535624232	-0.4338837391175581204757683328483587546099907277874598764445473035
4	1	4	1.000000000000000000000000000000000000000000000000000000000000000	0
4	2	6	1.000000000000000000000000000000000000000000000000000000000000000	0
4	3	3	-0.6234898018587335305250048840042398106322747308964021053655494391	0.7818314824680298087084445266740577502323345187086875289806349580
4	3	4	-0.9009688679024191262361023195074450511659191621318571500535624232	-0.4338837391175581204757683328483587546099907277874598764445473035
4	4	1	-0.2225209339563144042889025644967947594663555687645449553119870159	-0.9749279121818236070181316829939312172327858006199974376480795751
4	4	3	0.6234898018587335305250048840042398106322747308964021053655494391	0.7818314824680298087084445266740577502323345187086875289806349580
4	4	4	-0.6234898018587335305250048840042398106322747308964021053655494391	0.7818314824680298087084445266740577502323345187086875289806349580
4	5	5	-0.6234898018587335305250048840042398106322747308964021053655494391	0.7818314824680298087084445266740577502323345187086875289806349580
4	5	6	-0.9009688679024191262361023195074450511659191621318571500535624232	-0.4338837391175581204757683328483587546099907277874598764445473035
4	6	2	-0.2225209339563144042889025644967947594663555687645449553119870159	-0.9749279121818236070181316829939312172327858006199974376480795751
4	6	5	0.6234898018587335305250048840042398106322747308964021053655494391	0.7818314824680298087084445266740577502323345187086875289806349580
4	6	6	-0.6234898018587335305250048840042398106322747308964021053655494391	0.7818314824680298087084445266740577502323345187086875289806349580
5	1	5	1.000000000000000000000000000000000000000000000000000000000000000	0
5	2	3	-0.8090169943749474241022934171828190588601545899028814310677243114	-0.5877852522924731291687059546390727685976524376431459910722724808
5	2	5	-0.3090169943749474241022934171828190588601545899028814310677243114	0.9510565162951535721164393333793821434056986341257502224473056444
5	3	2	0.6234898018587335305250048840042398106322747308964021053655494391	0.7818314824680298087084445266740577502323345187086875289806349580
5	3	6	0.2225209339563144042889025644967947594663555687645449553119870159	-0.9749279121818236070181316829939312172327858006199974376480795751
5	4	5	-0.6234898018587335305250048840042398106322747308964021053655494391	0.7818314824680298087084445266740577502323345187086875289806349580
5	4	6	-0.9009688679024191262361023195074450511659191621318571500535624232	-0.4338837391175581204757683328483587546099907277874598764445473035
5	5	1	-0.0448648303505149254580903368019609171338572943490410406123606075	-0.9989930665413146473720559084446391440925887260921723555615068835
5	5	2	-0.9362348706397372095087557244681174697774823774229764450573537042	0.3513748240813427048873232705101784160143315196125107026365666098
5	5	4	-0.7530714660036109335328981126967543453010912629720769783754055993	0.6579387259397126123701191819931188157209035079832691378374948608
5	5	6	0.8584487936018661185256909553391418597075906106444769791962452732	0.5128992774059061439084936529403118044651180119594820573115547983
5	6	3	0.9639628606958532918885659525499857760906529970975411392509787908	-0.2660368455666751073822760245929750947101935245335744978577019425
5	6	4	0.4738686624729986707083830096659750872704506698483288461472465277	0.8805955318567379951929100621071846598465984011624156760291312186
5	6	5	-0.5508969814521025226871043191204105871852468168727963705595637451	-0.8345732537213026509332106768737349045847792515295700270751404777
5	6	6	0.6910626489868646759049354256591699817466594856391299474770261767	-0.7227948638273915285452633514998522610902180806798900243625877849
6	1	6	1.000000000000000000000000000000000000000000000000000000000000000	0
6	2	4	-0.8090169943749474241022934171828190588601545899028814310677243114	-0.5877852522924731291687059546390727685976524376431459910722724808
6	2	6	-0.3090169943749474241022934171828190588601545899028814310677243114	0.9510565162951535721164393333793821434056986341257502224473056444
6	3	5	-0.6234898018587335305250048840042398106322747308964021053655494391	0.7818314824680298087084445266740577502323345187086875289806349580
6	3	6	-0.9009688679024191262361023195074450511659191621318571500535624232	-0.4338837391175581204757683328483587546099907277874598764445473035
6	4	2	-0.2225209339563144042889025644967947594663555687645449553119870159	-0.9749279121818236070181316829939312172327858006199974376480795751
6	4	5	0.6234898018587335305250048840042398106322747308964021053655494391	0.7818314824680298087084445266740577502323345187086875289806349580
6	4	6	-0.6234898018587335305250048840042398106322747308964021053655494391	0.7818314824680298087084445266740577502323345187086875289806349580
6	5	3	0.9639628606958532918885659525499857760906529970975411392509787908	-0.2660368455666751073822760245929750947101935245335744978577019425
6	5	4	0.4738686624729986707083830096659750872704506698483288461472465277	0.8805955318567379951929100621071846598465984011624156760291312186
6	5	5	-0.5508969814521025226871043191204105871852468168727963705595637451	-0.8345732537213026509332106768737349045847792515295700270751404777
6	5	6	0.6910626489868646759049354256591699817466594856391299474770261767	-0.7227948638273915285452633514998522610902180806798900243625877849
6	6	1	-0.3930250316539236181879675098179335770068944801040165452590286565	0.9195277725514506383219765907863572139881260721214249256872763472
6	6	2	0.9959742939952390295817189937211678685354318247479924570006352001	0.0896393089034334997654704368452330080111257675252145685651368345
6	6	3	-0.0448648303505149254580903368019609171338572943490410406123606075	-0.9989930665413146473720559084446391440925887260921723555615068835
6	6	4	0.9639628606958532918885659525499857760906529970975411392509787908	-0.2660368455666751073822760245929750947101935245335744978577019425
6	6	5	-0.9362348706397372095087557244681174697774823774229764450573537042	0.3513748240813427048873232705101784160143315196125107026365666098
6	6	6	-0.5508969814521025226871043191204105871852468168727963705595637451	-0.8345732537213026509332106768737349045847792515295700270751404777