1	1	1	1	1	1	1.000000000000000000000000000000000000000000000000000000000000000	0
1	1	2	2	1	2	1.000000000000000000000000000000000000000000000000000000000000000	0
1	1	3	3	1	3	1.000000000000000000000000000000000000000000000000000000000000000	0
1	1	4	4	1	4	1.000000000000000000000000000000000000000000000000000000000000000	0
1	1	5	5	1	5	1.000000000000000000000000000000000000000000000000000000000000000	0
1	2	1	2	2	2	1.000000000000000000000000000000000000000000000000000000000000000	0
1	2	2	1	2	1	1.000000000000000000000000000000000000000000000000000000000000000	0
1	2	3	4	2	4	1.000000000000000000000000000000000000000000000000000000000000000	0
1	2	4	3	2	3	1.000000000000000000000000000000000000000000000000000000000000000	0
1	2	5	5	2	5	1.000000000000000000000000000000000000000000000000000000000000000	0
1	3	1	3	3	3	1.000000000000000000000000000000000000000000000000000000000000000	0
1	3	2	4	3	4	1.000000000000000000000000000000000000000000000000000000000000000	0
1	3	3	1	3	1	1.000000000000000000000000000000000000000000000000000000000000000	0
1	3	3	4	3	4	1.000000000000000000000000000000000000000000000000000000000000000	0
1	3	3	5	3	5	1.000000000000000000000000000000000000000000000000000000000000000	0
1	3	4	2	3	2	1.000000000000000000000000000000000000000000000000000000000000000	0
1	3	4	3	3	3	1.000000000000000000000000000000000000000000000000000000000000000	0
1	3	4	5	3	5	1.000000000000000000000000000000000000000000000000000000000000000	0
1	3	5	3	3	3	1.000000000000000000000000000000000000000000000000000000000000000	0
1	3	5	4	3	4	1.000000000000000000000000000000000000000000000000000000000000000	0
1	3	5	5	3	5	1.000000000000000000000000000000000000000000000000000000000000000	0
1	4	1	4	4	4	1.000000000000000000000000000000000000000000000000000000000000000	0
1	4	2	3	4	3	1.000000000000000000000000000000000000000000000000000000000000000	0
1	4	3	2	4	2	1.000000000000000000000000000000000000000000000000000000000000000	0
1	4	3	3	4	3	1.000000000000000000000000000000000000000000000000000000000000000	0
1	4	3	5	4	5	1.000000000000000000000000000000000000000000000000000000000000000	0
1	4	4	1	4	1	1.000000000000000000000000000000000000000000000000000000000000000	0
1	4	4	4	4	4	1.000000000000000000000000000000000000000000000000000000000000000	0
1	4	4	5	4	5	1.000000000000000000000000000000000000000000000000000000000000000	0
1	4	5	3	4	3	1.000000000000000000000000000000000000000000000000000000000000000	0
1	4	5	4	4	4	1.000000000000000000000000000000000000000000000000000000000000000	0
1	4	5	5	4	5	1.000000000000000000000000000000000000000000000000000000000000000	0
1	5	1	5	5	5	1.000000000000000000000000000000000000000000000000000000000000000	0
1	5	2	5	5	5	1.000000000000000000000000000000000000000000000000000000000000000	0
1	5	3	3	5	3	1.000000000000000000000000000000000000000000000000000000000000000	0
1	5	3	4	5	4	1.000000000000000000000000000000000000000000000000000000000000000	0
1	5	3	5	5	5	1.000000000000000000000000000000000000000000000000000000000000000	0
1	5	4	3	5	3	1.000000000000000000000000000000000000000000000000000000000000000	0
1	5	4	4	5	4	1.000000000000000000000000000000000000000000000000000000000000000	0
1	5	4	5	5	5	1.000000000000000000000000000000000000000000000000000000000000000	0
1	5	5	1	5	1	1.000000000000000000000000000000000000000000000000000000000000000	0
1	5	5	2	5	2	1.000000000000000000000000000000000000000000000000000000000000000	0
1	5	5	3	5	3	1.000000000000000000000000000000000000000000000000000000000000000	0
1	5	5	4	5	4	1.000000000000000000000000000000000000000000000000000000000000000	0
1	5	5	5	5	5	1.000000000000000000000000000000000000000000000000000000000000000	0
2	1	1	2	2	1	1.000000000000000000000000000000000000000000000000000000000000000	0
2	1	2	1	2	2	1.000000000000000000000000000000000000000000000000000000000000000	0
2	1	3	4	2	3	1.000000000000000000000000000000000000000000000000000000000000000	0
2	1	4	3	2	4	1.000000000000000000000000000000000000000000000000000000000000000	0
2	1	5	5	2	5	1.000000000000000000000000000000000000000000000000000000000000000	0
2	2	1	1	1	2	1.000000000000000000000000000000000000000000000000000000000000000	0
2	2	2	2	1	1	1.000000000000000000000000000000000000000000000000000000000000000	0
2	2	3	3	1	4	1.000000000000000000000000000000000000000000000000000000000000000	0
2	2	4	4	1	3	1.000000000000000000000000000000000000000000000000000000000000000	0
2	2	5	5	1	5	1.000000000000000000000000000000000000000000000000000000000000000	0
2	3	1	4	4	3	1.000000000000000000000000000000000000000000000000000000000000000	0
2	3	2	3	4	4	1.000000000000000000000000000000000000000000000000000000000000000	0
2	3	3	2	4	1	1.000000000000000000000000000000000000000000000000000000000000000	0
2	3	3	3	4	4	1.000000000000000000000000000000000000000000000000000000000000000	0
2	3	3	5	4	5	1.000000000000000000000000000000000000000000000000000000000000000	0
2	3	4	1	4	2	1.000000000000000000000000000000000000000000000000000000000000000	0
2	3	4	4	4	3	1.000000000000000000000000000000000000000000000000000000000000000	0
2	3	4	5	4	5	1.000000000000000000000000000000000000000000000000000000000000000	0
2	3	5	3	4	4	1.000000000000000000000000000000000000000000000000000000000000000	0
2	3	5	4	4	3	1.000000000000000000000000000000000000000000000000000000000000000	0
2	3	5	5	4	5	1.000000000000000000000000000000000000000000000000000000000000000	0
2	4	1	3	3	4	1.000000000000000000000000000000000000000000000000000000000000000	0
2	4	2	4	3	3	1.000000000000000000000000000000000000000000000000000000000000000	0
2	4	3	1	3	2	1.000000000000000000000000000000000000000000000000000000000000000	0
2	4	3	4	3	3	1.000000000000000000000000000000000000000000000000000000000000000	0
2	4	3	5	3	5	1.000000000000000000000000000000000000000000000000000000000000000	0
2	4	4	2	3	1	1.000000000000000000000000000000000000000000000000000000000000000	0
2	4	4	3	3	4	1.000000000000000000000000000000000000000000000000000000000000000	0
2	4	4	5	3	5	1.000000000000000000000000000000000000000000000000000000000000000	0
2	4	5	3	3	4	1.000000000000000000000000000000000000000000000000000000000000000	0
2	4	5	4	3	3	1.000000000000000000000000000000000000000000000000000000000000000	0
2	4	5	5	3	5	1.000000000000000000000000000000000000000000000000000000000000000	0
2	5	1	5	5	5	1.000000000000000000000000000000000000000000000000000000000000000	0
2	5	2	5	5	5	1.000000000000000000000000000000000000000000000000000000000000000	0
2	5	3	3	5	4	1.000000000000000000000000000000000000000000000000000000000000000	0
2	5	3	4	5	3	1.000000000000000000000000000000000000000000000000000000000000000	0
2	5	3	5	5	5	-1.000000000000000000000000000000000000000000000000000000000000000	0
2	5	4	3	5	4	1.000000000000000000000000000000000000000000000000000000000000000	0
2	5	4	4	5	3	1.000000000000000000000000000000000000000000000000000000000000000	0
2	5	4	5	5	5	-1.000000000000000000000000000000000000000000000000000000000000000	0
2	5	5	1	5	2	1.000000000000000000000000000000000000000000000000000000000000000	0
2	5	5	2	5	1	1.000000000000000000000000000000000000000000000000000000000000000	0
2	5	5	3	5	4	1.000000000000000000000000000000000000000000000000000000000000000	0
2	5	5	4	5	3	1.000000000000000000000000000000000000000000000000000000000000000	0
2	5	5	5	5	5	1.000000000000000000000000000000000000000000000000000000000000000	0
3	1	1	3	3	1	1.000000000000000000000000000000000000000000000000000000000000000	0
3	1	2	4	3	2	1.000000000000000000000000000000000000000000000000000000000000000	0
3	1	3	1	3	3	1.000000000000000000000000000000000000000000000000000000000000000	0
3	1	3	4	3	3	1.000000000000000000000000000000000000000000000000000000000000000	0
3	1	3	5	3	3	1.000000000000000000000000000000000000000000000000000000000000000	0
3	1	4	2	3	4	1.000000000000000000000000000000000000000000000000000000000000000	0
3	1	4	3	3	4	1.000000000000000000000000000000000000000000000000000000000000000	0
3	1	4	5	3	4	1.000000000000000000000000000000000000000000000000000000000000000	0
3	1	5	3	3	5	1.000000000000000000000000000000000000000000000000000000000000000	0
3	1	5	4	3	5	1.000000000000000000000000000000000000000000000000000000000000000	0
3	1	5	5	3	5	1.000000000000000000000000000000000000000000000000000000000000000	0
3	2	1	4	4	2	1.000000000000000000000000000000000000000000000000000000000000000	0
3	2	2	3	4	1	1.000000000000000000000000000000000000000000000000000000000000000	0
3	2	3	2	4	4	1.000000000000000000000000000000000000000000000000000000000000000	0
3	2	3	3	4	4	1.000000000000000000000000000000000000000000000000000000000000000	0
3	2	3	5	4	4	1.000000000000000000000000000000000000000000000000000000000000000	0
3	2	4	1	4	3	1.000000000000000000000000000000000000000000000000000000000000000	0
3	2	4	4	4	3	1.000000000000000000000000000000000000000000000000000000000000000	0
3	2	4	5	4	3	1.000000000000000000000000000000000000000000000000000000000000000	0
3	2	5	3	4	5	1.000000000000000000000000000000000000000000000000000000000000000	0
3	2	5	4	4	5	1.000000000000000000000000000000000000000000000000000000000000000	0
3	2	5	5	4	5	1.000000000000000000000000000000000000000000000000000000000000000	0
3	3	1	1	1	3	1.000000000000000000000000000000000000000000000000000000000000000	0
3	3	1	4	4	3	1.000000000000000000000000000000000000000000000000000000000000000	0
3	3	1	5	5	3	1.000000000000000000000000000000000000000000000000000000000000000	0
3	3	2	2	1	4	1.000000000000000000000000000000000000000000000000000000000000000	0
3	3	2	3	4	4	-1.000000000000000000000000000000000000000000000000000000000000000	0
3	3	2	5	5	4	1.000000000000000000000000000000000000000000000000000000000000000	0
3	3	3	2	4	4	-1.000000000000000000000000000000000000000000000000000000000000000	0
3	3	3	3	1	1	2.618033988749894848204586834365638117720309179805762862135448623	0
3	3	3	3	1	4	2.000000000000000000000000000000000000000000000000000000000000000	0
3	3	3	3	1	5	-1.618033988749894848204586834365638117720309179805762862135448623	0
3	3	3	3	4	1	-1.309016994374947424102293417182819058860154589902881431067724311	0
3	3	3	3	4	4	-2.618033988749894848204586834365638117720309179805762862135448623	0
3	3	3	3	4	5	1.309016994374947424102293417182819058860154589902881431067724311	0
3	3	3	3	5	1	2.618033988749894848204586834365638117720309179805762862135448623	0
3	3	3	3	5	4	3.236067977499789696409173668731276235440618359611525724270897245	0
3	3	3	3	5	5	-2.118033988749894848204586834365638117720309179805762862135448623	0
3	3	3	4	5	5	0.500000000000000000000000000000000000000000000000000000000000000	0
3	3	3	5	4	4	-1.618033988749894848204586834365638117720309179805762862135448623	0
3	3	3	5	4	5	-0.404508497187473712051146708591409529430077294951440715533862156	0
3	3	3	5	5	4	1.000000000000000000000000000000000000000000000000000000000000000	0
3	3	3	5	5	5	0.404508497187473712051146708591409529430077294951440715533862156	0
3	3	4	1	4	3	1.000000000000000000000000000000000000000000000000000000000000000	0
3	3	4	3	5	5	0.500000000000000000000000000000000000000000000000000000000000000	0
3	3	4	4	1	2	2.618033988749894848204586834365638117720309179805762862135448623	0
3	3	4	4	1	3	2.000000000000000000000000000000000000000000000000000000000000000	0
3	3	4	4	1	5	-1.618033988749894848204586834365638117720309179805762862135448623	0
3	3	4	4	4	2	1.309016994374947424102293417182819058860154589902881431067724311	0
3	3	4	4	4	3	2.618033988749894848204586834365638117720309179805762862135448623	0
3	3	4	4	4	5	-1.309016994374947424102293417182819058860154589902881431067724311	0
3	3	4	4	5	2	2.618033988749894848204586834365638117720309179805762862135448623	0
3	3	4	4	5	3	3.236067977499789696409173668731276235440618359611525724270897245	0
3	3	4	4	5	5	-2.118033988749894848204586834365638117720309179805762862135448623	0
3	3	4	5	4	3	1.618033988749894848204586834365638117720309179805762862135448623	0
3	3	4	5	4	5	0.404508497187473712051146708591409529430077294951440715533862156	0
3	3	4	5	5	3	-1.000000000000000000000000000000000000000000000000000000000000000	0
3	3	4	5	5	5	-0.404508497187473712051146708591409529430077294951440715533862156	0
3	3	5	1	5	3	1.000000000000000000000000000000000000000000000000000000000000000	0
3	3	5	2	5	4	1.000000000000000000000000000000000000000000000000000000000000000	0
3	3	5	3	4	4	-1.618033988749894848204586834365638117720309179805762862135448623	0
3	3	5	3	4	5	-0.404508497187473712051146708591409529430077294951440715533862156	0
3	3	5	3	5	4	1.000000000000000000000000000000000000000000000000000000000000000	0
3	3	5	3	5	5	0.404508497187473712051146708591409529430077294951440715533862156	0
3	3	5	4	4	3	1.618033988749894848204586834365638117720309179805762862135448623	0
3	3	5	4	4	5	0.404508497187473712051146708591409529430077294951440715533862156	0
3	3	5	4	5	3	-1.000000000000000000000000000000000000000000000000000000000000000	0
3	3	5	4	5	5	-0.404508497187473712051146708591409529430077294951440715533862156	0
3	3	5	5	1	3	0.500000000000000000000000000000000000000000000000000000000000000	0
3	3	5	5	1	4	0.500000000000000000000000000000000000000000000000000000000000000	0
3	3	5	5	1	5	-0.202254248593736856025573354295704764715038647475720357766931078	0
3	3	5	5	4	3	-1.000000000000000000000000000000000000000000000000000000000000000	0
3	3	5	5	4	4	1.000000000000000000000000000000000000000000000000000000000000000	0
3	3	5	5	4	5	0.	0
3	3	5	5	5	3	0.809016994374947424102293417182819058860154589902881431067724311	0
3	3	5	5	5	4	0.809016994374947424102293417182819058860154589902881431067724311	0
3	3	5	5	5	5	-0.202254248593736856025573354295704764715038647475720357766931078	0
3	4	1	2	2	4	1.000000000000000000000000000000000000000000000000000000000000000	0
3	4	1	3	3	4	1.000000000000000000000000000000000000000000000000000000000000000	0
3	4	1	5	5	4	1.000000000000000000000000000000000000000000000000000000000000000	0
3	4	2	1	2	3	1.000000000000000000000000000000000000000000000000000000000000000	0
3	4	2	4	3	3	-1.000000000000000000000000000000000000000000000000000000000000000	0
3	4	2	5	5	3	1.000000000000000000000000000000000000000000000000000000000000000	0
3	4	3	1	3	3	-1.000000000000000000000000000000000000000000000000000000000000000	0
3	4	3	3	5	5	0.500000000000000000000000000000000000000000000000000000000000000	0
3	4	3	4	2	2	2.618033988749894848204586834365638117720309179805762862135448623	0
3	4	3	4	2	3	2.000000000000000000000000000000000000000000000000000000000000000	0
3	4	3	4	2	5	-1.618033988749894848204586834365638117720309179805762862135448623	0
3	4	3	4	3	2	-1.309016994374947424102293417182819058860154589902881431067724311	0
3	4	3	4	3	3	-2.618033988749894848204586834365638117720309179805762862135448623	0
3	4	3	4	3	5	1.309016994374947424102293417182819058860154589902881431067724311	0
3	4	3	4	5	2	2.618033988749894848204586834365638117720309179805762862135448623	0
3	4	3	4	5	3	3.236067977499789696409173668731276235440618359611525724270897245	0
3	4	3	4	5	5	-2.118033988749894848204586834365638117720309179805762862135448623	0
3	4	3	5	3	3	-1.618033988749894848204586834365638117720309179805762862135448623	0
3	4	3	5	3	5	-0.404508497187473712051146708591409529430077294951440715533862156	0
3	4	3	5	5	3	-1.000000000000000000000000000000000000000000000000000000000000000	0
3	4	3	5	5	5	-0.404508497187473712051146708591409529430077294951440715533862156	0
3	4	4	2	3	4	1.000000000000000000000000000000000000000000000000000000000000000	0
3	4	4	3	2	1	2.618033988749894848204586834365638117720309179805762862135448623	0
3	4	4	3	2	4	2.000000000000000000000000000000000000000000000000000000000000000	0
3	4	4	3	2	5	-1.618033988749894848204586834365638117720309179805762862135448623	0
3	4	4	3	3	1	1.309016994374947424102293417182819058860154589902881431067724311	0
3	4	4	3	3	4	2.618033988749894848204586834365638117720309179805762862135448623	0
3	4	4	3	3	5	-1.309016994374947424102293417182819058860154589902881431067724311	0
3	4	4	3	5	1	2.618033988749894848204586834365638117720309179805762862135448623	0
3	4	4	3	5	4	3.236067977499789696409173668731276235440618359611525724270897245	0
3	4	4	3	5	5	-2.118033988749894848204586834365638117720309179805762862135448623	0
3	4	4	4	5	5	0.500000000000000000000000000000000000000000000000000000000000000	0
3	4	4	5	3	4	1.618033988749894848204586834365638117720309179805762862135448623	0
3	4	4	5	3	5	0.404508497187473712051146708591409529430077294951440715533862156	0
3	4	4	5	5	4	1.000000000000000000000000000000000000000000000000000000000000000	0
3	4	4	5	5	5	0.404508497187473712051146708591409529430077294951440715533862156	0
3	4	5	1	5	3	1.000000000000000000000000000000000000000000000000000000000000000	0
3	4	5	2	5	4	1.000000000000000000000000000000000000000000000000000000000000000	0
3	4	5	3	3	4	1.618033988749894848204586834365638117720309179805762862135448623	0
3	4	5	3	3	5	0.404508497187473712051146708591409529430077294951440715533862156	0
3	4	5	3	5	4	-1.000000000000000000000000000000000000000000000000000000000000000	0
3	4	5	3	5	5	-0.404508497187473712051146708591409529430077294951440715533862156	0
3	4	5	4	3	3	-1.618033988749894848204586834365638117720309179805762862135448623	0
3	4	5	4	3	5	-0.404508497187473712051146708591409529430077294951440715533862156	0
3	4	5	4	5	3	1.000000000000000000000000000000000000000000000000000000000000000	0
3	4	5	4	5	5	0.404508497187473712051146708591409529430077294951440715533862156	0
3	4	5	5	2	3	0.500000000000000000000000000000000000000000000000000000000000000	0
3	4	5	5	2	4	0.500000000000000000000000000000000000000000000000000000000000000	0
3	4	5	5	2	5	-0.202254248593736856025573354295704764715038647475720357766931078	0
3	4	5	5	3	3	1.000000000000000000000000000000000000000000000000000000000000000	0
3	4	5	5	3	4	-1.000000000000000000000000000000000000000000000000000000000000000	0
3	4	5	5	3	5	0.	0
3	4	5	5	5	3	0.809016994374947424102293417182819058860154589902881431067724311	0
3	4	5	5	5	4	0.809016994374947424102293417182819058860154589902881431067724311	0
3	4	5	5	5	5	-0.202254248593736856025573354295704764715038647475720357766931078	0
3	5	1	3	3	5	1.000000000000000000000000000000000000000000000000000000000000000	0
3	5	1	4	4	5	1.000000000000000000000000000000000000000000000000000000000000000	0
3	5	1	5	5	5	1.000000000000000000000000000000000000000000000000000000000000000	0
3	5	2	3	4	5	1.000000000000000000000000000000000000000000000000000000000000000	0
3	5	2	4	3	5	1.000000000000000000000000000000000000000000000000000000000000000	0
3	5	2	5	5	5	-1.000000000000000000000000000000000000000000000000000000000000000	0
3	5	3	1	3	3	2.000000000000000000000000000000000000000000000000000000000000000	0
3	5	3	2	4	4	2.000000000000000000000000000000000000000000000000000000000000000	0
3	5	3	3	4	4	3.236067977499789696409173668731276235440618359611525724270897245	0
3	5	3	3	4	5	1.618033988749894848204586834365638117720309179805762862135448623	0
3	5	3	3	5	4	4.000000000000000000000000000000000000000000000000000000000000000	0
3	5	3	3	5	5	3.236067977499789696409173668731276235440618359611525724270897245	0
3	5	3	4	3	3	3.236067977499789696409173668731276235440618359611525724270897245	0
3	5	3	4	3	5	-1.618033988749894848204586834365638117720309179805762862135448623	0
3	5	3	4	5	3	4.000000000000000000000000000000000000000000000000000000000000000	0
3	5	3	4	5	5	-3.236067977499789696409173668731276235440618359611525724270897245	0
3	5	3	5	3	3	2.618033988749894848204586834365638117720309179805762862135448623	0
3	5	3	5	3	4	-0.618033988749894848204586834365638117720309179805762862135448623	0
3	5	3	5	3	5	0.809016994374947424102293417182819058860154589902881431067724311	0
3	5	3	5	4	3	-0.618033988749894848204586834365638117720309179805762862135448623	0
3	5	3	5	4	4	2.618033988749894848204586834365638117720309179805762862135448623	0
3	5	3	5	4	5	-0.809016994374947424102293417182819058860154589902881431067724311	0
3	5	3	5	5	3	-2.000000000000000000000000000000000000000000000000000000000000000	0
3	5	3	5	5	4	2.000000000000000000000000000000000000000000000000000000000000000	0
3	5	3	5	5	5	-1.618033988749894848204586834365638117720309179805762862135448623	0
3	5	4	1	4	3	2.000000000000000000000000000000000000000000000000000000000000000	0
3	5	4	2	3	4	2.000000000000000000000000000000000000000000000000000000000000000	0
3	5	4	3	3	4	3.236067977499789696409173668731276235440618359611525724270897245	0
3	5	4	3	3	5	1.618033988749894848204586834365638117720309179805762862135448623	0
3	5	4	3	5	4	-4.000000000000000000000000000000000000000000000000000000000000000	0
3	5	4	3	5	5	-3.236067977499789696409173668731276235440618359611525724270897245	0
3	5	4	4	4	3	3.236067977499789696409173668731276235440618359611525724270897245	0
3	5	4	4	4	5	-1.618033988749894848204586834365638117720309179805762862135448623	0
3	5	4	4	5	3	-4.000000000000000000000000000000000000000000000000000000000000000	0
3	5	4	4	5	5	3.236067977499789696409173668731276235440618359611525724270897245	0
3	5	4	5	3	3	-0.618033988749894848204586834365638117720309179805762862135448623	0
3	5	4	5	3	4	2.618033988749894848204586834365638117720309179805762862135448623	0
3	5	4	5	3	5	-0.809016994374947424102293417182819058860154589902881431067724311	0
3	5	4	5	4	3	2.618033988749894848204586834365638117720309179805762862135448623	0
3	5	4	5	4	4	-0.618033988749894848204586834365638117720309179805762862135448623	0
3	5	4	5	4	5	0.809016994374947424102293417182819058860154589902881431067724311	0
3	5	4	5	5	3	2.000000000000000000000000000000000000000000000000000000000000000	0
3	5	4	5	5	4	-2.000000000000000000000000000000000000000000000000000000000000000	0
3	5	4	5	5	5	1.618033988749894848204586834365638117720309179805762862135448623	0
3	5	5	1	5	3	4.000000000000000000000000000000000000000000000000000000000000000	0
3	5	5	2	5	4	4.000000000000000000000000000000000000000000000000000000000000000	0
3	5	5	3	3	1	-1.618033988749894848204586834365638117720309179805762862135448623	0
3	5	5	3	3	4	-2.000000000000000000000000000000000000000000000000000000000000000	0
3	5	5	3	3	5	1.618033988749894848204586834365638117720309179805762862135448623	0
3	5	5	3	4	1	-1.618033988749894848204586834365638117720309179805762862135448623	0
3	5	5	3	4	4	2.000000000000000000000000000000000000000000000000000000000000000	0
3	5	5	3	4	5	1.618033988749894848204586834365638117720309179805762862135448623	0
3	5	5	3	5	1	-3.236067977499789696409173668731276235440618359611525724270897245	0
3	5	5	3	5	4	0.	0
3	5	5	3	5	5	2.000000000000000000000000000000000000000000000000000000000000000	0
3	5	5	4	3	2	-1.618033988749894848204586834365638117720309179805762862135448623	0
3	5	5	4	3	3	2.000000000000000000000000000000000000000000000000000000000000000	0
3	5	5	4	3	5	1.618033988749894848204586834365638117720309179805762862135448623	0
3	5	5	4	4	2	-1.618033988749894848204586834365638117720309179805762862135448623	0
3	5	5	4	4	3	-2.000000000000000000000000000000000000000000000000000000000000000	0
3	5	5	4	4	5	1.618033988749894848204586834365638117720309179805762862135448623	0
3	5	5	4	5	2	-3.236067977499789696409173668731276235440618359611525724270897245	0
3	5	5	4	5	3	0.	0
3	5	5	4	5	5	2.000000000000000000000000000000000000000000000000000000000000000	0
3	5	5	5	3	3	-2.000000000000000000000000000000000000000000000000000000000000000	0
3	5	5	5	3	4	2.000000000000000000000000000000000000000000000000000000000000000	0
3	5	5	5	3	5	1.000000000000000000000000000000000000000000000000000000000000000	0
3	5	5	5	4	3	2.000000000000000000000000000000000000000000000000000000000000000	0
3	5	5	5	4	4	-2.000000000000000000000000000000000000000000000000000000000000000	0
3	5	5	5	4	5	1.000000000000000000000000000000000000000000000000000000000000000	0
3	5	5	5	5	3	2.000000000000000000000000000000000000000000000000000000000000000	0
3	5	5	5	5	4	2.000000000000000000000000000000000000000000000000000000000000000	0
3	5	5	5	5	5	0.	0
4	1	1	4	4	1	1.000000000000000000000000000000000000000000000000000000000000000	0
4	1	2	3	4	2	1.000000000000000000000000000000000000000000000000000000000000000	0
4	1	3	2	4	3	1.000000000000000000000000000000000000000000000000000000000000000	0
4	1	3	3	4	3	1.000000000000000000000000000000000000000000000000000000000000000	0
4	1	3	5	4	3	1.000000000000000000000000000000000000000000000000000000000000000	0
4	1	4	1	4	4	1.000000000000000000000000000000000000000000000000000000000000000	0
4	1	4	4	4	4	1.000000000000000000000000000000000000000000000000000000000000000	0
4	1	4	5	4	4	1.000000000000000000000000000000000000000000000000000000000000000	0
4	1	5	3	4	5	1.000000000000000000000000000000000000000000000000000000000000000	0
4	1	5	4	4	5	1.000000000000000000000000000000000000000000000000000000000000000	0
4	1	5	5	4	5	1.000000000000000000000000000000000000000000000000000000000000000	0
4	2	1	3	3	2	1.000000000000000000000000000000000000000000000000000000000000000	0
4	2	2	4	3	1	1.000000000000000000000000000000000000000000000000000000000000000	0
4	2	3	1	3	4	1.000000000000000000000000000000000000000000000000000000000000000	0
4	2	3	4	3	4	1.000000000000000000000000000000000000000000000000000000000000000	0
4	2	3	5	3	4	1.000000000000000000000000000000000000000000000000000000000000000	0
4	2	4	2	3	3	1.000000000000000000000000000000000000000000000000000000000000000	0
4	2	4	3	3	3	1.000000000000000000000000000000000000000000000000000000000000000	0
4	2	4	5	3	3	1.000000000000000000000000000000000000000000000000000000000000000	0
4	2	5	3	3	5	1.000000000000000000000000000000000000000000000000000000000000000	0
4	2	5	4	3	5	1.000000000000000000000000000000000000000000000000000000000000000	0
4	2	5	5	3	5	1.000000000000000000000000000000000000000000000000000000000000000	0
4	3	1	2	2	3	1.000000000000000000000000000000000000000000000000000000000000000	0
4	3	1	3	3	3	1.000000000000000000000000000000000000000000000000000000000000000	0
4	3	1	5	5	3	1.000000000000000000000000000000000000000000000000000000000000000	0
4	3	2	1	2	4	1.000000000000000000000000000000000000000000000000000000000000000	0
4	3	2	4	3	4	-1.000000000000000000000000000000000000000000000000000000000000000	0
4	3	2	5	5	4	1.000000000000000000000000000000000000000000000000000000000000000	0
4	3	3	1	3	4	-1.000000000000000000000000000000000000000000000000000000000000000	0
4	3	3	3	5	5	0.500000000000000000000000000000000000000000000000000000000000000	0
4	3	3	4	2	1	2.618033988749894848204586834365638117720309179805762862135448623	0
4	3	3	4	2	4	2.000000000000000000000000000000000000000000000000000000000000000	0
4	3	3	4	2	5	-1.618033988749894848204586834365638117720309179805762862135448623	0
4	3	3	4	3	1	-1.309016994374947424102293417182819058860154589902881431067724311	0
4	3	3	4	3	4	-2.618033988749894848204586834365638117720309179805762862135448623	0
4	3	3	4	3	5	1.309016994374947424102293417182819058860154589902881431067724311	0
4	3	3	4	5	1	2.618033988749894848204586834365638117720309179805762862135448623	0
4	3	3	4	5	4	3.236067977499789696409173668731276235440618359611525724270897245	0
4	3	3	4	5	5	-2.118033988749894848204586834365638117720309179805762862135448623	0
4	3	3	5	3	4	-1.618033988749894848204586834365638117720309179805762862135448623	0
4	3	3	5	3	5	-0.404508497187473712051146708591409529430077294951440715533862156	0
4	3	3	5	5	4	-1.000000000000000000000000000000000000000000000000000000000000000	0
4	3	3	5	5	5	-0.404508497187473712051146708591409529430077294951440715533862156	0
4	3	4	2	3	3	1.000000000000000000000000000000000000000000000000000000000000000	0
4	3	4	3	2	2	2.618033988749894848204586834365638117720309179805762862135448623	0
4	3	4	3	2	3	2.000000000000000000000000000000000000000000000000000000000000000	0
4	3	4	3	2	5	-1.618033988749894848204586834365638117720309179805762862135448623	0
4	3	4	3	3	2	1.309016994374947424102293417182819058860154589902881431067724311	0
4	3	4	3	3	3	2.618033988749894848204586834365638117720309179805762862135448623	0
4	3	4	3	3	5	-1.309016994374947424102293417182819058860154589902881431067724311	0
4	3	4	3	5	2	2.618033988749894848204586834365638117720309179805762862135448623	0
4	3	4	3	5	3	3.236067977499789696409173668731276235440618359611525724270897245	0
4	3	4	3	5	5	-2.118033988749894848204586834365638117720309179805762862135448623	0
4	3	4	4	5	5	0.500000000000000000000000000000000000000000000000000000000000000	0
4	3	4	5	3	3	1.618033988749894848204586834365638117720309179805762862135448623	0
4	3	4	5	3	5	0.404508497187473712051146708591409529430077294951440715533862156	0
4	3	4	5	5	3	1.000000000000000000000000000000000000000000000000000000000000000	0
4	3	4	5	5	5	0.404508497187473712051146708591409529430077294951440715533862156	0
4	3	5	1	5	4	1.000000000000000000000000000000000000000000000000000000000000000	0
4	3	5	2	5	3	1.000000000000000000000000000000000000000000000000000000000000000	0
4	3	5	3	3	3	1.618033988749894848204586834365638117720309179805762862135448623	0
4	3	5	3	3	5	0.404508497187473712051146708591409529430077294951440715533862156	0
4	3	5	3	5	3	-1.000000000000000000000000000000000000000000000000000000000000000	0
4	3	5	3	5	5	-0.404508497187473712051146708591409529430077294951440715533862156	0
4	3	5	4	3	4	-1.618033988749894848204586834365638117720309179805762862135448623	0
4	3	5	4	3	5	-0.404508497187473712051146708591409529430077294951440715533862156	0
4	3	5	4	5	4	1.000000000000000000000000000000000000000000000000000000000000000	0
4	3	5	4	5	5	0.404508497187473712051146708591409529430077294951440715533862156	0
4	3	5	5	2	3	0.500000000000000000000000000000000000000000000000000000000000000	0
4	3	5	5	2	4	0.500000000000000000000000000000000000000000000000000000000000000	0
4	3	5	5	2	5	-0.202254248593736856025573354295704764715038647475720357766931078	0
4	3	5	5	3	3	-1.000000000000000000000000000000000000000000000000000000000000000	0
4	3	5	5	3	4	1.000000000000000000000000000000000000000000000000000000000000000	0
4	3	5	5	3	5	0.	0
4	3	5	5	5	3	0.809016994374947424102293417182819058860154589902881431067724311	0
4	3	5	5	5	4	0.809016994374947424102293417182819058860154589902881431067724311	0
4	3	5	5	5	5	-0.202254248593736856025573354295704764715038647475720357766931078	0
4	4	1	1	1	4	1.000000000000000000000000000000000000000000000000000000000000000	0
4	4	1	4	4	4	1.000000000000000000000000000000000000000000000000000000000000000	0
4	4	1	5	5	4	1.000000000000000000000000000000000000000000000000000000000000000	0
4	4	2	2	1	3	1.000000000000000000000000000000000000000000000000000000000000000	0
4	4	2	3	4	3	-1.000000000000000000000000000000000000000000000000000000000000000	0
4	4	2	5	5	3	1.000000000000000000000000000000000000000000000000000000000000000	0
4	4	3	2	4	3	-1.000000000000000000000000000000000000000000000000000000000000000	0
4	4	3	3	1	2	2.618033988749894848204586834365638117720309179805762862135448623	0
4	4	3	3	1	3	2.000000000000000000000000000000000000000000000000000000000000000	0
4	4	3	3	1	5	-1.618033988749894848204586834365638117720309179805762862135448623	0
4	4	3	3	4	2	-1.309016994374947424102293417182819058860154589902881431067724311	0
4	4	3	3	4	3	-2.618033988749894848204586834365638117720309179805762862135448623	0
4	4	3	3	4	5	1.309016994374947424102293417182819058860154589902881431067724311	0
4	4	3	3	5	2	2.618033988749894848204586834365638117720309179805762862135448623	0
4	4	3	3	5	3	3.236067977499789696409173668731276235440618359611525724270897245	0
4	4	3	3	5	5	-2.118033988749894848204586834365638117720309179805762862135448623	0
4	4	3	4	5	5	0.500000000000000000000000000000000000000000000000000000000000000	0
4	4	3	5	4	3	-1.618033988749894848204586834365638117720309179805762862135448623	0
4	4	3	5	4	5	-0.404508497187473712051146708591409529430077294951440715533862156	0
4	4	3	5	5	3	1.000000000000000000000000000000000000000000000000000000000000000	0
4	4	3	5	5	5	0.404508497187473712051146708591409529430077294951440715533862156	0
4	4	4	1	4	4	1.000000000000000000000000000000000000000000000000000000000000000	0
4	4	4	3	5	5	0.500000000000000000000000000000000000000000000000000000000000000	0
4	4	4	4	1	1	2.618033988749894848204586834365638117720309179805762862135448623	0
4	4	4	4	1	4	2.000000000000000000000000000000000000000000000000000000000000000	0
4	4	4	4	1	5	-1.618033988749894848204586834365638117720309179805762862135448623	0
4	4	4	4	4	1	1.309016994374947424102293417182819058860154589902881431067724311	0
4	4	4	4	4	4	2.618033988749894848204586834365638117720309179805762862135448623	0
4	4	4	4	4	5	-1.309016994374947424102293417182819058860154589902881431067724311	0
4	4	4	4	5	1	2.618033988749894848204586834365638117720309179805762862135448623	0
4	4	4	4	5	4	3.236067977499789696409173668731276235440618359611525724270897245	0
4	4	4	4	5	5	-2.118033988749894848204586834365638117720309179805762862135448623	0
4	4	4	5	4	4	1.618033988749894848204586834365638117720309179805762862135448623	0
4	4	4	5	4	5	0.404508497187473712051146708591409529430077294951440715533862156	0
4	4	4	5	5	4	-1.000000000000000000000000000000000000000000000000000000000000000	0
4	4	4	5	5	5	-0.404508497187473712051146708591409529430077294951440715533862156	0
4	4	5	1	5	4	1.000000000000000000000000000000000000000000000000000000000000000	0
4	4	5	2	5	3	1.000000000000000000000000000000000000000000000000000000000000000	0
4	4	5	3	4	3	-1.618033988749894848204586834365638117720309179805762862135448623	0
4	4	5	3	4	5	-0.404508497187473712051146708591409529430077294951440715533862156	0
4	4	5	3	5	3	1.000000000000000000000000000000000000000000000000000000000000000	0
4	4	5	3	5	5	0.404508497187473712051146708591409529430077294951440715533862156	0
4	4	5	4	4	4	1.618033988749894848204586834365638117720309179805762862135448623	0
4	4	5	4	4	5	0.404508497187473712051146708591409529430077294951440715533862156	0
4	4	5	4	5	4	-1.000000000000000000000000000000000000000000000000000000000000000	0
4	4	5	4	5	5	-0.404508497187473712051146708591409529430077294951440715533862156	0
4	4	5	5	1	3	0.500000000000000000000000000000000000000000000000000000000000000	0
4	4	5	5	1	4	0.500000000000000000000000000000000000000000000000000000000000000	0
4	4	5	5	1	5	-0.202254248593736856025573354295704764715038647475720357766931078	0
4	4	5	5	4	3	1.000000000000000000000000000000000000000000000000000000000000000	0
4	4	5	5	4	4	-1.000000000000000000000000000000000000000000000000000000000000000	0
4	4	5	5	4	5	0.	0
4	4	5	5	5	3	0.809016994374947424102293417182819058860154589902881431067724311	0
4	4	5	5	5	4	0.809016994374947424102293417182819058860154589902881431067724311	0
4	4	5	5	5	5	-0.202254248593736856025573354295704764715038647475720357766931078	0
4	5	1	3	3	5	1.000000000000000000000000000000000000000000000000000000000000000	0
4	5	1	4	4	5	1.000000000000000000000000000000000000000000000000000000000000000	0
4	5	1	5	5	5	1.000000000000000000000000000000000000000000000000000000000000000	0
4	5	2	3	4	5	1.000000000000000000000000000000000000000000000000000000000000000	0
4	5	2	4	3	5	1.000000000000000000000000000000000000000000000000000000000000000	0
4	5	2	5	5	5	-1.000000000000000000000000000000000000000000000000000000000000000	0
4	5	3	1	3	4	2.000000000000000000000000000000000000000000000000000000000000000	0
4	5	3	2	4	3	2.000000000000000000000000000000000000000000000000000000000000000	0
4	5	3	3	4	3	3.236067977499789696409173668731276235440618359611525724270897245	0
4	5	3	3	4	5	-1.618033988749894848204586834365638117720309179805762862135448623	0
4	5	3	3	5	3	4.000000000000000000000000000000000000000000000000000000000000000	0
4	5	3	3	5	5	-3.236067977499789696409173668731276235440618359611525724270897245	0
4	5	3	4	3	4	3.236067977499789696409173668731276235440618359611525724270897245	0
4	5	3	4	3	5	1.618033988749894848204586834365638117720309179805762862135448623	0
4	5	3	4	5	4	4.000000000000000000000000000000000000000000000000000000000000000	0
4	5	3	4	5	5	3.236067977499789696409173668731276235440618359611525724270897245	0
4	5	3	5	3	3	-0.618033988749894848204586834365638117720309179805762862135448623	0
4	5	3	5	3	4	2.618033988749894848204586834365638117720309179805762862135448623	0
4	5	3	5	3	5	-0.809016994374947424102293417182819058860154589902881431067724311	0
4	5	3	5	4	3	2.618033988749894848204586834365638117720309179805762862135448623	0
4	5	3	5	4	4	-0.618033988749894848204586834365638117720309179805762862135448623	0
4	5	3	5	4	5	0.809016994374947424102293417182819058860154589902881431067724311	0
4	5	3	5	5	3	2.000000000000000000000000000000000000000000000000000000000000000	0
4	5	3	5	5	4	-2.000000000000000000000000000000000000000000000000000000000000000	0
4	5	3	5	5	5	1.618033988749894848204586834365638117720309179805762862135448623	0
4	5	4	1	4	4	2.000000000000000000000000000000000000000000000000000000000000000	0
4	5	4	2	3	3	2.000000000000000000000000000000000000000000000000000000000000000	0
4	5	4	3	3	3	3.236067977499789696409173668731276235440618359611525724270897245	0
4	5	4	3	3	5	-1.618033988749894848204586834365638117720309179805762862135448623	0
4	5	4	3	5	3	-4.000000000000000000000000000000000000000000000000000000000000000	0
4	5	4	3	5	5	3.236067977499789696409173668731276235440618359611525724270897245	0
4	5	4	4	4	4	3.236067977499789696409173668731276235440618359611525724270897245	0
4	5	4	4	4	5	1.618033988749894848204586834365638117720309179805762862135448623	0
4	5	4	4	5	4	-4.000000000000000000000000000000000000000000000000000000000000000	0
4	5	4	4	5	5	-3.236067977499789696409173668731276235440618359611525724270897245	0
4	5	4	5	3	3	2.618033988749894848204586834365638117720309179805762862135448623	0
4	5	4	5	3	4	-0.618033988749894848204586834365638117720309179805762862135448623	0
4	5	4	5	3	5	0.809016994374947424102293417182819058860154589902881431067724311	0
4	5	4	5	4	3	-0.618033988749894848204586834365638117720309179805762862135448623	0
4	5	4	5	4	4	2.618033988749894848204586834365638117720309179805762862135448623	0
4	5	4	5	4	5	-0.809016994374947424102293417182819058860154589902881431067724311	0
4	5	4	5	5	3	-2.000000000000000000000000000000000000000000000000000000000000000	0
4	5	4	5	5	4	2.000000000000000000000000000000000000000000000000000000000000000	0
4	5	4	5	5	5	-1.618033988749894848204586834365638117720309179805762862135448623	0
4	5	5	1	5	4	4.000000000000000000000000000000000000000000000000000000000000000	0
4	5	5	2	5	3	4.000000000000000000000000000000000000000000000000000000000000000	0
4	5	5	3	3	2	-1.618033988749894848204586834365638117720309179805762862135448623	0
4	5	5	3	3	3	-2.000000000000000000000000000000000000000000000000000000000000000	0
4	5	5	3	3	5	1.618033988749894848204586834365638117720309179805762862135448623	0
4	5	5	3	4	2	-1.618033988749894848204586834365638117720309179805762862135448623	0
4	5	5	3	4	3	2.000000000000000000000000000000000000000000000000000000000000000	0
4	5	5	3	4	5	1.618033988749894848204586834365638117720309179805762862135448623	0
4	5	5	3	5	2	-3.236067977499789696409173668731276235440618359611525724270897245	0
4	5	5	3	5	3	0.	0
4	5	5	3	5	5	2.000000000000000000000000000000000000000000000000000000000000000	0
4	5	5	4	3	1	-1.618033988749894848204586834365638117720309179805762862135448623	0
4	5	5	4	3	4	2.000000000000000000000000000000000000000000000000000000000000000	0
4	5	5	4	3	5	1.618033988749894848204586834365638117720309179805762862135448623	0
4	5	5	4	4	1	-1.618033988749894848204586834365638117720309179805762862135448623	0
4	5	5	4	4	4	-2.000000000000000000000000000000000000000000000000000000000000000	0
4	5	5	4	4	5	1.618033988749894848204586834365638117720309179805762862135448623	0
4	5	5	4	5	1	-3.236067977499789696409173668731276235440618359611525724270897245	0
4	5	5	4	5	4	0.	0
4	5	5	4	5	5	2.000000000000000000000000000000000000000000000000000000000000000	0
4	5	5	5	3	3	2.000000000000000000000000000000000000000000000000000000000000000	0
4	5	5	5	3	4	-2.000000000000000000000000000000000000000000000000000000000000000	0
4	5	5	5	3	5	1.000000000000000000000000000000000000000000000000000000000000000	0
4	5	5	5	4	3	-2.000000000000000000000000000000000000000000000000000000000000000	0
4	5	5	5	4	4	2.000000000000000000000000000000000000000000000000000000000000000	0
4	5	5	5	4	5	1.000000000000000000000000000000000000000000000000000000000000000	0
4	5	5	5	5	3	2.000000000000000000000000000000000000000000000000000000000000000	0
4	5	5	5	5	4	2.000000000000000000000000000000000000000000000000000000000000000	0
4	5	5	5	5	5	0.	0
5	1	1	5	5	1	1.000000000000000000000000000000000000000000000000000000000000000	0
5	1	2	5	5	2	1.000000000000000000000000000000000000000000000000000000000000000	0
5	1	3	3	5	3	1.000000000000000000000000000000000000000000000000000000000000000	0
5	1	3	4	5	3	1.000000000000000000000000000000000000000000000000000000000000000	0
5	1	3	5	5	3	1.000000000000000000000000000000000000000000000000000000000000000	0
5	1	4	3	5	4	1.000000000000000000000000000000000000000000000000000000000000000	0
5	1	4	4	5	4	1.000000000000000000000000000000000000000000000000000000000000000	0
5	1	4	5	5	4	1.000000000000000000000000000000000000000000000000000000000000000	0
5	1	5	1	5	5	1.000000000000000000000000000000000000000000000000000000000000000	0
5	1	5	2	5	5	1.000000000000000000000000000000000000000000000000000000000000000	0
5	1	5	3	5	5	1.000000000000000000000000000000000000000000000000000000000000000	0
5	1	5	4	5	5	1.000000000000000000000000000000000000000000000000000000000000000	0
5	1	5	5	5	5	1.000000000000000000000000000000000000000000000000000000000000000	0
5	2	1	5	5	2	1.000000000000000000000000000000000000000000000000000000000000000	0
5	2	2	5	5	1	1.000000000000000000000000000000000000000000000000000000000000000	0
5	2	3	3	5	4	1.000000000000000000000000000000000000000000000000000000000000000	0
5	2	3	4	5	4	1.000000000000000000000000000000000000000000000000000000000000000	0
5	2	3	5	5	4	1.000000000000000000000000000000000000000000000000000000000000000	0
5	2	4	3	5	3	1.000000000000000000000000000000000000000000000000000000000000000	0
5	2	4	4	5	3	1.000000000000000000000000000000000000000000000000000000000000000	0
5	2	4	5	5	3	1.000000000000000000000000000000000000000000000000000000000000000	0
5	2	5	1	5	5	1.000000000000000000000000000000000000000000000000000000000000000	0
5	2	5	2	5	5	1.000000000000000000000000000000000000000000000000000000000000000	0
5	2	5	3	5	5	-1.000000000000000000000000000000000000000000000000000000000000000	0
5	2	5	4	5	5	-1.000000000000000000000000000000000000000000000000000000000000000	0
5	2	5	5	5	5	1.000000000000000000000000000000000000000000000000000000000000000	0
5	3	1	3	3	3	1.000000000000000000000000000000000000000000000000000000000000000	0
5	3	1	4	4	3	1.000000000000000000000000000000000000000000000000000000000000000	0
5	3	1	5	5	3	1.000000000000000000000000000000000000000000000000000000000000000	0
5	3	2	3	4	4	1.000000000000000000000000000000000000000000000000000000000000000	0
5	3	2	4	3	4	1.000000000000000000000000000000000000000000000000000000000000000	0
5	3	2	5	5	4	1.000000000000000000000000000000000000000000000000000000000000000	0
5	3	3	1	3	5	0.500000000000000000000000000000000000000000000000000000000000000	0
5	3	3	2	4	5	0.500000000000000000000000000000000000000000000000000000000000000	0
5	3	3	3	4	4	1.618033988749894848204586834365638117720309179805762862135448623	0
5	3	3	3	4	5	0.809016994374947424102293417182819058860154589902881431067724311	0
5	3	3	3	5	4	1.000000000000000000000000000000000000000000000000000000000000000	0
5	3	3	3	5	5	0.809016994374947424102293417182819058860154589902881431067724311	0
5	3	3	4	3	4	1.618033988749894848204586834365638117720309179805762862135448623	0
5	3	3	4	3	5	0.809016994374947424102293417182819058860154589902881431067724311	0
5	3	3	4	5	4	-1.000000000000000000000000000000000000000000000000000000000000000	0
5	3	3	4	5	5	-0.809016994374947424102293417182819058860154589902881431067724311	0
5	3	3	5	3	1	-0.809016994374947424102293417182819058860154589902881431067724311	0
5	3	3	5	3	4	-1.000000000000000000000000000000000000000000000000000000000000000	0
5	3	3	5	3	5	0.809016994374947424102293417182819058860154589902881431067724311	0
5	3	3	5	4	1	-0.809016994374947424102293417182819058860154589902881431067724311	0
5	3	3	5	4	4	1.000000000000000000000000000000000000000000000000000000000000000	0
5	3	3	5	4	5	0.809016994374947424102293417182819058860154589902881431067724311	0
5	3	3	5	5	1	-0.809016994374947424102293417182819058860154589902881431067724311	0
5	3	3	5	5	4	0.	0
5	3	3	5	5	5	0.500000000000000000000000000000000000000000000000000000000000000	0
5	3	4	1	4	5	0.500000000000000000000000000000000000000000000000000000000000000	0
5	3	4	2	3	5	0.500000000000000000000000000000000000000000000000000000000000000	0
5	3	4	3	3	3	1.618033988749894848204586834365638117720309179805762862135448623	0
5	3	4	3	3	5	-0.809016994374947424102293417182819058860154589902881431067724311	0
5	3	4	3	5	3	1.000000000000000000000000000000000000000000000000000000000000000	0
5	3	4	3	5	5	-0.809016994374947424102293417182819058860154589902881431067724311	0
5	3	4	4	4	3	1.618033988749894848204586834365638117720309179805762862135448623	0
5	3	4	4	4	5	-0.809016994374947424102293417182819058860154589902881431067724311	0
5	3	4	4	5	3	-1.000000000000000000000000000000000000000000000000000000000000000	0
5	3	4	4	5	5	0.809016994374947424102293417182819058860154589902881431067724311	0
5	3	4	5	3	2	-0.809016994374947424102293417182819058860154589902881431067724311	0
5	3	4	5	3	3	1.000000000000000000000000000000000000000000000000000000000000000	0
5	3	4	5	3	5	0.809016994374947424102293417182819058860154589902881431067724311	0
5	3	4	5	4	2	-0.809016994374947424102293417182819058860154589902881431067724311	0
5	3	4	5	4	3	-1.000000000000000000000000000000000000000000000000000000000000000	0
5	3	4	5	4	5	0.809016994374947424102293417182819058860154589902881431067724311	0
5	3	4	5	5	2	-0.809016994374947424102293417182819058860154589902881431067724311	0
5	3	4	5	5	3	0.	0
5	3	4	5	5	5	0.500000000000000000000000000000000000000000000000000000000000000	0
5	3	5	1	5	5	0.250000000000000000000000000000000000000000000000000000000000000	0
5	3	5	2	5	5	-0.250000000000000000000000000000000000000000000000000000000000000	0
5	3	5	3	3	3	1.309016994374947424102293417182819058860154589902881431067724311	0
5	3	5	3	3	4	-0.309016994374947424102293417182819058860154589902881431067724311	0
5	3	5	3	3	5	0.404508497187473712051146708591409529430077294951440715533862156	0
5	3	5	3	4	3	-0.309016994374947424102293417182819058860154589902881431067724311	0
5	3	5	3	4	4	1.309016994374947424102293417182819058860154589902881431067724311	0
5	3	5	3	4	5	-0.404508497187473712051146708591409529430077294951440715533862156	0
5	3	5	3	5	3	-0.500000000000000000000000000000000000000000000000000000000000000	0
5	3	5	3	5	4	0.500000000000000000000000000000000000000000000000000000000000000	0
5	3	5	3	5	5	-0.404508497187473712051146708591409529430077294951440715533862156	0
5	3	5	4	3	3	-0.309016994374947424102293417182819058860154589902881431067724311	0
5	3	5	4	3	4	1.309016994374947424102293417182819058860154589902881431067724311	0
5	3	5	4	3	5	-0.404508497187473712051146708591409529430077294951440715533862156	0
5	3	5	4	4	3	1.309016994374947424102293417182819058860154589902881431067724311	0
5	3	5	4	4	4	-0.309016994374947424102293417182819058860154589902881431067724311	0
5	3	5	4	4	5	0.404508497187473712051146708591409529430077294951440715533862156	0
5	3	5	4	5	3	0.500000000000000000000000000000000000000000000000000000000000000	0
5	3	5	4	5	4	-0.500000000000000000000000000000000000000000000000000000000000000	0
5	3	5	4	5	5	0.404508497187473712051146708591409529430077294951440715533862156	0
5	3	5	5	3	3	-1.000000000000000000000000000000000000000000000000000000000000000	0
5	3	5	5	3	4	1.000000000000000000000000000000000000000000000000000000000000000	0
5	3	5	5	3	5	0.500000000000000000000000000000000000000000000000000000000000000	0
5	3	5	5	4	3	1.000000000000000000000000000000000000000000000000000000000000000	0
5	3	5	5	4	4	-1.000000000000000000000000000000000000000000000000000000000000000	0
5	3	5	5	4	5	0.500000000000000000000000000000000000000000000000000000000000000	0
5	3	5	5	5	3	0.500000000000000000000000000000000000000000000000000000000000000	0
5	3	5	5	5	4	0.500000000000000000000000000000000000000000000000000000000000000	0
5	3	5	5	5	5	0.	0
5	4	1	3	3	4	1.000000000000000000000000000000000000000000000000000000000000000	0
5	4	1	4	4	4	1.000000000000000000000000000000000000000000000000000000000000000	0
5	4	1	5	5	4	1.000000000000000000000000000000000000000000000000000000000000000	0
5	4	2	3	4	3	1.000000000000000000000000000000000000000000000000000000000000000	0
5	4	2	4	3	3	1.000000000000000000000000000000000000000000000000000000000000000	0
5	4	2	5	5	3	1.000000000000000000000000000000000000000000000000000000000000000	0
5	4	3	1	3	5	0.500000000000000000000000000000000000000000000000000000000000000	0
5	4	3	2	4	5	0.500000000000000000000000000000000000000000000000000000000000000	0
5	4	3	3	4	3	1.618033988749894848204586834365638117720309179805762862135448623	0
5	4	3	3	4	5	-0.809016994374947424102293417182819058860154589902881431067724311	0
5	4	3	3	5	3	1.000000000000000000000000000000000000000000000000000000000000000	0
5	4	3	3	5	5	-0.809016994374947424102293417182819058860154589902881431067724311	0
5	4	3	4	3	3	1.618033988749894848204586834365638117720309179805762862135448623	0
5	4	3	4	3	5	-0.809016994374947424102293417182819058860154589902881431067724311	0
5	4	3	4	5	3	-1.000000000000000000000000000000000000000000000000000000000000000	0
5	4	3	4	5	5	0.809016994374947424102293417182819058860154589902881431067724311	0
5	4	3	5	3	2	-0.809016994374947424102293417182819058860154589902881431067724311	0
5	4	3	5	3	3	-1.000000000000000000000000000000000000000000000000000000000000000	0
5	4	3	5	3	5	0.809016994374947424102293417182819058860154589902881431067724311	0
5	4	3	5	4	2	-0.809016994374947424102293417182819058860154589902881431067724311	0
5	4	3	5	4	3	1.000000000000000000000000000000000000000000000000000000000000000	0
5	4	3	5	4	5	0.809016994374947424102293417182819058860154589902881431067724311	0
5	4	3	5	5	2	-0.809016994374947424102293417182819058860154589902881431067724311	0
5	4	3	5	5	3	0.	0
5	4	3	5	5	5	0.500000000000000000000000000000000000000000000000000000000000000	0
5	4	4	1	4	5	0.500000000000000000000000000000000000000000000000000000000000000	0
5	4	4	2	3	5	0.500000000000000000000000000000000000000000000000000000000000000	0
5	4	4	3	3	4	1.618033988749894848204586834365638117720309179805762862135448623	0
5	4	4	3	3	5	0.809016994374947424102293417182819058860154589902881431067724311	0
5	4	4	3	5	4	1.000000000000000000000000000000000000000000000000000000000000000	0
5	4	4	3	5	5	0.809016994374947424102293417182819058860154589902881431067724311	0
5	4	4	4	4	4	1.618033988749894848204586834365638117720309179805762862135448623	0
5	4	4	4	4	5	0.809016994374947424102293417182819058860154589902881431067724311	0
5	4	4	4	5	4	-1.000000000000000000000000000000000000000000000000000000000000000	0
5	4	4	4	5	5	-0.809016994374947424102293417182819058860154589902881431067724311	0
5	4	4	5	3	1	-0.809016994374947424102293417182819058860154589902881431067724311	0
5	4	4	5	3	4	1.000000000000000000000000000000000000000000000000000000000000000	0
5	4	4	5	3	5	0.809016994374947424102293417182819058860154589902881431067724311	0
5	4	4	5	4	1	-0.809016994374947424102293417182819058860154589902881431067724311	0
5	4	4	5	4	4	-1.000000000000000000000000000000000000000000000000000000000000000	0
5	4	4	5	4	5	0.809016994374947424102293417182819058860154589902881431067724311	0
5	4	4	5	5	1	-0.809016994374947424102293417182819058860154589902881431067724311	0
5	4	4	5	5	4	0.	0
5	4	4	5	5	5	0.500000000000000000000000000000000000000000000000000000000000000	0
5	4	5	1	5	5	0.250000000000000000000000000000000000000000000000000000000000000	0
5	4	5	2	5	5	-0.250000000000000000000000000000000000000000000000000000000000000	0
5	4	5	3	3	3	-0.309016994374947424102293417182819058860154589902881431067724311	0
5	4	5	3	3	4	1.309016994374947424102293417182819058860154589902881431067724311	0
5	4	5	3	3	5	-0.404508497187473712051146708591409529430077294951440715533862156	0
5	4	5	3	4	3	1.309016994374947424102293417182819058860154589902881431067724311	0
5	4	5	3	4	4	-0.309016994374947424102293417182819058860154589902881431067724311	0
5	4	5	3	4	5	0.404508497187473712051146708591409529430077294951440715533862156	0
5	4	5	3	5	3	0.500000000000000000000000000000000000000000000000000000000000000	0
5	4	5	3	5	4	-0.500000000000000000000000000000000000000000000000000000000000000	0
5	4	5	3	5	5	0.404508497187473712051146708591409529430077294951440715533862156	0
5	4	5	4	3	3	1.309016994374947424102293417182819058860154589902881431067724311	0
5	4	5	4	3	4	-0.309016994374947424102293417182819058860154589902881431067724311	0
5	4	5	4	3	5	0.404508497187473712051146708591409529430077294951440715533862156	0
5	4	5	4	4	3	-0.309016994374947424102293417182819058860154589902881431067724311	0
5	4	5	4	4	4	1.309016994374947424102293417182819058860154589902881431067724311	0
5	4	5	4	4	5	-0.404508497187473712051146708591409529430077294951440715533862156	0
5	4	5	4	5	3	-0.500000000000000000000000000000000000000000000000000000000000000	0
5	4	5	4	5	4	0.500000000000000000000000000000000000000000000000000000000000000	0
5	4	5	4	5	5	-0.404508497187473712051146708591409529430077294951440715533862156	0
5	4	5	5	3	3	1.000000000000000000000000000000000000000000000000000000000000000	0
5	4	5	5	3	4	-1.000000000000000000000000000000000000000000000000000000000000000	0
5	4	5	5	3	5	0.500000000000000000000000000000000000000000000000000000000000000	0
5	4	5	5	4	3	-1.000000000000000000000000000000000000000000000000000000000000000	0
5	4	5	5	4	4	1.000000000000000000000000000000000000000000000000000000000000000	0
5	4	5	5	4	5	0.500000000000000000000000000000000000000000000000000000000000000	0
5	4	5	5	5	3	0.500000000000000000000000000000000000000000000000000000000000000	0
5	4	5	5	5	4	0.500000000000000000000000000000000000000000000000000000000000000	0
5	4	5	5	5	5	0.	0
5	5	1	1	1	5	1.000000000000000000000000000000000000000000000000000000000000000	0
5	5	1	2	2	5	1.000000000000000000000000000000000000000000000000000000000000000	0
5	5	1	3	3	5	1.000000000000000000000000000000000000000000000000000000000000000	0
5	5	1	4	4	5	1.000000000000000000000000000000000000000000000000000000000000000	0
5	5	1	5	5	5	1.000000000000000000000000000000000000000000000000000000000000000	0
5	5	2	1	2	5	1.000000000000000000000000000000000000000000000000000000000000000	0
5	5	2	2	1	5	1.000000000000000000000000000000000000000000000000000000000000000	0
5	5	2	3	4	5	1.000000000000000000000000000000000000000000000000000000000000000	0
5	5	2	4	3	5	1.000000000000000000000000000000000000000000000000000000000000000	0
5	5	2	5	5	5	1.000000000000000000000000000000000000000000000000000000000000000	0
5	5	3	1	3	5	1.000000000000000000000000000000000000000000000000000000000000000	0
5	5	3	2	4	5	1.000000000000000000000000000000000000000000000000000000000000000	0
5	5	3	3	1	3	2.000000000000000000000000000000000000000000000000000000000000000	0
5	5	3	3	1	4	2.000000000000000000000000000000000000000000000000000000000000000	0
5	5	3	3	1	5	-3.236067977499789696409173668731276235440618359611525724270897245	0
5	5	3	3	4	3	1.000000000000000000000000000000000000000000000000000000000000000	0
5	5	3	3	4	4	-1.000000000000000000000000000000000000000000000000000000000000000	0
5	5	3	3	4	5	0.	0
5	5	3	3	5	3	1.618033988749894848204586834365638117720309179805762862135448623	0
5	5	3	3	5	4	1.618033988749894848204586834365638117720309179805762862135448623	0
5	5	3	3	5	5	-1.618033988749894848204586834365638117720309179805762862135448623	0
5	5	3	4	2	3	2.000000000000000000000000000000000000000000000000000000000000000	0
5	5	3	4	2	4	2.000000000000000000000000000000000000000000000000000000000000000	0
5	5	3	4	2	5	-3.236067977499789696409173668731276235440618359611525724270897245	0
5	5	3	4	3	3	1.000000000000000000000000000000000000000000000000000000000000000	0
5	5	3	4	3	4	-1.000000000000000000000000000000000000000000000000000000000000000	0
5	5	3	4	3	5	0.	0
5	5	3	4	5	3	1.618033988749894848204586834365638117720309179805762862135448623	0
5	5	3	4	5	4	1.618033988749894848204586834365638117720309179805762862135448623	0
5	5	3	4	5	5	-1.618033988749894848204586834365638117720309179805762862135448623	0
5	5	3	5	3	3	-1.000000000000000000000000000000000000000000000000000000000000000	0
5	5	3	5	3	4	1.000000000000000000000000000000000000000000000000000000000000000	0
5	5	3	5	3	5	1.000000000000000000000000000000000000000000000000000000000000000	0
5	5	3	5	4	3	1.000000000000000000000000000000000000000000000000000000000000000	0
5	5	3	5	4	4	-1.000000000000000000000000000000000000000000000000000000000000000	0
5	5	3	5	4	5	1.000000000000000000000000000000000000000000000000000000000000000	0
5	5	3	5	5	3	1.000000000000000000000000000000000000000000000000000000000000000	0
5	5	3	5	5	4	1.000000000000000000000000000000000000000000000000000000000000000	0
5	5	3	5	5	5	0.	0
5	5	4	1	4	5	1.000000000000000000000000000000000000000000000000000000000000000	0
5	5	4	2	3	5	1.000000000000000000000000000000000000000000000000000000000000000	0
5	5	4	3	2	3	2.000000000000000000000000000000000000000000000000000000000000000	0
5	5	4	3	2	4	2.000000000000000000000000000000000000000000000000000000000000000	0
5	5	4	3	2	5	-3.236067977499789696409173668731276235440618359611525724270897245	0
5	5	4	3	3	3	1.000000000000000000000000000000000000000000000000000000000000000	0
5	5	4	3	3	4	-1.000000000000000000000000000000000000000000000000000000000000000	0
5	5	4	3	3	5	0.	0
5	5	4	3	5	3	1.618033988749894848204586834365638117720309179805762862135448623	0
5	5	4	3	5	4	1.618033988749894848204586834365638117720309179805762862135448623	0
5	5	4	3	5	5	-1.618033988749894848204586834365638117720309179805762862135448623	0
5	5	4	4	1	3	2.000000000000000000000000000000000000000000000000000000000000000	0
5	5	4	4	1	4	2.000000000000000000000000000000000000000000000000000000000000000	0
5	5	4	4	1	5	-3.236067977499789696409173668731276235440618359611525724270897245	0
5	5	4	4	4	3	1.000000000000000000000000000000000000000000000000000000000000000	0
5	5	4	4	4	4	-1.000000000000000000000000000000000000000000000000000000000000000	0
5	5	4	4	4	5	0.	0
5	5	4	4	5	3	1.618033988749894848204586834365638117720309179805762862135448623	0
5	5	4	4	5	4	1.618033988749894848204586834365638117720309179805762862135448623	0
5	5	4	4	5	5	-1.618033988749894848204586834365638117720309179805762862135448623	0
5	5	4	5	3	3	1.000000000000000000000000000000000000000000000000000000000000000	0
5	5	4	5	3	4	-1.000000000000000000000000000000000000000000000000000000000000000	0
5	5	4	5	3	5	1.000000000000000000000000000000000000000000000000000000000000000	0
5	5	4	5	4	3	-1.000000000000000000000000000000000000000000000000000000000000000	0
5	5	4	5	4	4	1.000000000000000000000000000000000000000000000000000000000000000	0
5	5	4	5	4	5	1.000000000000000000000000000000000000000000000000000000000000000	0
5	5	4	5	5	3	1.000000000000000000000000000000000000000000000000000000000000000	0
5	5	4	5	5	4	1.000000000000000000000000000000000000000000000000000000000000000	0
5	5	4	5	5	5	0.	0
5	5	5	1	5	5	1.000000000000000000000000000000000000000000000000000000000000000	0
5	5	5	2	5	5	1.000000000000000000000000000000000000000000000000000000000000000	0
5	5	5	3	3	3	-1.000000000000000000000000000000000000000000000000000000000000000	0
5	5	5	3	3	4	1.000000000000000000000000000000000000000000000000000000000000000	0
5	5	5	3	3	5	1.000000000000000000000000000000000000000000000000000000000000000	0
5	5	5	3	4	3	1.000000000000000000000000000000000000000000000000000000000000000	0
5	5	5	3	4	4	-1.000000000000000000000000000000000000000000000000000000000000000	0
5	5	5	3	4	5	1.000000000000000000000000000000000000000000000000000000000000000	0
5	5	5	3	5	3	1.000000000000000000000000000000000000000000000000000000000000000	0
5	5	5	3	5	4	1.000000000000000000000000000000000000000000000000000000000000000	0
5	5	5	3	5	5	0.	0
5	5	5	4	3	3	1.000000000000000000000000000000000000000000000000000000000000000	0
5	5	5	4	3	4	-1.000000000000000000000000000000000000000000000000000000000000000	0
5	5	5	4	3	5	1.000000000000000000000000000000000000000000000000000000000000000	0
5	5	5	4	4	3	-1.000000000000000000000000000000000000000000000000000000000000000	0
5	5	5	4	4	4	1.000000000000000000000000000000000000000000000000000000000000000	0
5	5	5	4	4	5	1.000000000000000000000000000000000000000000000000000000000000000	0
5	5	5	4	5	3	1.000000000000000000000000000000000000000000000000000000000000000	0
5	5	5	4	5	4	1.000000000000000000000000000000000000000000000000000000000000000	0
5	5	5	4	5	5	0.	0
5	5	5	5	1	1	-0.809016994374947424102293417182819058860154589902881431067724311	0
5	5	5	5	1	2	-0.809016994374947424102293417182819058860154589902881431067724311	0
5	5	5	5	1	3	1.000000000000000000000000000000000000000000000000000000000000000	0
5	5	5	5	1	4	1.000000000000000000000000000000000000000000000000000000000000000	0
5	5	5	5	1	5	1.000000000000000000000000000000000000000000000000000000000000000	0
5	5	5	5	2	1	-0.809016994374947424102293417182819058860154589902881431067724311	0
5	5	5	5	2	2	-0.809016994374947424102293417182819058860154589902881431067724311	0
5	5	5	5	2	3	-1.000000000000000000000000000000000000000000000000000000000000000	0
5	5	5	5	2	4	-1.000000000000000000000000000000000000000000000000000000000000000	0
5	5	5	5	2	5	1.000000000000000000000000000000000000000000000000000000000000000	0
5	5	5	5	3	1	1.000000000000000000000000000000000000000000000000000000000000000	0
5	5	5	5	3	2	-1.000000000000000000000000000000000000000000000000000000000000000	0
5	5	5	5	3	3	2.000000000000000000000000000000000000000000000000000000000000000	0
5	5	5	5	3	4	-2.000000000000000000000000000000000000000000000000000000000000000	0
5	5	5	5	3	5	0.	0
5	5	5	5	4	1	1.000000000000000000000000000000000000000000000000000000000000000	0
5	5	5	5	4	2	-1.000000000000000000000000000000000000000000000000000000000000000	0
5	5	5	5	4	3	-2.000000000000000000000000000000000000000000000000000000000000000	0
5	5	5	5	4	4	2.000000000000000000000000000000000000000000000000000000000000000	0
5	5	5	5	4	5	0.	0
5	5	5	5	5	1	-0.809016994374947424102293417182819058860154589902881431067724311	0
5	5	5	5	5	2	-0.809016994374947424102293417182819058860154589902881431067724311	0
5	5	5	5	5	3	0.	0
5	5	5	5	5	4	0.	0
5	5	5	5	5	5	1.618033988749894848204586834365638117720309179805762862135448623	0