1	1	1	1	1	1	1.000000000000000000000000000000000000000000000000000000000000000	0
1	1	2	2	1	2	1.000000000000000000000000000000000000000000000000000000000000000	0
1	1	3	3	1	3	1.000000000000000000000000000000000000000000000000000000000000000	0
1	1	4	4	1	4	1.000000000000000000000000000000000000000000000000000000000000000	0
1	1	5	5	1	5	1.000000000000000000000000000000000000000000000000000000000000000	0
1	2	1	2	2	2	1.000000000000000000000000000000000000000000000000000000000000000	0
1	2	2	1	2	1	1.000000000000000000000000000000000000000000000000000000000000000	0
1	2	3	4	2	4	1.000000000000000000000000000000000000000000000000000000000000000	0
1	2	4	3	2	3	1.000000000000000000000000000000000000000000000000000000000000000	0
1	2	5	5	2	5	1.000000000000000000000000000000000000000000000000000000000000000	0
1	3	1	3	3	3	1.000000000000000000000000000000000000000000000000000000000000000	0
1	3	2	4	3	4	1.000000000000000000000000000000000000000000000000000000000000000	0
1	3	3	1	3	1	1.000000000000000000000000000000000000000000000000000000000000000	0
1	3	3	4	3	4	1.000000000000000000000000000000000000000000000000000000000000000	0
1	3	3	5	3	5	1.000000000000000000000000000000000000000000000000000000000000000	0
1	3	4	2	3	2	1.000000000000000000000000000000000000000000000000000000000000000	0
1	3	4	3	3	3	1.000000000000000000000000000000000000000000000000000000000000000	0
1	3	4	5	3	5	1.000000000000000000000000000000000000000000000000000000000000000	0
1	3	5	3	3	3	1.000000000000000000000000000000000000000000000000000000000000000	0
1	3	5	4	3	4	1.000000000000000000000000000000000000000000000000000000000000000	0
1	3	5	5	3	5	1.000000000000000000000000000000000000000000000000000000000000000	0
1	4	1	4	4	4	1.000000000000000000000000000000000000000000000000000000000000000	0
1	4	2	3	4	3	1.000000000000000000000000000000000000000000000000000000000000000	0
1	4	3	2	4	2	1.000000000000000000000000000000000000000000000000000000000000000	0
1	4	3	3	4	3	1.000000000000000000000000000000000000000000000000000000000000000	0
1	4	3	5	4	5	1.000000000000000000000000000000000000000000000000000000000000000	0
1	4	4	1	4	1	1.000000000000000000000000000000000000000000000000000000000000000	0
1	4	4	4	4	4	1.000000000000000000000000000000000000000000000000000000000000000	0
1	4	4	5	4	5	1.000000000000000000000000000000000000000000000000000000000000000	0
1	4	5	3	4	3	1.000000000000000000000000000000000000000000000000000000000000000	0
1	4	5	4	4	4	1.000000000000000000000000000000000000000000000000000000000000000	0
1	4	5	5	4	5	1.000000000000000000000000000000000000000000000000000000000000000	0
1	5	1	5	5	5	1.000000000000000000000000000000000000000000000000000000000000000	0
1	5	2	5	5	5	1.000000000000000000000000000000000000000000000000000000000000000	0
1	5	3	3	5	3	1.000000000000000000000000000000000000000000000000000000000000000	0
1	5	3	4	5	4	1.000000000000000000000000000000000000000000000000000000000000000	0
1	5	3	5	5	5	1.000000000000000000000000000000000000000000000000000000000000000	0
1	5	4	3	5	3	1.000000000000000000000000000000000000000000000000000000000000000	0
1	5	4	4	5	4	1.000000000000000000000000000000000000000000000000000000000000000	0
1	5	4	5	5	5	1.000000000000000000000000000000000000000000000000000000000000000	0
1	5	5	1	5	1	1.000000000000000000000000000000000000000000000000000000000000000	0
1	5	5	2	5	2	1.000000000000000000000000000000000000000000000000000000000000000	0
1	5	5	3	5	3	1.000000000000000000000000000000000000000000000000000000000000000	0
1	5	5	4	5	4	1.000000000000000000000000000000000000000000000000000000000000000	0
1	5	5	5	5	5	1.000000000000000000000000000000000000000000000000000000000000000	0
2	1	1	2	2	1	1.000000000000000000000000000000000000000000000000000000000000000	0
2	1	2	1	2	2	1.000000000000000000000000000000000000000000000000000000000000000	0
2	1	3	4	2	3	1.000000000000000000000000000000000000000000000000000000000000000	0
2	1	4	3	2	4	1.000000000000000000000000000000000000000000000000000000000000000	0
2	1	5	5	2	5	1.000000000000000000000000000000000000000000000000000000000000000	0
2	2	1	1	1	2	1.000000000000000000000000000000000000000000000000000000000000000	0
2	2	2	2	1	1	1.000000000000000000000000000000000000000000000000000000000000000	0
2	2	3	3	1	4	1.000000000000000000000000000000000000000000000000000000000000000	0
2	2	4	4	1	3	1.000000000000000000000000000000000000000000000000000000000000000	0
2	2	5	5	1	5	1.000000000000000000000000000000000000000000000000000000000000000	0
2	3	1	4	4	3	1.000000000000000000000000000000000000000000000000000000000000000	0
2	3	2	3	4	4	1.000000000000000000000000000000000000000000000000000000000000000	0
2	3	3	2	4	1	1.000000000000000000000000000000000000000000000000000000000000000	0
2	3	3	3	4	4	1.000000000000000000000000000000000000000000000000000000000000000	0
2	3	3	5	4	5	1.000000000000000000000000000000000000000000000000000000000000000	0
2	3	4	1	4	2	1.000000000000000000000000000000000000000000000000000000000000000	0
2	3	4	4	4	3	1.000000000000000000000000000000000000000000000000000000000000000	0
2	3	4	5	4	5	1.000000000000000000000000000000000000000000000000000000000000000	0
2	3	5	3	4	4	1.000000000000000000000000000000000000000000000000000000000000000	0
2	3	5	4	4	3	1.000000000000000000000000000000000000000000000000000000000000000	0
2	3	5	5	4	5	1.000000000000000000000000000000000000000000000000000000000000000	0
2	4	1	3	3	4	1.000000000000000000000000000000000000000000000000000000000000000	0
2	4	2	4	3	3	1.000000000000000000000000000000000000000000000000000000000000000	0
2	4	3	1	3	2	1.000000000000000000000000000000000000000000000000000000000000000	0
2	4	3	4	3	3	1.000000000000000000000000000000000000000000000000000000000000000	0
2	4	3	5	3	5	1.000000000000000000000000000000000000000000000000000000000000000	0
2	4	4	2	3	1	1.000000000000000000000000000000000000000000000000000000000000000	0
2	4	4	3	3	4	1.000000000000000000000000000000000000000000000000000000000000000	0
2	4	4	5	3	5	1.000000000000000000000000000000000000000000000000000000000000000	0
2	4	5	3	3	4	1.000000000000000000000000000000000000000000000000000000000000000	0
2	4	5	4	3	3	1.000000000000000000000000000000000000000000000000000000000000000	0
2	4	5	5	3	5	1.000000000000000000000000000000000000000000000000000000000000000	0
2	5	1	5	5	5	1.000000000000000000000000000000000000000000000000000000000000000	0
2	5	2	5	5	5	1.000000000000000000000000000000000000000000000000000000000000000	0
2	5	3	3	5	4	1.000000000000000000000000000000000000000000000000000000000000000	0
2	5	3	4	5	3	1.000000000000000000000000000000000000000000000000000000000000000	0
2	5	3	5	5	5	-1.000000000000000000000000000000000000000000000000000000000000000	0
2	5	4	3	5	4	1.000000000000000000000000000000000000000000000000000000000000000	0
2	5	4	4	5	3	1.000000000000000000000000000000000000000000000000000000000000000	0
2	5	4	5	5	5	-1.000000000000000000000000000000000000000000000000000000000000000	0
2	5	5	1	5	2	1.000000000000000000000000000000000000000000000000000000000000000	0
2	5	5	2	5	1	1.000000000000000000000000000000000000000000000000000000000000000	0
2	5	5	3	5	4	1.000000000000000000000000000000000000000000000000000000000000000	0
2	5	5	4	5	3	1.000000000000000000000000000000000000000000000000000000000000000	0
2	5	5	5	5	5	1.000000000000000000000000000000000000000000000000000000000000000	0
3	1	1	3	3	1	1.000000000000000000000000000000000000000000000000000000000000000	0
3	1	2	4	3	2	1.000000000000000000000000000000000000000000000000000000000000000	0
3	1	3	1	3	3	1.000000000000000000000000000000000000000000000000000000000000000	0
3	1	3	4	3	3	1.000000000000000000000000000000000000000000000000000000000000000	0
3	1	3	5	3	3	1.000000000000000000000000000000000000000000000000000000000000000	0
3	1	4	2	3	4	1.000000000000000000000000000000000000000000000000000000000000000	0
3	1	4	3	3	4	1.000000000000000000000000000000000000000000000000000000000000000	0
3	1	4	5	3	4	1.000000000000000000000000000000000000000000000000000000000000000	0
3	1	5	3	3	5	1.000000000000000000000000000000000000000000000000000000000000000	0
3	1	5	4	3	5	1.000000000000000000000000000000000000000000000000000000000000000	0
3	1	5	5	3	5	1.000000000000000000000000000000000000000000000000000000000000000	0
3	2	1	4	4	2	1.000000000000000000000000000000000000000000000000000000000000000	0
3	2	2	3	4	1	1.000000000000000000000000000000000000000000000000000000000000000	0
3	2	3	2	4	4	1.000000000000000000000000000000000000000000000000000000000000000	0
3	2	3	3	4	4	1.000000000000000000000000000000000000000000000000000000000000000	0
3	2	3	5	4	4	1.000000000000000000000000000000000000000000000000000000000000000	0
3	2	4	1	4	3	1.000000000000000000000000000000000000000000000000000000000000000	0
3	2	4	4	4	3	1.000000000000000000000000000000000000000000000000000000000000000	0
3	2	4	5	4	3	1.000000000000000000000000000000000000000000000000000000000000000	0
3	2	5	3	4	5	1.000000000000000000000000000000000000000000000000000000000000000	0
3	2	5	4	4	5	1.000000000000000000000000000000000000000000000000000000000000000	0
3	2	5	5	4	5	1.000000000000000000000000000000000000000000000000000000000000000	0
3	3	1	1	1	3	1.000000000000000000000000000000000000000000000000000000000000000	0
3	3	1	4	4	3	1.000000000000000000000000000000000000000000000000000000000000000	0
3	3	1	5	5	3	1.000000000000000000000000000000000000000000000000000000000000000	0
3	3	2	2	1	4	1.000000000000000000000000000000000000000000000000000000000000000	0
3	3	2	3	4	4	-1.000000000000000000000000000000000000000000000000000000000000000	0
3	3	2	5	5	4	1.000000000000000000000000000000000000000000000000000000000000000	0
3	3	3	2	4	4	-1.000000000000000000000000000000000000000000000000000000000000000	0
3	3	3	3	1	1	0.381966011250105151795413165634361882279690820194237137864551377	0
3	3	3	3	1	4	0.618033988749894848204586834365638117720309179805762862135448623	0
3	3	3	3	1	5	0.687121499445024928277131487829117136945429353631139747440103970	0
3	3	3	3	4	1	-0.618033988749894848204586834365638117720309179805762862135448623	0
3	3	3	3	4	4	-0.381966011250105151795413165634361882279690820194237137864551377	0
3	3	3	3	4	5	0.687121499445024928277131487829117136945429353631139747440103970	0
3	3	3	3	5	1	0.687121499445024928277131487829117136945429353631139747440103970	0
3	3	3	3	5	4	-0.687121499445024928277131487829117136945429353631139747440103970	0
3	3	3	3	5	5	0.236067977499789696409173668731276235440618359611525724270897245	0
3	3	3	4	5	5	1.000000000000000000000000000000000000000000000000000000000000000	0
3	3	3	5	4	4	0.618033988749894848204586834365638117720309179805762862135448623	0
3	3	3	5	4	5	0.786151377757423286069558585842958929523122057837723237664901970	0
3	3	3	5	5	4	0.786151377757423286069558585842958929523122057837723237664901970	0
3	3	3	5	5	5	-0.618033988749894848204586834365638117720309179805762862135448623	0
3	3	4	1	4	3	1.000000000000000000000000000000000000000000000000000000000000000	0
3	3	4	3	5	5	1.000000000000000000000000000000000000000000000000000000000000000	0
3	3	4	4	1	2	0.381966011250105151795413165634361882279690820194237137864551377	0
3	3	4	4	1	3	0.618033988749894848204586834365638117720309179805762862135448623	0
3	3	4	4	1	5	0.687121499445024928277131487829117136945429353631139747440103970	0
3	3	4	4	4	2	0.618033988749894848204586834365638117720309179805762862135448623	0
3	3	4	4	4	3	0.381966011250105151795413165634361882279690820194237137864551377	0
3	3	4	4	4	5	-0.687121499445024928277131487829117136945429353631139747440103970	0
3	3	4	4	5	2	0.687121499445024928277131487829117136945429353631139747440103970	0
3	3	4	4	5	3	-0.687121499445024928277131487829117136945429353631139747440103970	0
3	3	4	4	5	5	0.236067977499789696409173668731276235440618359611525724270897245	0
3	3	4	5	4	3	-0.618033988749894848204586834365638117720309179805762862135448623	0
3	3	4	5	4	5	-0.786151377757423286069558585842958929523122057837723237664901970	0
3	3	4	5	5	3	-0.786151377757423286069558585842958929523122057837723237664901970	0
3	3	4	5	5	5	0.618033988749894848204586834365638117720309179805762862135448623	0
3	3	5	1	5	3	1.000000000000000000000000000000000000000000000000000000000000000	0
3	3	5	2	5	4	1.000000000000000000000000000000000000000000000000000000000000000	0
3	3	5	3	4	4	0.618033988749894848204586834365638117720309179805762862135448623	0
3	3	5	3	4	5	0.786151377757423286069558585842958929523122057837723237664901970	0
3	3	5	3	5	4	0.786151377757423286069558585842958929523122057837723237664901970	0
3	3	5	3	5	5	-0.618033988749894848204586834365638117720309179805762862135448623	0
3	3	5	4	4	3	-0.618033988749894848204586834365638117720309179805762862135448623	0
3	3	5	4	4	5	-0.786151377757423286069558585842958929523122057837723237664901970	0
3	3	5	4	5	3	-0.786151377757423286069558585842958929523122057837723237664901970	0
3	3	5	4	5	5	0.618033988749894848204586834365638117720309179805762862135448623	0
3	3	5	5	1	3	0.555892970251421171992048047897569250691057814997037061577650731	0
3	3	5	5	1	4	0.555892970251421171992048047897569250691057814997037061577650731	0
3	3	5	5	1	5	0.618033988749894848204586834365638117720309179805762862135448623	0
3	3	5	5	4	3	-0.707106781186547524400844362104849039284835937688474036588339869	0
3	3	5	5	4	4	0.707106781186547524400844362104849039284835937688474036588339869	0
3	3	5	5	4	5	0.	0
3	3	5	5	5	3	-0.437016024448821070799301205055755113787470815987067188420206279	0
3	3	5	5	5	4	-0.437016024448821070799301205055755113787470815987067188420206279	0
3	3	5	5	5	5	0.786151377757423286069558585842958929523122057837723237664901970	0
3	4	1	2	2	4	1.000000000000000000000000000000000000000000000000000000000000000	0
3	4	1	3	3	4	1.000000000000000000000000000000000000000000000000000000000000000	0
3	4	1	5	5	4	1.000000000000000000000000000000000000000000000000000000000000000	0
3	4	2	1	2	3	1.000000000000000000000000000000000000000000000000000000000000000	0
3	4	2	4	3	3	-1.000000000000000000000000000000000000000000000000000000000000000	0
3	4	2	5	5	3	1.000000000000000000000000000000000000000000000000000000000000000	0
3	4	3	1	3	3	-1.000000000000000000000000000000000000000000000000000000000000000	0
3	4	3	3	5	5	1.000000000000000000000000000000000000000000000000000000000000000	0
3	4	3	4	2	2	0.381966011250105151795413165634361882279690820194237137864551377	0
3	4	3	4	2	3	0.618033988749894848204586834365638117720309179805762862135448623	0
3	4	3	4	2	5	0.687121499445024928277131487829117136945429353631139747440103970	0
3	4	3	4	3	2	-0.618033988749894848204586834365638117720309179805762862135448623	0
3	4	3	4	3	3	-0.381966011250105151795413165634361882279690820194237137864551377	0
3	4	3	4	3	5	0.687121499445024928277131487829117136945429353631139747440103970	0
3	4	3	4	5	2	0.687121499445024928277131487829117136945429353631139747440103970	0
3	4	3	4	5	3	-0.687121499445024928277131487829117136945429353631139747440103970	0
3	4	3	4	5	5	0.236067977499789696409173668731276235440618359611525724270897245	0
3	4	3	5	3	3	0.618033988749894848204586834365638117720309179805762862135448623	0
3	4	3	5	3	5	0.786151377757423286069558585842958929523122057837723237664901970	0
3	4	3	5	5	3	-0.786151377757423286069558585842958929523122057837723237664901970	0
3	4	3	5	5	5	0.618033988749894848204586834365638117720309179805762862135448623	0
3	4	4	2	3	4	1.000000000000000000000000000000000000000000000000000000000000000	0
3	4	4	3	2	1	0.381966011250105151795413165634361882279690820194237137864551377	0
3	4	4	3	2	4	0.618033988749894848204586834365638117720309179805762862135448623	0
3	4	4	3	2	5	0.687121499445024928277131487829117136945429353631139747440103970	0
3	4	4	3	3	1	0.618033988749894848204586834365638117720309179805762862135448623	0
3	4	4	3	3	4	0.381966011250105151795413165634361882279690820194237137864551377	0
3	4	4	3	3	5	-0.687121499445024928277131487829117136945429353631139747440103970	0
3	4	4	3	5	1	0.687121499445024928277131487829117136945429353631139747440103970	0
3	4	4	3	5	4	-0.687121499445024928277131487829117136945429353631139747440103970	0
3	4	4	3	5	5	0.236067977499789696409173668731276235440618359611525724270897245	0
3	4	4	4	5	5	1.000000000000000000000000000000000000000000000000000000000000000	0
3	4	4	5	3	4	-0.618033988749894848204586834365638117720309179805762862135448623	0
3	4	4	5	3	5	-0.786151377757423286069558585842958929523122057837723237664901970	0
3	4	4	5	5	4	0.786151377757423286069558585842958929523122057837723237664901970	0
3	4	4	5	5	5	-0.618033988749894848204586834365638117720309179805762862135448623	0
3	4	5	1	5	3	1.000000000000000000000000000000000000000000000000000000000000000	0
3	4	5	2	5	4	1.000000000000000000000000000000000000000000000000000000000000000	0
3	4	5	3	3	4	-0.618033988749894848204586834365638117720309179805762862135448623	0
3	4	5	3	3	5	-0.786151377757423286069558585842958929523122057837723237664901970	0
3	4	5	3	5	4	-0.786151377757423286069558585842958929523122057837723237664901970	0
3	4	5	3	5	5	0.618033988749894848204586834365638117720309179805762862135448623	0
3	4	5	4	3	3	0.618033988749894848204586834365638117720309179805762862135448623	0
3	4	5	4	3	5	0.786151377757423286069558585842958929523122057837723237664901970	0
3	4	5	4	5	3	0.786151377757423286069558585842958929523122057837723237664901970	0
3	4	5	4	5	5	-0.618033988749894848204586834365638117720309179805762862135448623	0
3	4	5	5	2	3	0.555892970251421171992048047897569250691057814997037061577650731	0
3	4	5	5	2	4	0.555892970251421171992048047897569250691057814997037061577650731	0
3	4	5	5	2	5	0.618033988749894848204586834365638117720309179805762862135448623	0
3	4	5	5	3	3	0.707106781186547524400844362104849039284835937688474036588339869	0
3	4	5	5	3	4	-0.707106781186547524400844362104849039284835937688474036588339869	0
3	4	5	5	3	5	0.	0
3	4	5	5	5	3	-0.437016024448821070799301205055755113787470815987067188420206279	0
3	4	5	5	5	4	-0.437016024448821070799301205055755113787470815987067188420206279	0
3	4	5	5	5	5	0.786151377757423286069558585842958929523122057837723237664901970	0
3	5	1	3	3	5	1.000000000000000000000000000000000000000000000000000000000000000	0
3	5	1	4	4	5	1.000000000000000000000000000000000000000000000000000000000000000	0
3	5	1	5	5	5	1.000000000000000000000000000000000000000000000000000000000000000	0
3	5	2	3	4	5	1.000000000000000000000000000000000000000000000000000000000000000	0
3	5	2	4	3	5	1.000000000000000000000000000000000000000000000000000000000000000	0
3	5	2	5	5	5	-1.000000000000000000000000000000000000000000000000000000000000000	0
3	5	3	1	3	3	1.000000000000000000000000000000000000000000000000000000000000000	0
3	5	3	2	4	4	1.000000000000000000000000000000000000000000000000000000000000000	0
3	5	3	3	4	4	-0.618033988749894848204586834365638117720309179805762862135448623	0
3	5	3	3	4	5	-0.786151377757423286069558585842958929523122057837723237664901970	0
3	5	3	3	5	4	0.786151377757423286069558585842958929523122057837723237664901970	0
3	5	3	3	5	5	-0.618033988749894848204586834365638117720309179805762862135448623	0
3	5	3	4	3	3	-0.618033988749894848204586834365638117720309179805762862135448623	0
3	5	3	4	3	5	0.786151377757423286069558585842958929523122057837723237664901970	0
3	5	3	4	5	3	0.786151377757423286069558585842958929523122057837723237664901970	0
3	5	3	4	5	5	0.618033988749894848204586834365638117720309179805762862135448623	0
3	5	3	5	3	3	0.190983005625052575897706582817180941139845410097118568932275689	0
3	5	3	5	3	4	0.809016994374947424102293417182819058860154589902881431067724311	0
3	5	3	5	3	5	-0.555892970251421171992048047897569250691057814997037061577650731	0
3	5	3	5	4	3	0.809016994374947424102293417182819058860154589902881431067724311	0
3	5	3	5	4	4	0.190983005625052575897706582817180941139845410097118568932275689	0
3	5	3	5	4	5	0.555892970251421171992048047897569250691057814997037061577650731	0
3	5	3	5	5	3	-0.555892970251421171992048047897569250691057814997037061577650731	0
3	5	3	5	5	4	0.555892970251421171992048047897569250691057814997037061577650731	0
3	5	3	5	5	5	0.618033988749894848204586834365638117720309179805762862135448623	0
3	5	4	1	4	3	1.000000000000000000000000000000000000000000000000000000000000000	0
3	5	4	2	3	4	1.000000000000000000000000000000000000000000000000000000000000000	0
3	5	4	3	3	4	-0.618033988749894848204586834365638117720309179805762862135448623	0
3	5	4	3	3	5	-0.786151377757423286069558585842958929523122057837723237664901970	0
3	5	4	3	5	4	-0.786151377757423286069558585842958929523122057837723237664901970	0
3	5	4	3	5	5	0.618033988749894848204586834365638117720309179805762862135448623	0
3	5	4	4	4	3	-0.618033988749894848204586834365638117720309179805762862135448623	0
3	5	4	4	4	5	0.786151377757423286069558585842958929523122057837723237664901970	0
3	5	4	4	5	3	-0.786151377757423286069558585842958929523122057837723237664901970	0
3	5	4	4	5	5	-0.618033988749894848204586834365638117720309179805762862135448623	0
3	5	4	5	3	3	0.809016994374947424102293417182819058860154589902881431067724311	0
3	5	4	5	3	4	0.190983005625052575897706582817180941139845410097118568932275689	0
3	5	4	5	3	5	0.555892970251421171992048047897569250691057814997037061577650731	0
3	5	4	5	4	3	0.190983005625052575897706582817180941139845410097118568932275689	0
3	5	4	5	4	4	0.809016994374947424102293417182819058860154589902881431067724311	0
3	5	4	5	4	5	-0.555892970251421171992048047897569250691057814997037061577650731	0
3	5	4	5	5	3	0.555892970251421171992048047897569250691057814997037061577650731	0
3	5	4	5	5	4	-0.555892970251421171992048047897569250691057814997037061577650731	0
3	5	4	5	5	5	-0.618033988749894848204586834365638117720309179805762862135448623	0
3	5	5	1	5	3	1.000000000000000000000000000000000000000000000000000000000000000	0
3	5	5	2	5	4	1.000000000000000000000000000000000000000000000000000000000000000	0
3	5	5	3	3	1	0.555892970251421171992048047897569250691057814997037061577650731	0
3	5	5	3	3	4	-0.707106781186547524400844362104849039284835937688474036588339869	0
3	5	5	3	3	5	-0.437016024448821070799301205055755113787470815987067188420206279	0
3	5	5	3	4	1	0.555892970251421171992048047897569250691057814997037061577650731	0
3	5	5	3	4	4	0.707106781186547524400844362104849039284835937688474036588339869	0
3	5	5	3	4	5	-0.437016024448821070799301205055755113787470815987067188420206279	0
3	5	5	3	5	1	0.618033988749894848204586834365638117720309179805762862135448623	0
3	5	5	3	5	4	0.	0
3	5	5	3	5	5	0.786151377757423286069558585842958929523122057837723237664901970	0
3	5	5	4	3	2	0.555892970251421171992048047897569250691057814997037061577650731	0
3	5	5	4	3	3	0.707106781186547524400844362104849039284835937688474036588339869	0
3	5	5	4	3	5	-0.437016024448821070799301205055755113787470815987067188420206279	0
3	5	5	4	4	2	0.555892970251421171992048047897569250691057814997037061577650731	0
3	5	5	4	4	3	-0.707106781186547524400844362104849039284835937688474036588339869	0
3	5	5	4	4	5	-0.437016024448821070799301205055755113787470815987067188420206279	0
3	5	5	4	5	2	0.618033988749894848204586834365638117720309179805762862135448623	0
3	5	5	4	5	3	0.	0
3	5	5	4	5	5	0.786151377757423286069558585842958929523122057837723237664901970	0
3	5	5	5	3	3	-0.500000000000000000000000000000000000000000000000000000000000000	0
3	5	5	5	3	4	0.500000000000000000000000000000000000000000000000000000000000000	0
3	5	5	5	3	5	0.707106781186547524400844362104849039284835937688474036588339869	0
3	5	5	5	4	3	0.500000000000000000000000000000000000000000000000000000000000000	0
3	5	5	5	4	4	-0.500000000000000000000000000000000000000000000000000000000000000	0
3	5	5	5	4	5	0.707106781186547524400844362104849039284835937688474036588339869	0
3	5	5	5	5	3	0.707106781186547524400844362104849039284835937688474036588339869	0
3	5	5	5	5	4	0.707106781186547524400844362104849039284835937688474036588339869	0
3	5	5	5	5	5	0.	0
4	1	1	4	4	1	1.000000000000000000000000000000000000000000000000000000000000000	0
4	1	2	3	4	2	1.000000000000000000000000000000000000000000000000000000000000000	0
4	1	3	2	4	3	1.000000000000000000000000000000000000000000000000000000000000000	0
4	1	3	3	4	3	1.000000000000000000000000000000000000000000000000000000000000000	0
4	1	3	5	4	3	1.000000000000000000000000000000000000000000000000000000000000000	0
4	1	4	1	4	4	1.000000000000000000000000000000000000000000000000000000000000000	0
4	1	4	4	4	4	1.000000000000000000000000000000000000000000000000000000000000000	0
4	1	4	5	4	4	1.000000000000000000000000000000000000000000000000000000000000000	0
4	1	5	3	4	5	1.000000000000000000000000000000000000000000000000000000000000000	0
4	1	5	4	4	5	1.000000000000000000000000000000000000000000000000000000000000000	0
4	1	5	5	4	5	1.000000000000000000000000000000000000000000000000000000000000000	0
4	2	1	3	3	2	1.000000000000000000000000000000000000000000000000000000000000000	0
4	2	2	4	3	1	1.000000000000000000000000000000000000000000000000000000000000000	0
4	2	3	1	3	4	1.000000000000000000000000000000000000000000000000000000000000000	0
4	2	3	4	3	4	1.000000000000000000000000000000000000000000000000000000000000000	0
4	2	3	5	3	4	1.000000000000000000000000000000000000000000000000000000000000000	0
4	2	4	2	3	3	1.000000000000000000000000000000000000000000000000000000000000000	0
4	2	4	3	3	3	1.000000000000000000000000000000000000000000000000000000000000000	0
4	2	4	5	3	3	1.000000000000000000000000000000000000000000000000000000000000000	0
4	2	5	3	3	5	1.000000000000000000000000000000000000000000000000000000000000000	0
4	2	5	4	3	5	1.000000000000000000000000000000000000000000000000000000000000000	0
4	2	5	5	3	5	1.000000000000000000000000000000000000000000000000000000000000000	0
4	3	1	2	2	3	1.000000000000000000000000000000000000000000000000000000000000000	0
4	3	1	3	3	3	1.000000000000000000000000000000000000000000000000000000000000000	0
4	3	1	5	5	3	1.000000000000000000000000000000000000000000000000000000000000000	0
4	3	2	1	2	4	1.000000000000000000000000000000000000000000000000000000000000000	0
4	3	2	4	3	4	-1.000000000000000000000000000000000000000000000000000000000000000	0
4	3	2	5	5	4	1.000000000000000000000000000000000000000000000000000000000000000	0
4	3	3	1	3	4	-1.000000000000000000000000000000000000000000000000000000000000000	0
4	3	3	3	5	5	1.000000000000000000000000000000000000000000000000000000000000000	0
4	3	3	4	2	1	0.381966011250105151795413165634361882279690820194237137864551377	0
4	3	3	4	2	4	0.618033988749894848204586834365638117720309179805762862135448623	0
4	3	3	4	2	5	0.687121499445024928277131487829117136945429353631139747440103970	0
4	3	3	4	3	1	-0.618033988749894848204586834365638117720309179805762862135448623	0
4	3	3	4	3	4	-0.381966011250105151795413165634361882279690820194237137864551377	0
4	3	3	4	3	5	0.687121499445024928277131487829117136945429353631139747440103970	0
4	3	3	4	5	1	0.687121499445024928277131487829117136945429353631139747440103970	0
4	3	3	4	5	4	-0.687121499445024928277131487829117136945429353631139747440103970	0
4	3	3	4	5	5	0.236067977499789696409173668731276235440618359611525724270897245	0
4	3	3	5	3	4	0.618033988749894848204586834365638117720309179805762862135448623	0
4	3	3	5	3	5	0.786151377757423286069558585842958929523122057837723237664901970	0
4	3	3	5	5	4	-0.786151377757423286069558585842958929523122057837723237664901970	0
4	3	3	5	5	5	0.618033988749894848204586834365638117720309179805762862135448623	0
4	3	4	2	3	3	1.000000000000000000000000000000000000000000000000000000000000000	0
4	3	4	3	2	2	0.381966011250105151795413165634361882279690820194237137864551377	0
4	3	4	3	2	3	0.618033988749894848204586834365638117720309179805762862135448623	0
4	3	4	3	2	5	0.687121499445024928277131487829117136945429353631139747440103970	0
4	3	4	3	3	2	0.618033988749894848204586834365638117720309179805762862135448623	0
4	3	4	3	3	3	0.381966011250105151795413165634361882279690820194237137864551377	0
4	3	4	3	3	5	-0.687121499445024928277131487829117136945429353631139747440103970	0
4	3	4	3	5	2	0.687121499445024928277131487829117136945429353631139747440103970	0
4	3	4	3	5	3	-0.687121499445024928277131487829117136945429353631139747440103970	0
4	3	4	3	5	5	0.236067977499789696409173668731276235440618359611525724270897245	0
4	3	4	4	5	5	1.000000000000000000000000000000000000000000000000000000000000000	0
4	3	4	5	3	3	-0.618033988749894848204586834365638117720309179805762862135448623	0
4	3	4	5	3	5	-0.786151377757423286069558585842958929523122057837723237664901970	0
4	3	4	5	5	3	0.786151377757423286069558585842958929523122057837723237664901970	0
4	3	4	5	5	5	-0.618033988749894848204586834365638117720309179805762862135448623	0
4	3	5	1	5	4	1.000000000000000000000000000000000000000000000000000000000000000	0
4	3	5	2	5	3	1.000000000000000000000000000000000000000000000000000000000000000	0
4	3	5	3	3	3	-0.618033988749894848204586834365638117720309179805762862135448623	0
4	3	5	3	3	5	-0.786151377757423286069558585842958929523122057837723237664901970	0
4	3	5	3	5	3	-0.786151377757423286069558585842958929523122057837723237664901970	0
4	3	5	3	5	5	0.618033988749894848204586834365638117720309179805762862135448623	0
4	3	5	4	3	4	0.618033988749894848204586834365638117720309179805762862135448623	0
4	3	5	4	3	5	0.786151377757423286069558585842958929523122057837723237664901970	0
4	3	5	4	5	4	0.786151377757423286069558585842958929523122057837723237664901970	0
4	3	5	4	5	5	-0.618033988749894848204586834365638117720309179805762862135448623	0
4	3	5	5	2	3	0.555892970251421171992048047897569250691057814997037061577650731	0
4	3	5	5	2	4	0.555892970251421171992048047897569250691057814997037061577650731	0
4	3	5	5	2	5	0.618033988749894848204586834365638117720309179805762862135448623	0
4	3	5	5	3	3	-0.707106781186547524400844362104849039284835937688474036588339869	0
4	3	5	5	3	4	0.707106781186547524400844362104849039284835937688474036588339869	0
4	3	5	5	3	5	0.	0
4	3	5	5	5	3	-0.437016024448821070799301205055755113787470815987067188420206279	0
4	3	5	5	5	4	-0.437016024448821070799301205055755113787470815987067188420206279	0
4	3	5	5	5	5	0.786151377757423286069558585842958929523122057837723237664901970	0
4	4	1	1	1	4	1.000000000000000000000000000000000000000000000000000000000000000	0
4	4	1	4	4	4	1.000000000000000000000000000000000000000000000000000000000000000	0
4	4	1	5	5	4	1.000000000000000000000000000000000000000000000000000000000000000	0
4	4	2	2	1	3	1.000000000000000000000000000000000000000000000000000000000000000	0
4	4	2	3	4	3	-1.000000000000000000000000000000000000000000000000000000000000000	0
4	4	2	5	5	3	1.000000000000000000000000000000000000000000000000000000000000000	0
4	4	3	2	4	3	-1.000000000000000000000000000000000000000000000000000000000000000	0
4	4	3	3	1	2	0.381966011250105151795413165634361882279690820194237137864551377	0
4	4	3	3	1	3	0.618033988749894848204586834365638117720309179805762862135448623	0
4	4	3	3	1	5	0.687121499445024928277131487829117136945429353631139747440103970	0
4	4	3	3	4	2	-0.618033988749894848204586834365638117720309179805762862135448623	0
4	4	3	3	4	3	-0.381966011250105151795413165634361882279690820194237137864551377	0
4	4	3	3	4	5	0.687121499445024928277131487829117136945429353631139747440103970	0
4	4	3	3	5	2	0.687121499445024928277131487829117136945429353631139747440103970	0
4	4	3	3	5	3	-0.687121499445024928277131487829117136945429353631139747440103970	0
4	4	3	3	5	5	0.236067977499789696409173668731276235440618359611525724270897245	0
4	4	3	4	5	5	1.000000000000000000000000000000000000000000000000000000000000000	0
4	4	3	5	4	3	0.618033988749894848204586834365638117720309179805762862135448623	0
4	4	3	5	4	5	0.786151377757423286069558585842958929523122057837723237664901970	0
4	4	3	5	5	3	0.786151377757423286069558585842958929523122057837723237664901970	0
4	4	3	5	5	5	-0.618033988749894848204586834365638117720309179805762862135448623	0
4	4	4	1	4	4	1.000000000000000000000000000000000000000000000000000000000000000	0
4	4	4	3	5	5	1.000000000000000000000000000000000000000000000000000000000000000	0
4	4	4	4	1	1	0.381966011250105151795413165634361882279690820194237137864551377	0
4	4	4	4	1	4	0.618033988749894848204586834365638117720309179805762862135448623	0
4	4	4	4	1	5	0.687121499445024928277131487829117136945429353631139747440103970	0
4	4	4	4	4	1	0.618033988749894848204586834365638117720309179805762862135448623	0
4	4	4	4	4	4	0.381966011250105151795413165634361882279690820194237137864551377	0
4	4	4	4	4	5	-0.687121499445024928277131487829117136945429353631139747440103970	0
4	4	4	4	5	1	0.687121499445024928277131487829117136945429353631139747440103970	0
4	4	4	4	5	4	-0.687121499445024928277131487829117136945429353631139747440103970	0
4	4	4	4	5	5	0.236067977499789696409173668731276235440618359611525724270897245	0
4	4	4	5	4	4	-0.618033988749894848204586834365638117720309179805762862135448623	0
4	4	4	5	4	5	-0.786151377757423286069558585842958929523122057837723237664901970	0
4	4	4	5	5	4	-0.786151377757423286069558585842958929523122057837723237664901970	0
4	4	4	5	5	5	0.618033988749894848204586834365638117720309179805762862135448623	0
4	4	5	1	5	4	1.000000000000000000000000000000000000000000000000000000000000000	0
4	4	5	2	5	3	1.000000000000000000000000000000000000000000000000000000000000000	0
4	4	5	3	4	3	0.618033988749894848204586834365638117720309179805762862135448623	0
4	4	5	3	4	5	0.786151377757423286069558585842958929523122057837723237664901970	0
4	4	5	3	5	3	0.786151377757423286069558585842958929523122057837723237664901970	0
4	4	5	3	5	5	-0.618033988749894848204586834365638117720309179805762862135448623	0
4	4	5	4	4	4	-0.618033988749894848204586834365638117720309179805762862135448623	0
4	4	5	4	4	5	-0.786151377757423286069558585842958929523122057837723237664901970	0
4	4	5	4	5	4	-0.786151377757423286069558585842958929523122057837723237664901970	0
4	4	5	4	5	5	0.618033988749894848204586834365638117720309179805762862135448623	0
4	4	5	5	1	3	0.555892970251421171992048047897569250691057814997037061577650731	0
4	4	5	5	1	4	0.555892970251421171992048047897569250691057814997037061577650731	0
4	4	5	5	1	5	0.618033988749894848204586834365638117720309179805762862135448623	0
4	4	5	5	4	3	0.707106781186547524400844362104849039284835937688474036588339869	0
4	4	5	5	4	4	-0.707106781186547524400844362104849039284835937688474036588339869	0
4	4	5	5	4	5	0.	0
4	4	5	5	5	3	-0.437016024448821070799301205055755113787470815987067188420206279	0
4	4	5	5	5	4	-0.437016024448821070799301205055755113787470815987067188420206279	0
4	4	5	5	5	5	0.786151377757423286069558585842958929523122057837723237664901970	0
4	5	1	3	3	5	1.000000000000000000000000000000000000000000000000000000000000000	0
4	5	1	4	4	5	1.000000000000000000000000000000000000000000000000000000000000000	0
4	5	1	5	5	5	1.000000000000000000000000000000000000000000000000000000000000000	0
4	5	2	3	4	5	1.000000000000000000000000000000000000000000000000000000000000000	0
4	5	2	4	3	5	1.000000000000000000000000000000000000000000000000000000000000000	0
4	5	2	5	5	5	-1.000000000000000000000000000000000000000000000000000000000000000	0
4	5	3	1	3	4	1.000000000000000000000000000000000000000000000000000000000000000	0
4	5	3	2	4	3	1.000000000000000000000000000000000000000000000000000000000000000	0
4	5	3	3	4	3	-0.618033988749894848204586834365638117720309179805762862135448623	0
4	5	3	3	4	5	0.786151377757423286069558585842958929523122057837723237664901970	0
4	5	3	3	5	3	0.786151377757423286069558585842958929523122057837723237664901970	0
4	5	3	3	5	5	0.618033988749894848204586834365638117720309179805762862135448623	0
4	5	3	4	3	4	-0.618033988749894848204586834365638117720309179805762862135448623	0
4	5	3	4	3	5	-0.786151377757423286069558585842958929523122057837723237664901970	0
4	5	3	4	5	4	0.786151377757423286069558585842958929523122057837723237664901970	0
4	5	3	4	5	5	-0.618033988749894848204586834365638117720309179805762862135448623	0
4	5	3	5	3	3	0.809016994374947424102293417182819058860154589902881431067724311	0
4	5	3	5	3	4	0.190983005625052575897706582817180941139845410097118568932275689	0
4	5	3	5	3	5	0.555892970251421171992048047897569250691057814997037061577650731	0
4	5	3	5	4	3	0.190983005625052575897706582817180941139845410097118568932275689	0
4	5	3	5	4	4	0.809016994374947424102293417182819058860154589902881431067724311	0
4	5	3	5	4	5	-0.555892970251421171992048047897569250691057814997037061577650731	0
4	5	3	5	5	3	0.555892970251421171992048047897569250691057814997037061577650731	0
4	5	3	5	5	4	-0.555892970251421171992048047897569250691057814997037061577650731	0
4	5	3	5	5	5	-0.618033988749894848204586834365638117720309179805762862135448623	0
4	5	4	1	4	4	1.000000000000000000000000000000000000000000000000000000000000000	0
4	5	4	2	3	3	1.000000000000000000000000000000000000000000000000000000000000000	0
4	5	4	3	3	3	-0.618033988749894848204586834365638117720309179805762862135448623	0
4	5	4	3	3	5	0.786151377757423286069558585842958929523122057837723237664901970	0
4	5	4	3	5	3	-0.786151377757423286069558585842958929523122057837723237664901970	0
4	5	4	3	5	5	-0.618033988749894848204586834365638117720309179805762862135448623	0
4	5	4	4	4	4	-0.618033988749894848204586834365638117720309179805762862135448623	0
4	5	4	4	4	5	-0.786151377757423286069558585842958929523122057837723237664901970	0
4	5	4	4	5	4	-0.786151377757423286069558585842958929523122057837723237664901970	0
4	5	4	4	5	5	0.618033988749894848204586834365638117720309179805762862135448623	0
4	5	4	5	3	3	0.190983005625052575897706582817180941139845410097118568932275689	0
4	5	4	5	3	4	0.809016994374947424102293417182819058860154589902881431067724311	0
4	5	4	5	3	5	-0.555892970251421171992048047897569250691057814997037061577650731	0
4	5	4	5	4	3	0.809016994374947424102293417182819058860154589902881431067724311	0
4	5	4	5	4	4	0.190983005625052575897706582817180941139845410097118568932275689	0
4	5	4	5	4	5	0.555892970251421171992048047897569250691057814997037061577650731	0
4	5	4	5	5	3	-0.555892970251421171992048047897569250691057814997037061577650731	0
4	5	4	5	5	4	0.555892970251421171992048047897569250691057814997037061577650731	0
4	5	4	5	5	5	0.618033988749894848204586834365638117720309179805762862135448623	0
4	5	5	1	5	4	1.000000000000000000000000000000000000000000000000000000000000000	0
4	5	5	2	5	3	1.000000000000000000000000000000000000000000000000000000000000000	0
4	5	5	3	3	2	0.555892970251421171992048047897569250691057814997037061577650731	0
4	5	5	3	3	3	-0.707106781186547524400844362104849039284835937688474036588339869	0
4	5	5	3	3	5	-0.437016024448821070799301205055755113787470815987067188420206279	0
4	5	5	3	4	2	0.555892970251421171992048047897569250691057814997037061577650731	0
4	5	5	3	4	3	0.707106781186547524400844362104849039284835937688474036588339869	0
4	5	5	3	4	5	-0.437016024448821070799301205055755113787470815987067188420206279	0
4	5	5	3	5	2	0.618033988749894848204586834365638117720309179805762862135448623	0
4	5	5	3	5	3	0.	0
4	5	5	3	5	5	0.786151377757423286069558585842958929523122057837723237664901970	0
4	5	5	4	3	1	0.555892970251421171992048047897569250691057814997037061577650731	0
4	5	5	4	3	4	0.707106781186547524400844362104849039284835937688474036588339869	0
4	5	5	4	3	5	-0.437016024448821070799301205055755113787470815987067188420206279	0
4	5	5	4	4	1	0.555892970251421171992048047897569250691057814997037061577650731	0
4	5	5	4	4	4	-0.707106781186547524400844362104849039284835937688474036588339869	0
4	5	5	4	4	5	-0.437016024448821070799301205055755113787470815987067188420206279	0
4	5	5	4	5	1	0.618033988749894848204586834365638117720309179805762862135448623	0
4	5	5	4	5	4	0.	0
4	5	5	4	5	5	0.786151377757423286069558585842958929523122057837723237664901970	0
4	5	5	5	3	3	0.500000000000000000000000000000000000000000000000000000000000000	0
4	5	5	5	3	4	-0.500000000000000000000000000000000000000000000000000000000000000	0
4	5	5	5	3	5	0.707106781186547524400844362104849039284835937688474036588339869	0
4	5	5	5	4	3	-0.500000000000000000000000000000000000000000000000000000000000000	0
4	5	5	5	4	4	0.500000000000000000000000000000000000000000000000000000000000000	0
4	5	5	5	4	5	0.707106781186547524400844362104849039284835937688474036588339869	0
4	5	5	5	5	3	0.707106781186547524400844362104849039284835937688474036588339869	0
4	5	5	5	5	4	0.707106781186547524400844362104849039284835937688474036588339869	0
4	5	5	5	5	5	0.	0
5	1	1	5	5	1	1.000000000000000000000000000000000000000000000000000000000000000	0
5	1	2	5	5	2	1.000000000000000000000000000000000000000000000000000000000000000	0
5	1	3	3	5	3	1.000000000000000000000000000000000000000000000000000000000000000	0
5	1	3	4	5	3	1.000000000000000000000000000000000000000000000000000000000000000	0
5	1	3	5	5	3	1.000000000000000000000000000000000000000000000000000000000000000	0
5	1	4	3	5	4	1.000000000000000000000000000000000000000000000000000000000000000	0
5	1	4	4	5	4	1.000000000000000000000000000000000000000000000000000000000000000	0
5	1	4	5	5	4	1.000000000000000000000000000000000000000000000000000000000000000	0
5	1	5	1	5	5	1.000000000000000000000000000000000000000000000000000000000000000	0
5	1	5	2	5	5	1.000000000000000000000000000000000000000000000000000000000000000	0
5	1	5	3	5	5	1.000000000000000000000000000000000000000000000000000000000000000	0
5	1	5	4	5	5	1.000000000000000000000000000000000000000000000000000000000000000	0
5	1	5	5	5	5	1.000000000000000000000000000000000000000000000000000000000000000	0
5	2	1	5	5	2	1.000000000000000000000000000000000000000000000000000000000000000	0
5	2	2	5	5	1	1.000000000000000000000000000000000000000000000000000000000000000	0
5	2	3	3	5	4	1.000000000000000000000000000000000000000000000000000000000000000	0
5	2	3	4	5	4	1.000000000000000000000000000000000000000000000000000000000000000	0
5	2	3	5	5	4	1.000000000000000000000000000000000000000000000000000000000000000	0
5	2	4	3	5	3	1.000000000000000000000000000000000000000000000000000000000000000	0
5	2	4	4	5	3	1.000000000000000000000000000000000000000000000000000000000000000	0
5	2	4	5	5	3	1.000000000000000000000000000000000000000000000000000000000000000	0
5	2	5	1	5	5	1.000000000000000000000000000000000000000000000000000000000000000	0
5	2	5	2	5	5	1.000000000000000000000000000000000000000000000000000000000000000	0
5	2	5	3	5	5	-1.000000000000000000000000000000000000000000000000000000000000000	0
5	2	5	4	5	5	-1.000000000000000000000000000000000000000000000000000000000000000	0
5	2	5	5	5	5	1.000000000000000000000000000000000000000000000000000000000000000	0
5	3	1	3	3	3	1.000000000000000000000000000000000000000000000000000000000000000	0
5	3	1	4	4	3	1.000000000000000000000000000000000000000000000000000000000000000	0
5	3	1	5	5	3	1.000000000000000000000000000000000000000000000000000000000000000	0
5	3	2	3	4	4	1.000000000000000000000000000000000000000000000000000000000000000	0
5	3	2	4	3	4	1.000000000000000000000000000000000000000000000000000000000000000	0
5	3	2	5	5	4	1.000000000000000000000000000000000000000000000000000000000000000	0
5	3	3	1	3	5	1.000000000000000000000000000000000000000000000000000000000000000	0
5	3	3	2	4	5	1.000000000000000000000000000000000000000000000000000000000000000	0
5	3	3	3	4	4	-0.618033988749894848204586834365638117720309179805762862135448623	0
5	3	3	3	4	5	-0.786151377757423286069558585842958929523122057837723237664901970	0
5	3	3	3	5	4	0.786151377757423286069558585842958929523122057837723237664901970	0
5	3	3	3	5	5	-0.618033988749894848204586834365638117720309179805762862135448623	0
5	3	3	4	3	4	-0.618033988749894848204586834365638117720309179805762862135448623	0
5	3	3	4	3	5	-0.786151377757423286069558585842958929523122057837723237664901970	0
5	3	3	4	5	4	-0.786151377757423286069558585842958929523122057837723237664901970	0
5	3	3	4	5	5	0.618033988749894848204586834365638117720309179805762862135448623	0
5	3	3	5	3	1	0.555892970251421171992048047897569250691057814997037061577650731	0
5	3	3	5	3	4	-0.707106781186547524400844362104849039284835937688474036588339869	0
5	3	3	5	3	5	-0.437016024448821070799301205055755113787470815987067188420206279	0
5	3	3	5	4	1	0.555892970251421171992048047897569250691057814997037061577650731	0
5	3	3	5	4	4	0.707106781186547524400844362104849039284835937688474036588339869	0
5	3	3	5	4	5	-0.437016024448821070799301205055755113787470815987067188420206279	0
5	3	3	5	5	1	0.618033988749894848204586834365638117720309179805762862135448623	0
5	3	3	5	5	4	0.	0
5	3	3	5	5	5	0.786151377757423286069558585842958929523122057837723237664901970	0
5	3	4	1	4	5	1.000000000000000000000000000000000000000000000000000000000000000	0
5	3	4	2	3	5	1.000000000000000000000000000000000000000000000000000000000000000	0
5	3	4	3	3	3	-0.618033988749894848204586834365638117720309179805762862135448623	0
5	3	4	3	3	5	0.786151377757423286069558585842958929523122057837723237664901970	0
5	3	4	3	5	3	0.786151377757423286069558585842958929523122057837723237664901970	0
5	3	4	3	5	5	0.618033988749894848204586834365638117720309179805762862135448623	0
5	3	4	4	4	3	-0.618033988749894848204586834365638117720309179805762862135448623	0
5	3	4	4	4	5	0.786151377757423286069558585842958929523122057837723237664901970	0
5	3	4	4	5	3	-0.786151377757423286069558585842958929523122057837723237664901970	0
5	3	4	4	5	5	-0.618033988749894848204586834365638117720309179805762862135448623	0
5	3	4	5	3	2	0.555892970251421171992048047897569250691057814997037061577650731	0
5	3	4	5	3	3	0.707106781186547524400844362104849039284835937688474036588339869	0
5	3	4	5	3	5	-0.437016024448821070799301205055755113787470815987067188420206279	0
5	3	4	5	4	2	0.555892970251421171992048047897569250691057814997037061577650731	0
5	3	4	5	4	3	-0.707106781186547524400844362104849039284835937688474036588339869	0
5	3	4	5	4	5	-0.437016024448821070799301205055755113787470815987067188420206279	0
5	3	4	5	5	2	0.618033988749894848204586834365638117720309179805762862135448623	0
5	3	4	5	5	3	0.	0
5	3	4	5	5	5	0.786151377757423286069558585842958929523122057837723237664901970	0
5	3	5	1	5	5	1.000000000000000000000000000000000000000000000000000000000000000	0
5	3	5	2	5	5	-1.000000000000000000000000000000000000000000000000000000000000000	0
5	3	5	3	3	3	0.190983005625052575897706582817180941139845410097118568932275689	0
5	3	5	3	3	4	0.809016994374947424102293417182819058860154589902881431067724311	0
5	3	5	3	3	5	-0.555892970251421171992048047897569250691057814997037061577650731	0
5	3	5	3	4	3	0.809016994374947424102293417182819058860154589902881431067724311	0
5	3	5	3	4	4	0.190983005625052575897706582817180941139845410097118568932275689	0
5	3	5	3	4	5	0.555892970251421171992048047897569250691057814997037061577650731	0
5	3	5	3	5	3	-0.555892970251421171992048047897569250691057814997037061577650731	0
5	3	5	3	5	4	0.555892970251421171992048047897569250691057814997037061577650731	0
5	3	5	3	5	5	0.618033988749894848204586834365638117720309179805762862135448623	0
5	3	5	4	3	3	0.809016994374947424102293417182819058860154589902881431067724311	0
5	3	5	4	3	4	0.190983005625052575897706582817180941139845410097118568932275689	0
5	3	5	4	3	5	0.555892970251421171992048047897569250691057814997037061577650731	0
5	3	5	4	4	3	0.190983005625052575897706582817180941139845410097118568932275689	0
5	3	5	4	4	4	0.809016994374947424102293417182819058860154589902881431067724311	0
5	3	5	4	4	5	-0.555892970251421171992048047897569250691057814997037061577650731	0
5	3	5	4	5	3	0.555892970251421171992048047897569250691057814997037061577650731	0
5	3	5	4	5	4	-0.555892970251421171992048047897569250691057814997037061577650731	0
5	3	5	4	5	5	-0.618033988749894848204586834365638117720309179805762862135448623	0
5	3	5	5	3	3	-0.500000000000000000000000000000000000000000000000000000000000000	0
5	3	5	5	3	4	0.500000000000000000000000000000000000000000000000000000000000000	0
5	3	5	5	3	5	0.707106781186547524400844362104849039284835937688474036588339869	0
5	3	5	5	4	3	0.500000000000000000000000000000000000000000000000000000000000000	0
5	3	5	5	4	4	-0.500000000000000000000000000000000000000000000000000000000000000	0
5	3	5	5	4	5	0.707106781186547524400844362104849039284835937688474036588339869	0
5	3	5	5	5	3	0.707106781186547524400844362104849039284835937688474036588339869	0
5	3	5	5	5	4	0.707106781186547524400844362104849039284835937688474036588339869	0
5	3	5	5	5	5	0.	0
5	4	1	3	3	4	1.000000000000000000000000000000000000000000000000000000000000000	0
5	4	1	4	4	4	1.000000000000000000000000000000000000000000000000000000000000000	0
5	4	1	5	5	4	1.000000000000000000000000000000000000000000000000000000000000000	0
5	4	2	3	4	3	1.000000000000000000000000000000000000000000000000000000000000000	0
5	4	2	4	3	3	1.000000000000000000000000000000000000000000000000000000000000000	0
5	4	2	5	5	3	1.000000000000000000000000000000000000000000000000000000000000000	0
5	4	3	1	3	5	1.000000000000000000000000000000000000000000000000000000000000000	0
5	4	3	2	4	5	1.000000000000000000000000000000000000000000000000000000000000000	0
5	4	3	3	4	3	-0.618033988749894848204586834365638117720309179805762862135448623	0
5	4	3	3	4	5	0.786151377757423286069558585842958929523122057837723237664901970	0
5	4	3	3	5	3	0.786151377757423286069558585842958929523122057837723237664901970	0
5	4	3	3	5	5	0.618033988749894848204586834365638117720309179805762862135448623	0
5	4	3	4	3	3	-0.618033988749894848204586834365638117720309179805762862135448623	0
5	4	3	4	3	5	0.786151377757423286069558585842958929523122057837723237664901970	0
5	4	3	4	5	3	-0.786151377757423286069558585842958929523122057837723237664901970	0
5	4	3	4	5	5	-0.618033988749894848204586834365638117720309179805762862135448623	0
5	4	3	5	3	2	0.555892970251421171992048047897569250691057814997037061577650731	0
5	4	3	5	3	3	-0.707106781186547524400844362104849039284835937688474036588339869	0
5	4	3	5	3	5	-0.437016024448821070799301205055755113787470815987067188420206279	0
5	4	3	5	4	2	0.555892970251421171992048047897569250691057814997037061577650731	0
5	4	3	5	4	3	0.707106781186547524400844362104849039284835937688474036588339869	0
5	4	3	5	4	5	-0.437016024448821070799301205055755113787470815987067188420206279	0
5	4	3	5	5	2	0.618033988749894848204586834365638117720309179805762862135448623	0
5	4	3	5	5	3	0.	0
5	4	3	5	5	5	0.786151377757423286069558585842958929523122057837723237664901970	0
5	4	4	1	4	5	1.000000000000000000000000000000000000000000000000000000000000000	0
5	4	4	2	3	5	1.000000000000000000000000000000000000000000000000000000000000000	0
5	4	4	3	3	4	-0.618033988749894848204586834365638117720309179805762862135448623	0
5	4	4	3	3	5	-0.786151377757423286069558585842958929523122057837723237664901970	0
5	4	4	3	5	4	0.786151377757423286069558585842958929523122057837723237664901970	0
5	4	4	3	5	5	-0.618033988749894848204586834365638117720309179805762862135448623	0
5	4	4	4	4	4	-0.618033988749894848204586834365638117720309179805762862135448623	0
5	4	4	4	4	5	-0.786151377757423286069558585842958929523122057837723237664901970	0
5	4	4	4	5	4	-0.786151377757423286069558585842958929523122057837723237664901970	0
5	4	4	4	5	5	0.618033988749894848204586834365638117720309179805762862135448623	0
5	4	4	5	3	1	0.555892970251421171992048047897569250691057814997037061577650731	0
5	4	4	5	3	4	0.707106781186547524400844362104849039284835937688474036588339869	0
5	4	4	5	3	5	-0.437016024448821070799301205055755113787470815987067188420206279	0
5	4	4	5	4	1	0.555892970251421171992048047897569250691057814997037061577650731	0
5	4	4	5	4	4	-0.707106781186547524400844362104849039284835937688474036588339869	0
5	4	4	5	4	5	-0.437016024448821070799301205055755113787470815987067188420206279	0
5	4	4	5	5	1	0.618033988749894848204586834365638117720309179805762862135448623	0
5	4	4	5	5	4	0.	0
5	4	4	5	5	5	0.786151377757423286069558585842958929523122057837723237664901970	0
5	4	5	1	5	5	1.000000000000000000000000000000000000000000000000000000000000000	0
5	4	5	2	5	5	-1.000000000000000000000000000000000000000000000000000000000000000	0
5	4	5	3	3	3	0.809016994374947424102293417182819058860154589902881431067724311	0
5	4	5	3	3	4	0.190983005625052575897706582817180941139845410097118568932275689	0
5	4	5	3	3	5	0.555892970251421171992048047897569250691057814997037061577650731	0
5	4	5	3	4	3	0.190983005625052575897706582817180941139845410097118568932275689	0
5	4	5	3	4	4	0.809016994374947424102293417182819058860154589902881431067724311	0
5	4	5	3	4	5	-0.555892970251421171992048047897569250691057814997037061577650731	0
5	4	5	3	5	3	0.555892970251421171992048047897569250691057814997037061577650731	0
5	4	5	3	5	4	-0.555892970251421171992048047897569250691057814997037061577650731	0
5	4	5	3	5	5	-0.618033988749894848204586834365638117720309179805762862135448623	0
5	4	5	4	3	3	0.190983005625052575897706582817180941139845410097118568932275689	0
5	4	5	4	3	4	0.809016994374947424102293417182819058860154589902881431067724311	0
5	4	5	4	3	5	-0.555892970251421171992048047897569250691057814997037061577650731	0
5	4	5	4	4	3	0.809016994374947424102293417182819058860154589902881431067724311	0
5	4	5	4	4	4	0.190983005625052575897706582817180941139845410097118568932275689	0
5	4	5	4	4	5	0.555892970251421171992048047897569250691057814997037061577650731	0
5	4	5	4	5	3	-0.555892970251421171992048047897569250691057814997037061577650731	0
5	4	5	4	5	4	0.555892970251421171992048047897569250691057814997037061577650731	0
5	4	5	4	5	5	0.618033988749894848204586834365638117720309179805762862135448623	0
5	4	5	5	3	3	0.500000000000000000000000000000000000000000000000000000000000000	0
5	4	5	5	3	4	-0.500000000000000000000000000000000000000000000000000000000000000	0
5	4	5	5	3	5	0.707106781186547524400844362104849039284835937688474036588339869	0
5	4	5	5	4	3	-0.500000000000000000000000000000000000000000000000000000000000000	0
5	4	5	5	4	4	0.500000000000000000000000000000000000000000000000000000000000000	0
5	4	5	5	4	5	0.707106781186547524400844362104849039284835937688474036588339869	0
5	4	5	5	5	3	0.707106781186547524400844362104849039284835937688474036588339869	0
5	4	5	5	5	4	0.707106781186547524400844362104849039284835937688474036588339869	0
5	4	5	5	5	5	0.	0
5	5	1	1	1	5	1.000000000000000000000000000000000000000000000000000000000000000	0
5	5	1	2	2	5	1.000000000000000000000000000000000000000000000000000000000000000	0
5	5	1	3	3	5	1.000000000000000000000000000000000000000000000000000000000000000	0
5	5	1	4	4	5	1.000000000000000000000000000000000000000000000000000000000000000	0
5	5	1	5	5	5	1.000000000000000000000000000000000000000000000000000000000000000	0
5	5	2	1	2	5	1.000000000000000000000000000000000000000000000000000000000000000	0
5	5	2	2	1	5	1.000000000000000000000000000000000000000000000000000000000000000	0
5	5	2	3	4	5	1.000000000000000000000000000000000000000000000000000000000000000	0
5	5	2	4	3	5	1.000000000000000000000000000000000000000000000000000000000000000	0
5	5	2	5	5	5	1.000000000000000000000000000000000000000000000000000000000000000	0
5	5	3	1	3	5	1.000000000000000000000000000000000000000000000000000000000000000	0
5	5	3	2	4	5	1.000000000000000000000000000000000000000000000000000000000000000	0
5	5	3	3	1	3	0.555892970251421171992048047897569250691057814997037061577650731	0
5	5	3	3	1	4	0.555892970251421171992048047897569250691057814997037061577650731	0
5	5	3	3	1	5	0.618033988749894848204586834365638117720309179805762862135448623	0
5	5	3	3	4	3	0.707106781186547524400844362104849039284835937688474036588339869	0
5	5	3	3	4	4	-0.707106781186547524400844362104849039284835937688474036588339869	0
5	5	3	3	4	5	0.	0
5	5	3	3	5	3	-0.437016024448821070799301205055755113787470815987067188420206279	0
5	5	3	3	5	4	-0.437016024448821070799301205055755113787470815987067188420206279	0
5	5	3	3	5	5	0.786151377757423286069558585842958929523122057837723237664901970	0
5	5	3	4	2	3	0.555892970251421171992048047897569250691057814997037061577650731	0
5	5	3	4	2	4	0.555892970251421171992048047897569250691057814997037061577650731	0
5	5	3	4	2	5	0.618033988749894848204586834365638117720309179805762862135448623	0
5	5	3	4	3	3	0.707106781186547524400844362104849039284835937688474036588339869	0
5	5	3	4	3	4	-0.707106781186547524400844362104849039284835937688474036588339869	0
5	5	3	4	3	5	0.	0
5	5	3	4	5	3	-0.437016024448821070799301205055755113787470815987067188420206279	0
5	5	3	4	5	4	-0.437016024448821070799301205055755113787470815987067188420206279	0
5	5	3	4	5	5	0.786151377757423286069558585842958929523122057837723237664901970	0
5	5	3	5	3	3	-0.500000000000000000000000000000000000000000000000000000000000000	0
5	5	3	5	3	4	0.500000000000000000000000000000000000000000000000000000000000000	0
5	5	3	5	3	5	0.707106781186547524400844362104849039284835937688474036588339869	0
5	5	3	5	4	3	0.500000000000000000000000000000000000000000000000000000000000000	0
5	5	3	5	4	4	-0.500000000000000000000000000000000000000000000000000000000000000	0
5	5	3	5	4	5	0.707106781186547524400844362104849039284835937688474036588339869	0
5	5	3	5	5	3	0.707106781186547524400844362104849039284835937688474036588339869	0
5	5	3	5	5	4	0.707106781186547524400844362104849039284835937688474036588339869	0
5	5	3	5	5	5	0.	0
5	5	4	1	4	5	1.000000000000000000000000000000000000000000000000000000000000000	0
5	5	4	2	3	5	1.000000000000000000000000000000000000000000000000000000000000000	0
5	5	4	3	2	3	0.555892970251421171992048047897569250691057814997037061577650731	0
5	5	4	3	2	4	0.555892970251421171992048047897569250691057814997037061577650731	0
5	5	4	3	2	5	0.618033988749894848204586834365638117720309179805762862135448623	0
5	5	4	3	3	3	0.707106781186547524400844362104849039284835937688474036588339869	0
5	5	4	3	3	4	-0.707106781186547524400844362104849039284835937688474036588339869	0
5	5	4	3	3	5	0.	0
5	5	4	3	5	3	-0.437016024448821070799301205055755113787470815987067188420206279	0
5	5	4	3	5	4	-0.437016024448821070799301205055755113787470815987067188420206279	0
5	5	4	3	5	5	0.786151377757423286069558585842958929523122057837723237664901970	0
5	5	4	4	1	3	0.555892970251421171992048047897569250691057814997037061577650731	0
5	5	4	4	1	4	0.555892970251421171992048047897569250691057814997037061577650731	0
5	5	4	4	1	5	0.618033988749894848204586834365638117720309179805762862135448623	0
5	5	4	4	4	3	0.707106781186547524400844362104849039284835937688474036588339869	0
5	5	4	4	4	4	-0.707106781186547524400844362104849039284835937688474036588339869	0
5	5	4	4	4	5	0.	0
5	5	4	4	5	3	-0.437016024448821070799301205055755113787470815987067188420206279	0
5	5	4	4	5	4	-0.437016024448821070799301205055755113787470815987067188420206279	0
5	5	4	4	5	5	0.786151377757423286069558585842958929523122057837723237664901970	0
5	5	4	5	3	3	0.500000000000000000000000000000000000000000000000000000000000000	0
5	5	4	5	3	4	-0.500000000000000000000000000000000000000000000000000000000000000	0
5	5	4	5	3	5	0.707106781186547524400844362104849039284835937688474036588339869	0
5	5	4	5	4	3	-0.500000000000000000000000000000000000000000000000000000000000000	0
5	5	4	5	4	4	0.500000000000000000000000000000000000000000000000000000000000000	0
5	5	4	5	4	5	0.707106781186547524400844362104849039284835937688474036588339869	0
5	5	4	5	5	3	0.707106781186547524400844362104849039284835937688474036588339869	0
5	5	4	5	5	4	0.707106781186547524400844362104849039284835937688474036588339869	0
5	5	4	5	5	5	0.	0
5	5	5	1	5	5	1.000000000000000000000000000000000000000000000000000000000000000	0
5	5	5	2	5	5	1.000000000000000000000000000000000000000000000000000000000000000	0
5	5	5	3	3	3	-0.500000000000000000000000000000000000000000000000000000000000000	0
5	5	5	3	3	4	0.500000000000000000000000000000000000000000000000000000000000000	0
5	5	5	3	3	5	0.707106781186547524400844362104849039284835937688474036588339869	0
5	5	5	3	4	3	0.500000000000000000000000000000000000000000000000000000000000000	0
5	5	5	3	4	4	-0.500000000000000000000000000000000000000000000000000000000000000	0
5	5	5	3	4	5	0.707106781186547524400844362104849039284835937688474036588339869	0
5	5	5	3	5	3	0.707106781186547524400844362104849039284835937688474036588339869	0
5	5	5	3	5	4	0.707106781186547524400844362104849039284835937688474036588339869	0
5	5	5	3	5	5	0.	0
5	5	5	4	3	3	0.500000000000000000000000000000000000000000000000000000000000000	0
5	5	5	4	3	4	-0.500000000000000000000000000000000000000000000000000000000000000	0
5	5	5	4	3	5	0.707106781186547524400844362104849039284835937688474036588339869	0
5	5	5	4	4	3	-0.500000000000000000000000000000000000000000000000000000000000000	0
5	5	5	4	4	4	0.500000000000000000000000000000000000000000000000000000000000000	0
5	5	5	4	4	5	0.707106781186547524400844362104849039284835937688474036588339869	0
5	5	5	4	5	3	0.707106781186547524400844362104849039284835937688474036588339869	0
5	5	5	4	5	4	0.707106781186547524400844362104849039284835937688474036588339869	0
5	5	5	4	5	5	0.	0
5	5	5	5	1	1	0.309016994374947424102293417182819058860154589902881431067724311	0
5	5	5	5	1	2	0.309016994374947424102293417182819058860154589902881431067724311	0
5	5	5	5	1	3	0.500000000000000000000000000000000000000000000000000000000000000	0
5	5	5	5	1	4	0.500000000000000000000000000000000000000000000000000000000000000	0
5	5	5	5	1	5	0.555892970251421171992048047897569250691057814997037061577650731	0
5	5	5	5	2	1	0.309016994374947424102293417182819058860154589902881431067724311	0
5	5	5	5	2	2	0.309016994374947424102293417182819058860154589902881431067724311	0
5	5	5	5	2	3	-0.500000000000000000000000000000000000000000000000000000000000000	0
5	5	5	5	2	4	-0.500000000000000000000000000000000000000000000000000000000000000	0
5	5	5	5	2	5	0.555892970251421171992048047897569250691057814997037061577650731	0
5	5	5	5	3	1	0.500000000000000000000000000000000000000000000000000000000000000	0
5	5	5	5	3	2	-0.500000000000000000000000000000000000000000000000000000000000000	0
5	5	5	5	3	3	0.500000000000000000000000000000000000000000000000000000000000000	0
5	5	5	5	3	4	-0.500000000000000000000000000000000000000000000000000000000000000	0
5	5	5	5	3	5	0.	0
5	5	5	5	4	1	0.500000000000000000000000000000000000000000000000000000000000000	0
5	5	5	5	4	2	-0.500000000000000000000000000000000000000000000000000000000000000	0
5	5	5	5	4	3	-0.500000000000000000000000000000000000000000000000000000000000000	0
5	5	5	5	4	4	0.500000000000000000000000000000000000000000000000000000000000000	0
5	5	5	5	4	5	0.	0
5	5	5	5	5	1	0.555892970251421171992048047897569250691057814997037061577650731	0
5	5	5	5	5	2	0.555892970251421171992048047897569250691057814997037061577650731	0
5	5	5	5	5	3	0.	0
5	5	5	5	5	4	0.	0
5	5	5	5	5	5	-0.618033988749894848204586834365638117720309179805762862135448623	0