1	1	1	1.000000000000000000000000000000000000000000000000000000000000000	0
1	2	2	1.000000000000000000000000000000000000000000000000000000000000000	0
1	3	3	1.000000000000000000000000000000000000000000000000000000000000000	0
1	4	4	1.000000000000000000000000000000000000000000000000000000000000000	0
1	5	5	1.000000000000000000000000000000000000000000000000000000000000000	0
1	6	6	1.000000000000000000000000000000000000000000000000000000000000000	0
2	1	2	1.000000000000000000000000000000000000000000000000000000000000000	0
2	2	1	0.3090169943749474241022934171828190588601545899028814310677243114	0.9510565162951535721164393333793821434056986341257502224473056444
2	2	2	0.8090169943749474241022934171828190588601545899028814310677243114	0.5877852522924731291687059546390727685976524376431459910722724808
2	3	5	1.000000000000000000000000000000000000000000000000000000000000000	0
2	4	6	1.000000000000000000000000000000000000000000000000000000000000000	0
2	5	3	0.3090169943749474241022934171828190588601545899028814310677243114	0.9510565162951535721164393333793821434056986341257502224473056444
2	5	5	0.8090169943749474241022934171828190588601545899028814310677243114	0.5877852522924731291687059546390727685976524376431459910722724808
2	6	4	0.3090169943749474241022934171828190588601545899028814310677243114	0.9510565162951535721164393333793821434056986341257502224473056444
2	6	6	0.8090169943749474241022934171828190588601545899028814310677243114	0.5877852522924731291687059546390727685976524376431459910722724808
3	1	3	1.000000000000000000000000000000000000000000000000000000000000000	0
3	2	5	1.000000000000000000000000000000000000000000000000000000000000000	0
3	3	1	-0.9009688679024191262361023195074450511659191621318571500535624232	0.4338837391175581204757683328483587546099907277874598764445473035
3	3	4	-0.6234898018587335305250048840042398106322747308964021053655494391	0.7818314824680298087084445266740577502323345187086875289806349580
3	4	3	1.3019377358048382524722046390148901023318383242637143001071248464	0.6269801688313519187854554891682322216104420096987697851119919206
3	4	4	-0.3215520660538952780528002449893497083004364066326878052584245927	-1.4088116512993817274939000158422899718427765284074573140926268786
3	5	2	-0.9009688679024191262361023195074450511659191621318571500535624232	0.4338837391175581204757683328483587546099907277874598764445473035
3	5	6	-0.6234898018587335305250048840042398106322747308964021053655494391	0.7818314824680298087084445266740577502323345187086875289806349580
3	6	5	1.3019377358048382524722046390148901023318383242637143001071248464	0.6269801688313519187854554891682322216104420096987697851119919206
3	6	6	-0.3215520660538952780528002449893497083004364066326878052584245927	-1.4088116512993817274939000158422899718427765284074573140926268786
4	1	4	1.000000000000000000000000000000000000000000000000000000000000000	0
4	2	6	1.000000000000000000000000000000000000000000000000000000000000000	0
4	3	3	0.6234898018587335305250048840042398106322747308964021053655494391	0.3002568636605011643762821736170871750132556269563875934264295851
4	3	4	-0.1539892641849520651860925514989654299013697003390529393224635450	-0.6746710485213224426418495093768440422195301736636098442216499900
4	4	1	0.6234898018587335305250048840042398106322747308964021053655494391	0.7818314824680298087084445266740577502323345187086875289806349580
4	4	3	-0.9009688679024191262361023195074450511659191621318571500535624232	0.4338837391175581204757683328483587546099907277874598764445473035
4	4	4	0.9009688679024191262361023195074450511659191621318571500535624232	0.4338837391175581204757683328483587546099907277874598764445473035
4	5	5	0.6234898018587335305250048840042398106322747308964021053655494391	0.3002568636605011643762821736170871750132556269563875934264295851
4	5	6	-0.1539892641849520651860925514989654299013697003390529393224635450	-0.6746710485213224426418495093768440422195301736636098442216499900
4	6	2	0.6234898018587335305250048840042398106322747308964021053655494391	0.7818314824680298087084445266740577502323345187086875289806349580
4	6	5	-0.9009688679024191262361023195074450511659191621318571500535624232	0.4338837391175581204757683328483587546099907277874598764445473035
4	6	6	0.9009688679024191262361023195074450511659191621318571500535624232	0.4338837391175581204757683328483587546099907277874598764445473035
5	1	5	1.000000000000000000000000000000000000000000000000000000000000000	0
5	2	3	0.3090169943749474241022934171828190588601545899028814310677243114	0.9510565162951535721164393333793821434056986341257502224473056444
5	2	5	0.8090169943749474241022934171828190588601545899028814310677243114	0.5877852522924731291687059546390727685976524376431459910722724808
5	3	2	-0.9009688679024191262361023195074450511659191621318571500535624232	0.4338837391175581204757683328483587546099907277874598764445473035
5	3	6	-0.6234898018587335305250048840042398106322747308964021053655494391	0.7818314824680298087084445266740577502323345187086875289806349580
5	4	5	1.3019377358048382524722046390148901023318383242637143001071248464	0.6269801688313519187854554891682322216104420096987697851119919206
5	4	6	-0.3215520660538952780528002449893497083004364066326878052584245927	-1.4088116512993817274939000158422899718427765284074573140926268786
5	5	1	-0.6910626489868646759049354256591699817466594856391299474770261767	-0.7227948638273915285452633514998522610902180806798900243625877849
5	5	2	-0.9839295885986296553956360939899698965200174286330743316674402392	-0.1785568947986366480137183675903137598662266739011723848971647168
5	5	4	-0.9362348706397372095087557244681174697774823774229764450573537042	-0.3513748240813427048873232705101784160143315196125107026365666098
5	5	6	-0.9639628606958532918885659525499857760906529970975411392509787908	0.2660368455666751073822760245929750947101935245335744978577019425
5	6	3	-0.1939726891731572961099819107637204478800599966145999316591833289	1.4319638947527109599014804205237758304860563672913987102517104274
5	6	4	1.2404944482137833703283329638154927825940955063807254956055471386	-0.7411609298736681874796696348198416867805985654053422553962726579
5	6	5	0.6847600571652410290640508495192065180600124039737930070228197191	1.2724974122297755001807532195073283808573083846121103160089241369
5	6	6	0.5679376258776058494813101866250844146667573188342094458587445843	-1.3287561300452871194769641778351162227195518358633985318623841111
6	1	6	1.000000000000000000000000000000000000000000000000000000000000000	0
6	2	4	0.3090169943749474241022934171828190588601545899028814310677243114	0.9510565162951535721164393333793821434056986341257502224473056444
6	2	6	0.8090169943749474241022934171828190588601545899028814310677243114	0.5877852522924731291687059546390727685976524376431459910722724808
6	3	5	0.6234898018587335305250048840042398106322747308964021053655494391	0.3002568636605011643762821736170871750132556269563875934264295851
6	3	6	-0.1539892641849520651860925514989654299013697003390529393224635450	-0.6746710485213224426418495093768440422195301736636098442216499900
6	4	2	0.6234898018587335305250048840042398106322747308964021053655494391	0.7818314824680298087084445266740577502323345187086875289806349580
6	4	5	-0.9009688679024191262361023195074450511659191621318571500535624232	0.4338837391175581204757683328483587546099907277874598764445473035
6	4	6	0.9009688679024191262361023195074450511659191621318571500535624232	0.4338837391175581204757683328483587546099907277874598764445473035
6	5	3	-0.0928923021528477866567001574223522275967700230407791239465987594	0.6857585124501391218578639986272110831201942996234239138258390443
6	5	4	0.5940649974674438188227254191159965820785072118043319019863121294	-0.3549373127484479500240457715974040682966301020275408771866034346
6	5	5	0.3279272891639497248549534143592926630322340128061931011367382464	0.6093910158663867961306280536696300350184643283098762745351027637
6	5	6	0.2719817607926132342855581098732279494731706858753886484444195343	-0.6363329623657989454081970829625615493000916173165388543746645778
6	6	1	-0.5508969814521025226871043191204105871852468168727963705595637451	0.8345732537213026509332106768737349045847792515295700270751404777
6	6	2	0.0448648303505149254580903368019609171338572943490410406123606075	0.9989930665413146473720559084446391440925887260921723555615068835
6	6	3	-0.6910626489868646759049354256591699817466594856391299474770261767	-0.7227948638273915285452633514998522610902180806798900243625877849
6	6	4	-0.1342332658176554760370186415106700491221105492895839197159018331	0.9909497617679347552486867131683644064605990801536734390500069831
6	6	5	-0.9839295885986296553956360939899698965200174286330743316674402392	-0.1785568947986366480137183675903137598662266739011723848971647168
6	6	6	0.4738686624729986707083830096659750872704506698483288461472465277	0.8805955318567379951929100621071846598465984011624156760291312186