1	1	1	1.000000000000000000000000000000000000000000000000000000000000000	0
1	2	2	1.000000000000000000000000000000000000000000000000000000000000000	0
1	3	3	1.000000000000000000000000000000000000000000000000000000000000000	0
1	4	4	1.000000000000000000000000000000000000000000000000000000000000000	0
1	5	5	1.000000000000000000000000000000000000000000000000000000000000000	0
1	6	6	1.000000000000000000000000000000000000000000000000000000000000000	0
2	1	2	1.000000000000000000000000000000000000000000000000000000000000000	0
2	2	1	-1.000000000000000000000000000000000000000000000000000000000000000	0
2	3	4	1.000000000000000000000000000000000000000000000000000000000000000	0
2	4	3	-1.000000000000000000000000000000000000000000000000000000000000000	0
2	5	6	-1.000000000000000000000000000000000000000000000000000000000000000	0
2	6	5	1.000000000000000000000000000000000000000000000000000000000000000	0
3	1	3	1.000000000000000000000000000000000000000000000000000000000000000	0
3	2	4	1.000000000000000000000000000000000000000000000000000000000000000	0
3	3	1	-0.5000000000000000000000000000000000000000000000000000000000000000	-0.8660254037844386467637231707529361834714026269051903140279034897
3	3	4	-0.8660254037844386467637231707529361834714026269051903140279034897	-0.5000000000000000000000000000000000000000000000000000000000000000
3	3	6	0.8660254037844386467637231707529361834714026269051903140279034897	-0.5000000000000000000000000000000000000000000000000000000000000000
3	4	2	-0.5000000000000000000000000000000000000000000000000000000000000000	-0.8660254037844386467637231707529361834714026269051903140279034897
3	4	3	-0.8660254037844386467637231707529361834714026269051903140279034897	-0.5000000000000000000000000000000000000000000000000000000000000000
3	4	5	0.8660254037844386467637231707529361834714026269051903140279034897	-0.5000000000000000000000000000000000000000000000000000000000000000
3	5	4	0.	-0.5000000000000000000000000000000000000000000000000000000000000000
3	5	5	0.5000000000000000000000000000000000000000000000000000000000000000	-0.8660254037844386467637231707529361834714026269051903140279034897
3	5	6	-0.5773502691896257645091487805019574556476017512701268760186023265	-0.3333333333333333333333333333333333333333333333333333333333333333
3	6	3	0.	-0.5000000000000000000000000000000000000000000000000000000000000000
3	6	5	-0.5773502691896257645091487805019574556476017512701268760186023265	-0.3333333333333333333333333333333333333333333333333333333333333333
3	6	6	0.5000000000000000000000000000000000000000000000000000000000000000	-0.8660254037844386467637231707529361834714026269051903140279034897
4	1	4	1.000000000000000000000000000000000000000000000000000000000000000	0
4	2	3	-1.000000000000000000000000000000000000000000000000000000000000000	0
4	3	2	-0.5000000000000000000000000000000000000000000000000000000000000000	-0.8660254037844386467637231707529361834714026269051903140279034897
4	3	3	-0.8660254037844386467637231707529361834714026269051903140279034897	-0.5000000000000000000000000000000000000000000000000000000000000000
4	3	5	0.8660254037844386467637231707529361834714026269051903140279034897	-0.5000000000000000000000000000000000000000000000000000000000000000
4	4	1	0.5000000000000000000000000000000000000000000000000000000000000000	0.8660254037844386467637231707529361834714026269051903140279034897
4	4	4	0.8660254037844386467637231707529361834714026269051903140279034897	0.5000000000000000000000000000000000000000000000000000000000000000
4	4	6	-0.8660254037844386467637231707529361834714026269051903140279034897	0.5000000000000000000000000000000000000000000000000000000000000000
4	5	3	0.	0.5000000000000000000000000000000000000000000000000000000000000000
4	5	5	0.5773502691896257645091487805019574556476017512701268760186023265	0.3333333333333333333333333333333333333333333333333333333333333333
4	5	6	-0.5000000000000000000000000000000000000000000000000000000000000000	0.8660254037844386467637231707529361834714026269051903140279034897
4	6	4	0.	-0.5000000000000000000000000000000000000000000000000000000000000000
4	6	5	0.5000000000000000000000000000000000000000000000000000000000000000	-0.8660254037844386467637231707529361834714026269051903140279034897
4	6	6	-0.5773502691896257645091487805019574556476017512701268760186023265	-0.3333333333333333333333333333333333333333333333333333333333333333
5	1	5	1.000000000000000000000000000000000000000000000000000000000000000	0
5	2	6	-1.000000000000000000000000000000000000000000000000000000000000000	0
5	3	4	0.	-2.0000000000000000000000000000000000000000000000000000000000000000
5	3	5	0.5000000000000000000000000000000000000000000000000000000000000000	-0.8660254037844386467637231707529361834714026269051903140279034897
5	3	6	-1.2990381056766579701455847561294042752071039403577854710418552346	-0.7500000000000000000000000000000000000000000000000000000000000000
5	4	3	0.	2.0000000000000000000000000000000000000000000000000000000000000000
5	4	5	1.2990381056766579701455847561294042752071039403577854710418552346	0.7500000000000000000000000000000000000000000000000000000000000000
5	4	6	-0.5000000000000000000000000000000000000000000000000000000000000000	0.8660254037844386467637231707529361834714026269051903140279034897
5	5	1	1.000000000000000000000000000000000000000000000000000000000000000	0
5	5	3	0.5000000000000000000000000000000000000000000000000000000000000000	0.8660254037844386467637231707529361834714026269051903140279034897
5	5	4	0.8660254037844386467637231707529361834714026269051903140279034897	-0.5000000000000000000000000000000000000000000000000000000000000000
5	5	5	1.000000000000000000000000000000000000000000000000000000000000000	0
5	5	6	0.	1.0000000000000000000000000000000000000000000000000000000000000000
5	6	2	-1.000000000000000000000000000000000000000000000000000000000000000	0
5	6	3	-0.8660254037844386467637231707529361834714026269051903140279034897	0.5000000000000000000000000000000000000000000000000000000000000000
5	6	4	-0.5000000000000000000000000000000000000000000000000000000000000000	-0.8660254037844386467637231707529361834714026269051903140279034897
5	6	5	0.	-1.0000000000000000000000000000000000000000000000000000000000000000
5	6	6	-1.000000000000000000000000000000000000000000000000000000000000000	0
6	1	6	1.000000000000000000000000000000000000000000000000000000000000000	0
6	2	5	1.000000000000000000000000000000000000000000000000000000000000000	0
6	3	3	0.	-2.0000000000000000000000000000000000000000000000000000000000000000
6	3	5	-1.2990381056766579701455847561294042752071039403577854710418552346	-0.7500000000000000000000000000000000000000000000000000000000000000
6	3	6	0.5000000000000000000000000000000000000000000000000000000000000000	-0.8660254037844386467637231707529361834714026269051903140279034897
6	4	4	0.	-2.0000000000000000000000000000000000000000000000000000000000000000
6	4	5	0.5000000000000000000000000000000000000000000000000000000000000000	-0.8660254037844386467637231707529361834714026269051903140279034897
6	4	6	-1.2990381056766579701455847561294042752071039403577854710418552346	-0.7500000000000000000000000000000000000000000000000000000000000000
6	5	2	-1.000000000000000000000000000000000000000000000000000000000000000	0
6	5	3	-0.8660254037844386467637231707529361834714026269051903140279034897	0.5000000000000000000000000000000000000000000000000000000000000000
6	5	4	-0.5000000000000000000000000000000000000000000000000000000000000000	-0.8660254037844386467637231707529361834714026269051903140279034897
6	5	5	0.	-1.0000000000000000000000000000000000000000000000000000000000000000
6	5	6	-1.000000000000000000000000000000000000000000000000000000000000000	0
6	6	1	-1.000000000000000000000000000000000000000000000000000000000000000	0
6	6	3	-0.5000000000000000000000000000000000000000000000000000000000000000	-0.8660254037844386467637231707529361834714026269051903140279034897
6	6	4	-0.8660254037844386467637231707529361834714026269051903140279034897	0.5000000000000000000000000000000000000000000000000000000000000000
6	6	5	-1.000000000000000000000000000000000000000000000000000000000000000	0
6	6	6	0.	-1.0000000000000000000000000000000000000000000000000000000000000000