1	1	1	1	1	1	1.000000000000000000000000000000000000000000000000000000000000000	0
1	1	2	2	1	2	1.000000000000000000000000000000000000000000000000000000000000000	0
1	1	3	3	1	3	1.000000000000000000000000000000000000000000000000000000000000000	0
1	1	4	4	1	4	1.000000000000000000000000000000000000000000000000000000000000000	0
1	2	1	2	2	2	1.000000000000000000000000000000000000000000000000000000000000000	0
1	2	2	1	2	1	1.000000000000000000000000000000000000000000000000000000000000000	0
1	2	3	3	2	3	1.000000000000000000000000000000000000000000000000000000000000000	0
1	2	4	4	2	4	1.000000000000000000000000000000000000000000000000000000000000000	0
1	3	1	3	3	3	1.000000000000000000000000000000000000000000000000000000000000000	0
1	3	2	3	3	3	1.000000000000000000000000000000000000000000000000000000000000000	0
1	3	3	1	3	1	1.000000000000000000000000000000000000000000000000000000000000000	0
1	3	3	2	3	2	1.000000000000000000000000000000000000000000000000000000000000000	0
1	3	3	4	3	4	1.000000000000000000000000000000000000000000000000000000000000000	0
1	3	4	3	3	3	1.000000000000000000000000000000000000000000000000000000000000000	0
1	3	4	4	3	4	1.000000000000000000000000000000000000000000000000000000000000000	0
1	4	1	4	4	4	1.000000000000000000000000000000000000000000000000000000000000000	0
1	4	2	4	4	4	1.000000000000000000000000000000000000000000000000000000000000000	0
1	4	3	3	4	3	1.000000000000000000000000000000000000000000000000000000000000000	0
1	4	3	4	4	4	1.000000000000000000000000000000000000000000000000000000000000000	0
1	4	4	1	4	1	1.000000000000000000000000000000000000000000000000000000000000000	0
1	4	4	2	4	2	1.000000000000000000000000000000000000000000000000000000000000000	0
1	4	4	3	4	3	1.000000000000000000000000000000000000000000000000000000000000000	0
2	1	1	2	2	1	1.000000000000000000000000000000000000000000000000000000000000000	0
2	1	2	1	2	2	1.000000000000000000000000000000000000000000000000000000000000000	0
2	1	3	3	2	3	1.000000000000000000000000000000000000000000000000000000000000000	0
2	1	4	4	2	4	1.000000000000000000000000000000000000000000000000000000000000000	0
2	2	1	1	1	2	1.000000000000000000000000000000000000000000000000000000000000000	0
2	2	2	2	1	1	1.000000000000000000000000000000000000000000000000000000000000000	0
2	2	3	3	1	3	1.000000000000000000000000000000000000000000000000000000000000000	0
2	2	4	4	1	4	1.000000000000000000000000000000000000000000000000000000000000000	0
2	3	1	3	3	3	1.000000000000000000000000000000000000000000000000000000000000000	0
2	3	2	3	3	3	1.000000000000000000000000000000000000000000000000000000000000000	0
2	3	3	1	3	2	1.000000000000000000000000000000000000000000000000000000000000000	0
2	3	3	2	3	1	1.000000000000000000000000000000000000000000000000000000000000000	0
2	3	3	4	3	4	-1.000000000000000000000000000000000000000000000000000000000000000	0
2	3	4	3	3	3	-1.000000000000000000000000000000000000000000000000000000000000000	0
2	3	4	4	3	4	1.000000000000000000000000000000000000000000000000000000000000000	0
2	4	1	4	4	4	1.000000000000000000000000000000000000000000000000000000000000000	0
2	4	2	4	4	4	1.000000000000000000000000000000000000000000000000000000000000000	0
2	4	3	3	4	3	-1.000000000000000000000000000000000000000000000000000000000000000	0
2	4	3	4	4	4	-1.000000000000000000000000000000000000000000000000000000000000000	0
2	4	4	1	4	2	1.000000000000000000000000000000000000000000000000000000000000000	0
2	4	4	2	4	1	1.000000000000000000000000000000000000000000000000000000000000000	0
2	4	4	3	4	3	1.000000000000000000000000000000000000000000000000000000000000000	0
3	1	1	3	3	1	1.000000000000000000000000000000000000000000000000000000000000000	0
3	1	2	3	3	2	1.000000000000000000000000000000000000000000000000000000000000000	0
3	1	3	1	3	3	1.000000000000000000000000000000000000000000000000000000000000000	0
3	1	3	2	3	3	1.000000000000000000000000000000000000000000000000000000000000000	0
3	1	3	4	3	3	1.000000000000000000000000000000000000000000000000000000000000000	0
3	1	4	3	3	4	1.000000000000000000000000000000000000000000000000000000000000000	0
3	1	4	4	3	4	1.000000000000000000000000000000000000000000000000000000000000000	0
3	2	1	3	3	2	1.000000000000000000000000000000000000000000000000000000000000000	0
3	2	2	3	3	1	1.000000000000000000000000000000000000000000000000000000000000000	0
3	2	3	1	3	3	1.000000000000000000000000000000000000000000000000000000000000000	0
3	2	3	2	3	3	1.000000000000000000000000000000000000000000000000000000000000000	0
3	2	3	4	3	3	-1.000000000000000000000000000000000000000000000000000000000000000	0
3	2	4	3	3	4	-1.000000000000000000000000000000000000000000000000000000000000000	0
3	2	4	4	3	4	1.000000000000000000000000000000000000000000000000000000000000000	0
3	3	1	1	1	3	1.000000000000000000000000000000000000000000000000000000000000000	0
3	3	1	2	2	3	1.000000000000000000000000000000000000000000000000000000000000000	0
3	3	1	4	4	3	1.000000000000000000000000000000000000000000000000000000000000000	0
3	3	2	1	2	3	1.000000000000000000000000000000000000000000000000000000000000000	0
3	3	2	2	1	3	1.000000000000000000000000000000000000000000000000000000000000000	0
3	3	2	4	4	3	1.000000000000000000000000000000000000000000000000000000000000000	0
3	3	3	3	1	1	0.500000000000000000000000000000000000000000000000000000000000000	0
3	3	3	3	1	2	0.500000000000000000000000000000000000000000000000000000000000000	0
3	3	3	3	1	4	0.707106781186547524400844362104849039284835937688474036588339869	0
3	3	3	3	2	1	0.500000000000000000000000000000000000000000000000000000000000000	0
3	3	3	3	2	2	0.500000000000000000000000000000000000000000000000000000000000000	0
3	3	3	3	2	4	-0.707106781186547524400844362104849039284835937688474036588339869	0
3	3	3	3	4	1	0.707106781186547524400844362104849039284835937688474036588339869	0
3	3	3	3	4	2	-0.707106781186547524400844362104849039284835937688474036588339869	0
3	3	3	3	4	4	0.	0
3	3	3	4	4	4	1.000000000000000000000000000000000000000000000000000000000000000	0
3	3	4	1	4	3	1.000000000000000000000000000000000000000000000000000000000000000	0
3	3	4	2	4	3	-1.000000000000000000000000000000000000000000000000000000000000000	0
3	3	4	3	4	4	1.000000000000000000000000000000000000000000000000000000000000000	0
3	3	4	4	1	3	0.707106781186547524400844362104849039284835937688474036588339869	0
3	3	4	4	1	4	0.707106781186547524400844362104849039284835937688474036588339869	0
3	3	4	4	2	3	-0.707106781186547524400844362104849039284835937688474036588339869	0
3	3	4	4	2	4	0.707106781186547524400844362104849039284835937688474036588339869	0
3	4	1	3	3	4	1.000000000000000000000000000000000000000000000000000000000000000	0
3	4	1	4	4	4	1.000000000000000000000000000000000000000000000000000000000000000	0
3	4	2	3	3	4	1.000000000000000000000000000000000000000000000000000000000000000	0
3	4	2	4	4	4	-1.000000000000000000000000000000000000000000000000000000000000000	0
3	4	3	1	3	3	1.000000000000000000000000000000000000000000000000000000000000000	0
3	4	3	2	3	3	-1.000000000000000000000000000000000000000000000000000000000000000	0
3	4	3	3	4	4	0.3090169943749474241022934171828190588601545899028814310677243114	-0.9510565162951535721164393333793821434056986341257502224473056444
3	4	3	4	3	3	0.	0
3	4	3	4	3	4	1.000000000000000000000000000000000000000000000000000000000000000	0
3	4	3	4	4	3	0.3090169943749474241022934171828190588601545899028814310677243114	0.9510565162951535721164393333793821434056986341257502224473056444
3	4	3	4	4	4	0.	0
3	4	4	1	4	3	-0.8090169943749474241022934171828190588601545899028814310677243114	-0.5877852522924731291687059546390727685976524376431459910722724808
3	4	4	2	4	3	-0.8090169943749474241022934171828190588601545899028814310677243114	-0.5877852522924731291687059546390727685976524376431459910722724808
3	4	4	3	3	1	0.707106781186547524400844362104849039284835937688474036588339869	0
3	4	4	3	3	2	-0.707106781186547524400844362104849039284835937688474036588339869	0
3	4	4	3	4	1	-0.5720614028176842976000727835803020765361533768377706125042730738	0.4156269377774534285899674641131351842222534847521098224196317278
3	4	4	3	4	2	-0.5720614028176842976000727835803020765361533768377706125042730738	0.4156269377774534285899674641131351842222534847521098224196317278
3	4	4	4	3	3	1.000000000000000000000000000000000000000000000000000000000000000	0
4	1	1	4	4	1	1.000000000000000000000000000000000000000000000000000000000000000	0
4	1	2	4	4	2	1.000000000000000000000000000000000000000000000000000000000000000	0
4	1	3	3	4	3	1.000000000000000000000000000000000000000000000000000000000000000	0
4	1	3	4	4	3	1.000000000000000000000000000000000000000000000000000000000000000	0
4	1	4	1	4	4	1.000000000000000000000000000000000000000000000000000000000000000	0
4	1	4	2	4	4	1.000000000000000000000000000000000000000000000000000000000000000	0
4	1	4	3	4	4	1.000000000000000000000000000000000000000000000000000000000000000	0
4	2	1	4	4	2	1.000000000000000000000000000000000000000000000000000000000000000	0
4	2	2	4	4	1	1.000000000000000000000000000000000000000000000000000000000000000	0
4	2	3	3	4	3	1.000000000000000000000000000000000000000000000000000000000000000	0
4	2	3	4	4	3	-1.000000000000000000000000000000000000000000000000000000000000000	0
4	2	4	1	4	4	-1.000000000000000000000000000000000000000000000000000000000000000	0
4	2	4	2	4	4	-1.000000000000000000000000000000000000000000000000000000000000000	0
4	2	4	3	4	4	1.000000000000000000000000000000000000000000000000000000000000000	0
4	3	1	3	3	3	1.000000000000000000000000000000000000000000000000000000000000000	0
4	3	1	4	4	3	1.000000000000000000000000000000000000000000000000000000000000000	0
4	3	2	3	3	3	-1.000000000000000000000000000000000000000000000000000000000000000	0
4	3	2	4	4	3	-1.000000000000000000000000000000000000000000000000000000000000000	0
4	3	3	1	3	4	1.000000000000000000000000000000000000000000000000000000000000000	0
4	3	3	2	3	4	-1.000000000000000000000000000000000000000000000000000000000000000	0
4	3	3	3	4	4	0.3090169943749474241022934171828190588601545899028814310677243114	-0.9510565162951535721164393333793821434056986341257502224473056444
4	3	3	4	3	1	0.707106781186547524400844362104849039284835937688474036588339869	0
4	3	3	4	3	2	0.707106781186547524400844362104849039284835937688474036588339869	0
4	3	3	4	4	1	0.2185080122244105353996506025278775568937354079935335942101031394	0.6724985119639573269600589688857487558767831110425551511954191452
4	3	3	4	4	2	-0.2185080122244105353996506025278775568937354079935335942101031394	-0.6724985119639573269600589688857487558767831110425551511954191452
4	3	4	1	4	4	-0.8090169943749474241022934171828190588601545899028814310677243114	-0.5877852522924731291687059546390727685976524376431459910722724808
4	3	4	2	4	4	0.8090169943749474241022934171828190588601545899028814310677243114	0.5877852522924731291687059546390727685976524376431459910722724808
4	3	4	3	3	3	0.	0
4	3	4	3	3	4	1.000000000000000000000000000000000000000000000000000000000000000	0
4	3	4	3	4	3	-0.8090169943749474241022934171828190588601545899028814310677243114	0.5877852522924731291687059546390727685976524376431459910722724808
4	3	4	3	4	4	0.	0
4	3	4	4	3	3	1.000000000000000000000000000000000000000000000000000000000000000	0
4	4	1	1	1	4	1.000000000000000000000000000000000000000000000000000000000000000	0
4	4	1	2	2	4	1.000000000000000000000000000000000000000000000000000000000000000	0
4	4	1	3	3	4	1.000000000000000000000000000000000000000000000000000000000000000	0
4	4	2	1	2	4	-1.000000000000000000000000000000000000000000000000000000000000000	0
4	4	2	2	1	4	-1.000000000000000000000000000000000000000000000000000000000000000	0
4	4	2	3	3	4	-1.000000000000000000000000000000000000000000000000000000000000000	0
4	4	3	1	3	4	0.3090169943749474241022934171828190588601545899028814310677243114	-0.9510565162951535721164393333793821434056986341257502224473056444
4	4	3	2	3	4	0.3090169943749474241022934171828190588601545899028814310677243114	-0.9510565162951535721164393333793821434056986341257502224473056444
4	4	3	3	1	3	0.707106781186547524400844362104849039284835937688474036588339869	0
4	4	3	3	1	4	0.707106781186547524400844362104849039284835937688474036588339869	0
4	4	3	3	2	3	-0.707106781186547524400844362104849039284835937688474036588339869	0
4	4	3	3	2	4	0.707106781186547524400844362104849039284835937688474036588339869	0
4	4	3	4	3	3	0.3090169943749474241022934171828190588601545899028814310677243114	0.9510565162951535721164393333793821434056986341257502224473056444
4	4	4	3	3	3	-0.8090169943749474241022934171828190588601545899028814310677243114	-0.5877852522924731291687059546390727685976524376431459910722724808
4	4	4	4	1	1	0.500000000000000000000000000000000000000000000000000000000000000	0
4	4	4	4	1	2	-0.500000000000000000000000000000000000000000000000000000000000000	0
4	4	4	4	1	3	0.707106781186547524400844362104849039284835937688474036588339869	0
4	4	4	4	2	1	0.500000000000000000000000000000000000000000000000000000000000000	0
4	4	4	4	2	2	-0.500000000000000000000000000000000000000000000000000000000000000	0
4	4	4	4	2	3	-0.707106781186547524400844362104849039284835937688474036588339869	0
4	4	4	4	3	1	-0.5720614028176842976000727835803020765361533768377706125042730738	0.4156269377774534285899674641131351842222534847521098224196317278
4	4	4	4	3	2	-0.5720614028176842976000727835803020765361533768377706125042730738	0.4156269377774534285899674641131351842222534847521098224196317278
4	4	4	4	3	3	0.	0