1	1	1	1	1	1	1.000000000000000000000000000000000000000000000000000000000000000	0
1	1	2	2	1	2	1.000000000000000000000000000000000000000000000000000000000000000	0
1	2	1	2	2	2	1.000000000000000000000000000000000000000000000000000000000000000	0
1	2	2	1	2	1	1.000000000000000000000000000000000000000000000000000000000000000	0
1	2	2	2	2	2	1.000000000000000000000000000000000000000000000000000000000000000	0
2	1	1	2	2	1	1.000000000000000000000000000000000000000000000000000000000000000	0
2	1	2	1	2	2	1.000000000000000000000000000000000000000000000000000000000000000	0
2	1	2	2	2	2	1.000000000000000000000000000000000000000000000000000000000000000	0
2	2	1	1	1	2	1.000000000000000000000000000000000000000000000000000000000000000	0
2	2	1	2	2	2	1.000000000000000000000000000000000000000000000000000000000000000	0
2	2	2	1	2	2	1.000000000000000000000000000000000000000000000000000000000000000	0
2	2	2	2	1	1	0.618033988749894848204586834365638117720309179805762862135448623	0
2	2	2	2	1	2	0.786151377757423286069558585842958929523122057837723237664901970	0
2	2	2	2	2	1	0.786151377757423286069558585842958929523122057837723237664901970	0
2	2	2	2	2	2	-0.618033988749894848204586834365638117720309179805762862135448623	0