1	1	1	1	1	1	1.000000000000000000000000000000000000000000000000000000000000000	0
1	1	2	2	1	2	1.000000000000000000000000000000000000000000000000000000000000000	0
1	1	3	3	1	3	1.000000000000000000000000000000000000000000000000000000000000000	0
1	1	4	4	1	4	1.000000000000000000000000000000000000000000000000000000000000000	0
1	2	1	2	2	2	1.000000000000000000000000000000000000000000000000000000000000000	0
1	2	2	1	2	1	1.000000000000000000000000000000000000000000000000000000000000000	0
1	2	2	3	2	3	1.000000000000000000000000000000000000000000000000000000000000000	0
1	2	3	2	2	2	1.000000000000000000000000000000000000000000000000000000000000000	0
1	2	3	4	2	4	1.000000000000000000000000000000000000000000000000000000000000000	0
1	2	4	3	2	3	1.000000000000000000000000000000000000000000000000000000000000000	0
1	2	4	4	2	4	1.000000000000000000000000000000000000000000000000000000000000000	0
1	3	1	3	3	3	1.000000000000000000000000000000000000000000000000000000000000000	0
1	3	2	2	3	2	1.000000000000000000000000000000000000000000000000000000000000000	0
1	3	2	4	3	4	1.000000000000000000000000000000000000000000000000000000000000000	0
1	3	3	1	3	1	1.000000000000000000000000000000000000000000000000000000000000000	0
1	3	3	3	3	3	1.000000000000000000000000000000000000000000000000000000000000000	0
1	3	3	4	3	4	1.000000000000000000000000000000000000000000000000000000000000000	0
1	3	4	2	3	2	1.000000000000000000000000000000000000000000000000000000000000000	0
1	3	4	3	3	3	1.000000000000000000000000000000000000000000000000000000000000000	0
1	3	4	4	3	4	1.000000000000000000000000000000000000000000000000000000000000000	0
1	4	1	4	4	4	1.000000000000000000000000000000000000000000000000000000000000000	0
1	4	2	3	4	3	1.000000000000000000000000000000000000000000000000000000000000000	0
1	4	2	4	4	4	1.000000000000000000000000000000000000000000000000000000000000000	0
1	4	3	2	4	2	1.000000000000000000000000000000000000000000000000000000000000000	0
1	4	3	3	4	3	1.000000000000000000000000000000000000000000000000000000000000000	0
1	4	3	4	4	4	1.000000000000000000000000000000000000000000000000000000000000000	0
1	4	4	1	4	1	1.000000000000000000000000000000000000000000000000000000000000000	0
1	4	4	2	4	2	1.000000000000000000000000000000000000000000000000000000000000000	0
1	4	4	3	4	3	1.000000000000000000000000000000000000000000000000000000000000000	0
1	4	4	4	4	4	1.000000000000000000000000000000000000000000000000000000000000000	0
2	1	1	2	2	1	1.000000000000000000000000000000000000000000000000000000000000000	0
2	1	2	1	2	2	1.000000000000000000000000000000000000000000000000000000000000000	0
2	1	2	3	2	2	1.000000000000000000000000000000000000000000000000000000000000000	0
2	1	3	2	2	3	1.000000000000000000000000000000000000000000000000000000000000000	0
2	1	3	4	2	3	1.000000000000000000000000000000000000000000000000000000000000000	0
2	1	4	3	2	4	1.000000000000000000000000000000000000000000000000000000000000000	0
2	1	4	4	2	4	1.000000000000000000000000000000000000000000000000000000000000000	0
2	2	1	1	1	2	1.000000000000000000000000000000000000000000000000000000000000000	0
2	2	1	3	3	2	1.000000000000000000000000000000000000000000000000000000000000000	0
2	2	2	2	1	1	-0.652703644666139302296566746461370407999248645631861225527517244	0
2	2	2	2	1	3	1.000000000000000000000000000000000000000000000000000000000000000	0
2	2	2	2	3	1	1.000000000000000000000000000000000000000000000000000000000000000	0
2	2	2	2	3	3	1.137158042603257612837667951920098762581360394229906585962887965	0
2	2	2	4	3	3	1.000000000000000000000000000000000000000000000000000000000000000	0
2	2	3	1	3	2	1.000000000000000000000000000000000000000000000000000000000000000	0
2	2	3	3	1	2	-1.137158042603257612837667951920098762581360394229906585962887965	0
2	2	3	3	1	4	-0.394930843634698457567117349190734585290304519930883905745202604	0
2	2	3	3	3	2	1.000000000000000000000000000000000000000000000000000000000000000	0
2	2	3	3	3	4	-1.000000000000000000000000000000000000000000000000000000000000000	0
2	2	3	4	3	4	1.000000000000000000000000000000000000000000000000000000000000000	0
2	2	4	2	3	3	1.000000000000000000000000000000000000000000000000000000000000000	0
2	2	4	3	3	4	1.000000000000000000000000000000000000000000000000000000000000000	0
2	2	4	4	1	3	1.000000000000000000000000000000000000000000000000000000000000000	0
2	2	4	4	1	4	1.000000000000000000000000000000000000000000000000000000000000000	0
2	2	4	4	3	3	0.394930843634698457567117349190734585290304519930883905745202604	0
2	2	4	4	3	4	1.000000000000000000000000000000000000000000000000000000000000000	0
2	3	1	2	2	3	1.000000000000000000000000000000000000000000000000000000000000000	0
2	3	1	4	4	3	1.000000000000000000000000000000000000000000000000000000000000000	0
2	3	2	1	2	2	0.573977952239538163515085061726722123873918977265206815125538838	0
2	3	2	3	2	2	-0.426022047760461836484914938273277876126081022734793184874461162	0
2	3	2	3	2	4	-0.394930843634698457567117349190734585290304519930883905745202604	0
2	3	2	3	4	2	-1.137158042603257612837667951920098762581360394229906585962887965	0
2	3	2	3	4	4	1.293128413857272256036072851549820979957472089509643088726857775	0
2	3	2	4	4	4	1.742227198968559155270550602729364177291055874299022680217685361	0
2	3	3	2	2	1	-0.652703644666139302296566746461370407999248645631861225527517244	0
2	3	3	2	2	3	0.257772801031440844729449397270635822708944125700977319782314639	0
2	3	3	2	4	1	-0.652703644666139302296566746461370407999248645631861225527517244	0
2	3	3	2	4	3	-0.742227198968559155270550602729364177291055874299022680217685361	0
2	3	3	3	4	4	1.000000000000000000000000000000000000000000000000000000000000000	0
2	3	3	4	2	3	-0.742227198968559155270550602729364177291055874299022680217685361	0
2	3	3	4	2	4	1.000000000000000000000000000000000000000000000000000000000000000	0
2	3	3	4	4	3	-0.394930843634698457567117349190734585290304519930883905745202604	0
2	3	3	4	4	4	1.000000000000000000000000000000000000000000000000000000000000000	0
2	3	4	1	4	2	1.652703644666139302296566746461370407999248645631861225527517244	0
2	3	4	2	4	3	1.652703644666139302296566746461370407999248645631861225527517244	0
2	3	4	3	2	2	-1.137158042603257612837667951920098762581360394229906585962887965	0
2	3	4	3	2	4	0.652703644666139302296566746461370407999248645631861225527517244	0
2	3	4	3	4	2	-1.226681596905677465811651808188092531873167622897068040653056082	0
2	3	4	3	4	4	3.106066838477494233919870362837555471745583891425997306833629407	0
2	3	4	4	2	3	1.000000000000000000000000000000000000000000000000000000000000000	0
2	3	4	4	2	4	1.652703644666139302296566746461370407999248645631861225527517244	0
2	3	4	4	4	3	1.078725692426601138781481684734648284125329668366654410401978406	0
2	3	4	4	4	4	2.731429337092740441078048431196018692124578313998515635929495649	0
2	4	1	3	3	4	1.000000000000000000000000000000000000000000000000000000000000000	0
2	4	1	4	4	4	1.000000000000000000000000000000000000000000000000000000000000000	0
2	4	2	2	3	3	1.000000000000000000000000000000000000000000000000000000000000000	0
2	4	2	3	4	4	1.000000000000000000000000000000000000000000000000000000000000000	0
2	4	2	4	3	3	-1.078725692426601138781481684734648284125329668366654410401978406	0
2	4	2	4	3	4	-1.453363193811354931623303616376185063746335245794136081306112164	0
2	4	2	4	4	3	1.000000000000000000000000000000000000000000000000000000000000000	0
2	4	2	4	4	4	1.879385241571816768108218554649462939872416268528929266180573326	0
2	4	3	1	3	2	1.000000000000000000000000000000000000000000000000000000000000000	0
2	4	3	2	4	3	1.000000000000000000000000000000000000000000000000000000000000000	0
2	4	3	3	3	2	-2.879385241571816768108218554649462939872416268528929266180573326	0
2	4	3	3	3	4	2.879385241571816768108218554649462939872416268528929266180573326	0
2	4	3	3	4	2	-1.137158042603257612837667951920098762581360394229906585962887965	0
2	4	3	3	4	4	2.137158042603257612837667951920098762581360394229906585962887965	0
2	4	3	4	3	3	-2.532088886237956070404785301110833347871664914160790491708090569	0
2	4	3	4	3	4	-5.411474127809772838513003855760296287744081182689719757888663895	0
2	4	3	4	4	3	1.000000000000000000000000000000000000000000000000000000000000000	0
2	4	3	4	4	4	2.532088886237956070404785301110833347871664914160790491708090569	0
2	4	4	1	4	2	1.000000000000000000000000000000000000000000000000000000000000000	0
2	4	4	2	3	1	1.000000000000000000000000000000000000000000000000000000000000000	0
2	4	4	2	3	3	-0.605069156365301542432882650809265414709695480069116094254797396	0
2	4	4	2	4	1	-0.652703644666139302296566746461370407999248645631861225527517244	0
2	4	4	2	4	3	1.000000000000000000000000000000000000000000000000000000000000000	0
2	4	4	3	3	2	1.742227198968559155270550602729364177291055874299022680217685361	0
2	4	4	3	3	4	-1.742227198968559155270550602729364177291055874299022680217685361	0
2	4	4	3	4	2	-1.879385241571816768108218554649462939872416268528929266180573326	0
2	4	4	3	4	4	2.879385241571816768108218554649462939872416268528929266180573326	0
2	4	4	4	3	3	-1.054167941476588441667360401988808612043279264858495685745624981	0
2	4	4	4	3	4	-2.669246928841213683242453253030932110453025308390697077670978534	0
2	4	4	4	4	3	1.000000000000000000000000000000000000000000000000000000000000000	0
2	4	4	4	4	4	2.879385241571816768108218554649462939872416268528929266180573326	0
3	1	1	3	3	1	1.000000000000000000000000000000000000000000000000000000000000000	0
3	1	2	2	3	2	1.000000000000000000000000000000000000000000000000000000000000000	0
3	1	2	4	3	2	1.000000000000000000000000000000000000000000000000000000000000000	0
3	1	3	1	3	3	1.000000000000000000000000000000000000000000000000000000000000000	0
3	1	3	3	3	3	1.000000000000000000000000000000000000000000000000000000000000000	0
3	1	3	4	3	3	1.000000000000000000000000000000000000000000000000000000000000000	0
3	1	4	2	3	4	1.000000000000000000000000000000000000000000000000000000000000000	0
3	1	4	3	3	4	1.000000000000000000000000000000000000000000000000000000000000000	0
3	1	4	4	3	4	1.000000000000000000000000000000000000000000000000000000000000000	0
3	2	1	2	2	2	1.000000000000000000000000000000000000000000000000000000000000000	0
3	2	1	4	4	2	1.000000000000000000000000000000000000000000000000000000000000000	0
3	2	2	1	2	3	1.742227198968559155270550602729364177291055874299022680217685361	0
3	2	2	3	2	1	-1.137158042603257612837667951920098762581360394229906585962887965	0
3	2	2	3	2	3	0.449098785111286899234477751179543197333583784789379591490827585	0
3	2	2	3	4	1	-1.137158042603257612837667951920098762581360394229906585962887965	0
3	2	2	3	4	3	-1.293128413857272256036072851549820979957472089509643088726857775	0
3	2	2	4	4	3	1.742227198968559155270550602729364177291055874299022680217685361	0
3	2	3	2	2	2	-0.742227198968559155270550602729364177291055874299022680217685361	0
3	2	3	2	2	4	-0.688059257491970713603190200740555565247776609440526994472060380	0
3	2	3	2	4	2	-0.652703644666139302296566746461370407999248645631861225527517244	0
3	2	3	2	4	4	0.742227198968559155270550602729364177291055874299022680217685361	0
3	2	3	3	4	4	1.000000000000000000000000000000000000000000000000000000000000000	0
3	2	3	4	2	2	-1.981187671349242969639263052290376545205248698950170083198918155	0
3	2	3	4	2	4	1.137158042603257612837667951920098762581360394229906585962887965	0
3	2	3	4	4	2	-0.394930843634698457567117349190734585290304519930883905745202604	0
3	2	3	4	4	4	1.000000000000000000000000000000000000000000000000000000000000000	0
3	2	4	1	4	3	1.652703644666139302296566746461370407999248645631861225527517244	0
3	2	4	2	4	4	1.652703644666139302296566746461370407999248645631861225527517244	0
3	2	4	3	2	3	-1.293128413857272256036072851549820979957472089509643088726857775	0
3	2	4	3	2	4	1.742227198968559155270550602729364177291055874299022680217685361	0
3	2	4	3	4	3	-1.226681596905677465811651808188092531873167622897068040653056082	0
3	2	4	3	4	4	3.106066838477494233919870362837555471745583891425997306833629407	0
3	2	4	4	2	3	1.742227198968559155270550602729364177291055874299022680217685361	0
3	2	4	4	2	4	2.879385241571816768108218554649462939872416268528929266180573326	0
3	2	4	4	4	3	1.078725692426601138781481684734648284125329668366654410401978406	0
3	2	4	4	4	4	2.731429337092740441078048431196018692124578313998515635929495649	0
3	3	1	1	1	3	1.000000000000000000000000000000000000000000000000000000000000000	0
3	3	1	3	3	3	1.000000000000000000000000000000000000000000000000000000000000000	0
3	3	1	4	4	3	1.000000000000000000000000000000000000000000000000000000000000000	0
3	3	2	2	1	2	-0.374637501384753792841821931641536779621005577427481670904133758	0
3	3	2	2	1	4	-0.394930843634698457567117349190734585290304519930883905745202604	0
3	3	2	2	3	2	0.573977952239538163515085061726722123873918977265206815125538838	0
3	3	2	2	3	4	-1.742227198968559155270550602729364177291055874299022680217685361	0
3	3	2	3	4	4	1.742227198968559155270550602729364177291055874299022680217685361	0
3	3	2	4	3	2	-1.652703644666139302296566746461370407999248645631861225527517244	0
3	3	2	4	3	4	2.532088886237956070404785301110833347871664914160790491708090569	0
3	3	2	4	4	2	-1.137158042603257612837667951920098762581360394229906585962887965	0
3	3	2	4	4	4	3.274316085206515225675335903840197525162720788459813171925775930	0
3	3	3	1	3	3	1.000000000000000000000000000000000000000000000000000000000000000	0
3	3	3	2	4	4	1.000000000000000000000000000000000000000000000000000000000000000	0
3	3	3	3	1	1	0.742227198968559155270550602729364177291055874299022680217685361	0
3	3	3	3	1	3	-0.293128413857272256036072851549820979957472089509643088726857775	0
3	3	3	3	1	4	-0.394930843634698457567117349190734585290304519930883905745202604	0
3	3	3	3	3	1	-2.532088886237956070404785301110833347871664914160790491708090569	0
3	3	3	3	3	3	-1.879385241571816768108218554649462939872416268528929266180573326	0
3	3	3	3	3	4	-3.879385241571816768108218554649462939872416268528929266180573326	0
3	3	3	3	4	1	0.742227198968559155270550602729364177291055874299022680217685361	0
3	3	3	3	4	3	0.844029628745985356801595100370277782623888304720263497236030190	0
3	3	3	3	4	4	2.137158042603257612837667951920098762581360394229906585962887965	0
3	3	3	4	3	3	-2.879385241571816768108218554649462939872416268528929266180573326	0
3	3	3	4	3	4	6.411474127809772838513003855760296287744081182689719757888663895	0
3	3	3	4	4	3	-1.000000000000000000000000000000000000000000000000000000000000000	0
3	3	3	4	4	4	2.532088886237956070404785301110833347871664914160790491708090569	0
3	3	4	1	4	3	1.652703644666139302296566746461370407999248645631861225527517244	0
3	3	4	2	3	2	-1.652703644666139302296566746461370407999248645631861225527517244	0
3	3	4	2	3	4	2.532088886237956070404785301110833347871664914160790491708090569	0
3	3	4	2	4	2	-1.078725692426601138781481684734648284125329668366654410401978406	0
3	3	4	2	4	4	3.106066838477494233919870362837555471745583891425997306833629407	0
3	3	4	3	3	3	-2.879385241571816768108218554649462939872416268528929266180573326	0
3	3	4	3	3	4	6.411474127809772838513003855760296287744081182689719757888663895	0
3	3	4	3	4	3	-3.106066838477494233919870362837555471745583891425997306833629407	0
3	3	4	3	4	4	7.864837321621127770136307472136481351490416428483855839194776058	0
3	3	4	4	1	2	-1.137158042603257612837667951920098762581360394229906585962887965	0
3	3	4	4	1	3	1.000000000000000000000000000000000000000000000000000000000000000	0
3	3	4	4	1	4	1.652703644666139302296566746461370407999248645631861225527517244	0
3	3	4	4	3	2	-1.742227198968559155270550602729364177291055874299022680217685361	0
3	3	4	4	3	3	3.879385241571816768108218554649462939872416268528929266180573326	0
3	3	4	4	3	4	8.943563014047728908917789156871129635615746096850510249596754464	0
3	3	4	4	4	2	-1.226681596905677465811651808188092531873167622897068040653056082	0
3	3	4	4	4	3	3.106066838477494233919870362837555471745583891425997306833629407	0
3	3	4	4	4	4	7.864837321621127770136307472136481351490416428483855839194776058	0
3	4	1	2	2	4	1.000000000000000000000000000000000000000000000000000000000000000	0
3	4	1	3	3	4	1.000000000000000000000000000000000000000000000000000000000000000	0
3	4	1	4	4	4	1.000000000000000000000000000000000000000000000000000000000000000	0
3	4	2	1	2	3	0.573977952239538163515085061726722123873918977265206815125538838	0
3	4	2	2	3	4	1.000000000000000000000000000000000000000000000000000000000000000	0
3	4	2	3	2	3	-0.426022047760461836484914938273277876126081022734793184874461162	0
3	4	2	3	2	4	0.573977952239538163515085061726722123873918977265206815125538838	0
3	4	2	3	4	3	-0.449098785111286899234477751179543197333583784789379591490827585	0
3	4	2	3	4	4	1.137158042603257612837667951920098762581360394229906585962887965	0
3	4	2	4	3	3	-1.453363193811354931623303616376185063746335245794136081306112164	0
3	4	2	4	3	4	-2.731429337092740441078048431196018692124578313998515635929495649	0
3	4	2	4	4	3	1.137158042603257612837667951920098762581360394229906585962887965	0
3	4	2	4	4	4	2.532088886237956070404785301110833347871664914160790491708090569	0
3	4	3	1	3	3	1.000000000000000000000000000000000000000000000000000000000000000	0
3	4	3	2	2	2	-0.652703644666139302296566746461370407999248645631861225527517244	0
3	4	3	2	2	4	0.742227198968559155270550602729364177291055874299022680217685361	0
3	4	3	2	4	2	-0.257772801031440844729449397270635822708944125700977319782314639	0
3	4	3	2	4	4	1.293128413857272256036072851549820979957472089509643088726857775	0
3	4	3	3	3	3	-2.879385241571816768108218554649462939872416268528929266180573326	0
3	4	3	3	3	4	7.290859369381589606621222410409759227616497451218649024069237220	0
3	4	3	3	4	3	-1.137158042603257612837667951920098762581360394229906585962887965	0
3	4	3	3	4	4	3.274316085206515225675335903840197525162720788459813171925775930	0
3	4	3	4	2	2	2.137158042603257612837667951920098762581360394229906585962887965	0
3	4	3	4	2	3	-2.532088886237956070404785301110833347871664914160790491708090569	0
3	4	3	4	2	4	-5.411474127809772838513003855760296287744081182689719757888663895	0
3	4	3	4	3	2	2.879385241571816768108218554649462939872416268528929266180573326	0
3	4	3	4	3	3	-5.411474127809772838513003855760296287744081182689719757888663895	0
3	4	3	4	3	4	-13.702333497191362445134226266170055515360578633908368781957901115	0
3	4	3	4	4	2	-0.688059257491970713603190200740555565247776609440526994472060380	0
3	4	3	4	4	3	1.532088886237956070404785301110833347871664914160790491708090569	0
3	4	3	4	4	4	4.274316085206515225675335903840197525162720788459813171925775930	0
3	4	4	1	4	3	0.605069156365301542432882650809265414709695480069116094254797396	0
3	4	4	2	3	2	1.000000000000000000000000000000000000000000000000000000000000000	0
3	4	4	2	3	4	-1.742227198968559155270550602729364177291055874299022680217685361	0
3	4	4	2	4	2	-0.652703644666139302296566746461370407999248645631861225527517244	0
3	4	4	2	4	4	1.742227198968559155270550602729364177291055874299022680217685361	0
3	4	4	3	2	1	-1.137158042603257612837667951920098762581360394229906585962887965	0
3	4	4	3	2	3	0.688059257491970713603190200740555565247776609440526994472060380	0
3	4	4	3	2	4	-1.742227198968559155270550602729364177291055874299022680217685361	0
3	4	4	3	3	1	-1.137158042603257612837667951920098762581360394229906585962887965	0
3	4	4	3	3	3	1.742227198968559155270550602729364177291055874299022680217685361	0
3	4	4	3	3	4	-5.016543284175074380945886506569561702453776662758835852143461290	0
3	4	4	3	4	1	0.742227198968559155270550602729364177291055874299022680217685361	0
3	4	4	3	4	3	-1.586256827714544512072145703099641959914944179019286177453715550	0
3	4	4	3	4	4	5.016543284175074380945886506569561702453776662758835852143461290	0
3	4	4	4	2	2	1.742227198968559155270550602729364177291055874299022680217685361	0
3	4	4	4	2	3	-1.742227198968559155270550602729364177291055874299022680217685361	0
3	4	4	4	2	4	-4.411474127809772838513003855760296287744081182689719757888663895	0
3	4	4	4	3	2	1.981187671349242969639263052290376545205248698950170083198918155	0
3	4	4	4	3	3	-2.669246928841213683242453253030932110453025308390697077670978534	0
3	4	4	4	3	4	-7.685790213016288064188339759600493812906801971149532929814439825	0
3	4	4	4	4	2	-1.137158042603257612837667951920098762581360394229906585962887965	0
3	4	4	4	4	3	1.742227198968559155270550602729364177291055874299022680217685361	0
3	4	4	4	4	4	5.411474127809772838513003855760296287744081182689719757888663895	0
4	1	1	4	4	1	1.000000000000000000000000000000000000000000000000000000000000000	0
4	1	2	3	4	2	1.000000000000000000000000000000000000000000000000000000000000000	0
4	1	2	4	4	2	1.000000000000000000000000000000000000000000000000000000000000000	0
4	1	3	2	4	3	1.000000000000000000000000000000000000000000000000000000000000000	0
4	1	3	3	4	3	1.000000000000000000000000000000000000000000000000000000000000000	0
4	1	3	4	4	3	1.000000000000000000000000000000000000000000000000000000000000000	0
4	1	4	1	4	4	1.000000000000000000000000000000000000000000000000000000000000000	0
4	1	4	2	4	4	1.000000000000000000000000000000000000000000000000000000000000000	0
4	1	4	3	4	4	1.000000000000000000000000000000000000000000000000000000000000000	0
4	1	4	4	4	4	1.000000000000000000000000000000000000000000000000000000000000000	0
4	2	1	3	3	2	1.000000000000000000000000000000000000000000000000000000000000000	0
4	2	1	4	4	2	1.000000000000000000000000000000000000000000000000000000000000000	0
4	2	2	2	3	3	3.035355612825831411306623454279185157248527963808665768944543136	0
4	2	2	3	4	3	3.035355612825831411306623454279185157248527963808665768944543136	0
4	2	2	4	3	1	2.879385241571816768108218554649462939872416268528929266180573326	0
4	2	2	4	3	3	-3.274316085206515225675335903840197525162720788459813171925775930	0
4	2	2	4	4	1	-1.981187671349242969639263052290376545205248698950170083198918155	0
4	2	2	4	4	3	5.704602541667045094549076707310117267701553272199362846615521670	0
4	2	3	1	3	4	1.054167941476588441667360401988808612043279264858495685745624981	0
4	2	3	2	4	4	1.054167941476588441667360401988808612043279264858495685745624981	0
4	2	3	3	3	2	-2.879385241571816768108218554649462939872416268528929266180573326	0
4	2	3	3	3	4	1.615078987364625241575092851042123498409746043532201391925353553	0
4	2	3	3	4	2	-1.137158042603257612837667951920098762581360394229906585962887965	0
4	2	3	3	4	4	1.198755552904622737071451967777500014538331580827457158374757236	0
4	2	3	4	3	2	2.879385241571816768108218554649462939872416268528929266180573326	0
4	2	3	4	3	4	-3.035355612825831411306623454279185157248527963808665768944543136	0
4	2	3	4	4	2	-1.000000000000000000000000000000000000000000000000000000000000000	0
4	2	3	4	4	4	1.615078987364625241575092851042123498409746043532201391925353553	0
4	2	4	1	4	4	1.742227198968559155270550602729364177291055874299022680217685361	0
4	2	4	2	3	3	-3.274316085206515225675335903840197525162720788459813171925775930	0
4	2	4	2	3	4	-2.669246928841213683242453253030932110453025308390697077670978534	0
4	2	4	2	4	3	2.879385241571816768108218554649462939872416268528929266180573326	0
4	2	4	2	4	4	3.274316085206515225675335903840197525162720788459813171925775930	0
4	2	4	3	3	3	-4.411474127809772838513003855760296287744081182689719757888663895	0
4	2	4	3	3	4	-3.035355612825831411306623454279185157248527963808665768944543136	0
4	2	4	3	4	3	5.411474127809772838513003855760296287744081182689719757888663895	0
4	2	4	3	4	4	4.411474127809772838513003855760296287744081182689719757888663895	0
4	2	4	4	3	3	-5.704602541667045094549076707310117267701553272199362846615521670	0
4	2	4	4	3	4	-4.650434600190456652881716305321308655658274007340867160869896689	0
4	2	4	4	4	3	5.411474127809772838513003855760296287744081182689719757888663895	0
4	2	4	4	4	4	5.016543284175074380945886506569561702453776662758835852143461290	0
4	3	1	2	2	3	1.000000000000000000000000000000000000000000000000000000000000000	0
4	3	1	3	3	3	1.000000000000000000000000000000000000000000000000000000000000000	0
4	3	1	4	4	3	1.000000000000000000000000000000000000000000000000000000000000000	0
4	3	2	1	2	4	0.605069156365301542432882650809265414709695480069116094254797396	0
4	3	2	2	3	4	1.054167941476588441667360401988808612043279264858495685745624981	0
4	3	2	3	2	2	-0.374637501384753792841821931641536779621005577427481670904133758	0
4	3	2	3	2	4	0.238960472380683814368712449561012367914192824651147402981232794	0
4	3	2	3	4	2	-0.226681596905677465811651808188092531873167622897068040653056082	0
4	3	2	3	4	4	0.637844507016585937163719518724185128171864802153751452195028664	0
4	3	2	4	3	2	0.948615453624291956356906993368258903494924554692688486029672596	0
4	3	2	4	3	4	-1.742227198968559155270550602729364177291055874299022680217685361	0
4	3	2	4	4	2	-0.573977952239538163515085061726722123873918977265206815125538838	0
4	3	2	4	4	4	1.615078987364625241575092851042123498409746043532201391925353553	0
4	3	3	1	3	4	0.605069156365301542432882650809265414709695480069116094254797396	0
4	3	3	2	2	3	-0.742227198968559155270550602729364177291055874299022680217685361	0
4	3	3	2	2	4	0.605069156365301542432882650809265414709695480069116094254797396	0
4	3	3	2	4	3	-0.394930843634698457567117349190734585290304519930883905745202604	0
4	3	3	2	4	4	0.605069156365301542432882650809265414709695480069116094254797396	0
4	3	3	3	3	3	-2.879385241571816768108218554649462939872416268528929266180573326	0
4	3	3	3	3	4	2.347296355333860697703433253538629592000751354368138774472482756	0
4	3	3	3	4	3	-1.000000000000000000000000000000000000000000000000000000000000000	0
4	3	3	3	4	4	0.927019729872654527971902650301567933161969434091674397453293174	0
4	3	3	4	2	1	-1.879385241571816768108218554649462939872416268528929266180573326	0
4	3	3	4	2	3	2.137158042603257612837667951920098762581360394229906585962887965	0
4	3	3	4	2	4	-1.742227198968559155270550602729364177291055874299022680217685361	0
4	3	3	4	3	1	-1.879385241571816768108218554649462939872416268528929266180573326	0
4	3	3	4	3	3	5.411474127809772838513003855760296287744081182689719757888663895	0
4	3	3	4	3	4	-5.016543284175074380945886506569561702453776662758835852143461290	0
4	3	3	4	4	1	0.347296355333860697703433253538629592000751354368138774472482756	0
4	3	3	4	4	3	-1.394930843634698457567117349190734585290304519930883905745202604	0
4	3	3	4	4	4	1.420276625461206169731530603237061658838781920276464377019189583	0
4	3	4	1	4	4	0.879385241571816768108218554649462939872416268528929266180573326	0
4	3	4	2	3	3	-2.532088886237956070404785301110833347871664914160790491708090569	0
4	3	4	2	3	4	-2.879385241571816768108218554649462939872416268528929266180573326	0
4	3	4	2	4	3	1.652703644666139302296566746461370407999248645631861225527517244	0
4	3	4	2	4	4	2.226681596905677465811651808188092531873167622897068040653056082	0
4	3	4	3	2	2	1.226681596905677465811651808188092531873167622897068040653056082	0
4	3	4	3	2	3	-2.532088886237956070404785301110833347871664914160790491708090569	0
4	3	4	3	2	4	-1.742227198968559155270550602729364177291055874299022680217685361	0
4	3	4	3	3	2	1.652703644666139302296566746461370407999248645631861225527517244	0
4	3	4	3	3	3	-5.411474127809772838513003855760296287744081182689719757888663895	0
4	3	4	3	3	4	-4.411474127809772838513003855760296287744081182689719757888663895	0
4	3	4	3	4	2	-1.078725692426601138781481684734648284125329668366654410401978406	0
4	3	4	3	4	3	4.184792530904095372701352047572203755870913559792651717235607813	0
4	3	4	3	4	4	3.758770483143633536216437109298925879744832537057858532361146651	0
4	3	4	4	2	2	1.652703644666139302296566746461370407999248645631861225527517244	0
4	3	4	4	2	3	-5.411474127809772838513003855760296287744081182689719757888663895	0
4	3	4	4	2	4	-4.411474127809772838513003855760296287744081182689719757888663895	0
4	3	4	4	3	2	1.879385241571816768108218554649462939872416268528929266180573326	0
4	3	4	4	3	3	-8.290859369381589606621222410409759227616497451218649024069237220	0
4	3	4	4	3	4	-7.685790213016288064188339759600493812906801971149532929814439825	0
4	3	4	4	4	2	-0.948615453624291956356906993368258903494924554692688486029672596	0
4	3	4	4	4	3	4.758770483143633536216437109298925879744832537057858532361146651	0
4	3	4	4	4	4	4.758770483143633536216437109298925879744832537057858532361146651	0
4	4	1	1	1	4	1.000000000000000000000000000000000000000000000000000000000000000	0
4	4	1	2	2	4	1.000000000000000000000000000000000000000000000000000000000000000	0
4	4	1	3	3	4	1.000000000000000000000000000000000000000000000000000000000000000	0
4	4	1	4	4	4	1.000000000000000000000000000000000000000000000000000000000000000	0
4	4	2	1	2	4	0.573977952239538163515085061726722123873918977265206815125538838	0
4	4	2	2	1	3	0.948615453624291956356906993368258903494924554692688486029672596	0
4	4	2	2	1	4	0.573977952239538163515085061726722123873918977265206815125538838	0
4	4	2	2	3	3	1.078725692426601138781481684734648284125329668366654410401978406	0
4	4	2	2	3	4	1.652703644666139302296566746461370407999248645631861225527517244	0
4	4	2	3	2	3	0.948615453624291956356906993368258903494924554692688486029672596	0
4	4	2	3	2	4	0.573977952239538163515085061726722123873918977265206815125538838	0
4	4	2	3	4	3	1.078725692426601138781481684734648284125329668366654410401978406	0
4	4	2	3	4	4	1.000000000000000000000000000000000000000000000000000000000000000	0
4	4	2	4	3	3	-5.133407984528387329058259040940462659365838114485340203265280409	0
4	4	2	4	3	4	-4.184792530904095372701352047572203755870913559792651717235607813	0
4	4	2	4	4	3	3.106066838477494233919870362837555471745583891425997306833629407	0
4	4	2	4	4	4	2.879385241571816768108218554649462939872416268528929266180573326	0
4	4	3	1	3	4	1.879385241571816768108218554649462939872416268528929266180573326	0
4	4	3	2	2	3	1.652703644666139302296566746461370407999248645631861225527517244	0
4	4	3	2	2	4	1.879385241571816768108218554649462939872416268528929266180573326	0
4	4	3	2	4	3	1.078725692426601138781481684734648284125329668366654410401978406	0
4	4	3	2	4	4	1.879385241571816768108218554649462939872416268528929266180573326	0
4	4	3	3	1	2	-1.078725692426601138781481684734648284125329668366654410401978406	0
4	4	3	3	1	3	1.652703644666139302296566746461370407999248645631861225527517244	0
4	4	3	3	1	4	1.137158042603257612837667951920098762581360394229906585962887965	0
4	4	3	3	3	2	-2.731429337092740441078048431196018692124578313998515635929495649	0
4	4	3	3	3	3	10.596266658713868211214355903332500043614994742482371475124271708	0
4	4	3	3	3	4	10.170244610953406374729440965059222167488913719747578290249810546	0
4	4	3	3	4	2	-0.704088191041847345939659753093111504504324090939172739497844648	0
4	4	3	3	4	3	3.106066838477494233919870362837555471745583891425997306833629407	0
4	4	3	3	4	4	3.274316085206515225675335903840197525162720788459813171925775930	0
4	4	3	4	2	2	2.731429337092740441078048431196018692124578313998515635929495649	0
4	4	3	4	2	3	-8.943563014047728908917789156871129635615746096850510249596754464	0
4	4	3	4	2	4	-8.290859369381589606621222410409759227616497451218649024069237220	0
4	4	3	4	3	2	5.133407984528387329058259040940462659365838114485340203265280409	0
4	4	3	4	3	3	-22.645896511239091354052015423041185150976324730758879031554655579	0
4	4	3	4	3	4	-23.872578108144768819863667231229277682849492353655947072207711661	0
4	4	3	4	4	2	-0.948615453624291956356906993368258903494924554692688486029672596	0
4	4	3	4	4	3	4.758770483143633536216437109298925879744832537057858532361146651	0
4	4	3	4	4	4	5.411474127809772838513003855760296287744081182689719757888663895	0
4	4	4	1	4	4	1.000000000000000000000000000000000000000000000000000000000000000	0
4	4	4	2	3	3	-2.879385241571816768108218554649462939872416268528929266180573326	0
4	4	4	2	3	4	-4.411474127809772838513003855760296287744081182689719757888663895	0
4	4	4	2	4	3	1.652703644666139302296566746461370407999248645631861225527517244	0
4	4	4	2	4	4	2.879385241571816768108218554649462939872416268528929266180573326	0
4	4	4	3	2	2	1.652703644666139302296566746461370407999248645631861225527517244	0
4	4	4	3	2	3	-2.879385241571816768108218554649462939872416268528929266180573326	0
4	4	4	3	2	4	-2.669246928841213683242453253030932110453025308390697077670978534	0
4	4	4	3	3	2	3.106066838477494233919870362837555471745583891425997306833629407	0
4	4	4	3	3	3	-7.290859369381589606621222410409759227616497451218649024069237220	0
4	4	4	3	3	4	-7.685790213016288064188339759600493812906801971149532929814439825	0
4	4	4	3	4	2	-1.782813883468448484721141437827759788629653759305827149899823053	0
4	4	4	3	4	3	4.758770483143633536216437109298925879744832537057858532361146651	0
4	4	4	3	4	4	5.411474127809772838513003855760296287744081182689719757888663895	0
4	4	4	4	1	1	-1.879385241571816768108218554649462939872416268528929266180573326	0
4	4	4	4	1	2	1.652703644666139302296566746461370407999248645631861225527517244	0
4	4	4	4	1	3	-2.879385241571816768108218554649462939872416268528929266180573326	0
4	4	4	4	1	4	-2.669246928841213683242453253030932110453025308390697077670978534	0
4	4	4	4	2	1	-1.879385241571816768108218554649462939872416268528929266180573326	0
4	4	4	4	2	2	3.106066838477494233919870362837555471745583891425997306833629407	0
4	4	4	4	2	3	-7.290859369381589606621222410409759227616497451218649024069237220	0
4	4	4	4	2	4	-7.685790213016288064188339759600493812906801971149532929814439825	0
4	4	4	4	3	1	-1.879385241571816768108218554649462939872416268528929266180573326	0
4	4	4	4	3	2	4.184792530904095372701352047572203755870913559792651717235607813	0
4	4	4	4	3	3	-12.307402653556663987567108916979320930070274113977484876212698511	0
4	4	4	4	3	4	-14.444560696159921600404776868899419692651634508207391462175586476	0
4	4	4	4	4	1	0.704088191041847345939659753093111504504324090939172739497844648	0
4	4	4	4	4	2	-1.782813883468448484721141437827759788629653759305827149899823053	0
4	4	4	4	4	3	5.837496175570234674997918794033574163870162205424512942763125057	0
4	4	4	4	4	4	7.290859369381589606621222410409759227616497451218649024069237220	0