1	1	1	1.000000000000000000000000000000000000000000000000000000000000000	0
1	2	2	1.000000000000000000000000000000000000000000000000000000000000000	0
1	3	3	1.000000000000000000000000000000000000000000000000000000000000000	0
1	4	4	1.000000000000000000000000000000000000000000000000000000000000000	0
1	5	5	1.000000000000000000000000000000000000000000000000000000000000000	0
1	6	6	1.000000000000000000000000000000000000000000000000000000000000000	0
2	1	2	1.000000000000000000000000000000000000000000000000000000000000000	0
2	2	1	-0.8090169943749474241022934171828190588601545899028814310677243114	0.5877852522924731291687059546390727685976524376431459910722724808
2	2	2	-0.3090169943749474241022934171828190588601545899028814310677243114	-0.9510565162951535721164393333793821434056986341257502224473056444
2	3	5	1.000000000000000000000000000000000000000000000000000000000000000	0
2	4	6	1.000000000000000000000000000000000000000000000000000000000000000	0
2	5	3	-0.8090169943749474241022934171828190588601545899028814310677243114	0.5877852522924731291687059546390727685976524376431459910722724808
2	5	5	-0.3090169943749474241022934171828190588601545899028814310677243114	-0.9510565162951535721164393333793821434056986341257502224473056444
2	6	4	-0.8090169943749474241022934171828190588601545899028814310677243114	0.5877852522924731291687059546390727685976524376431459910722724808
2	6	6	-0.3090169943749474241022934171828190588601545899028814310677243114	-0.9510565162951535721164393333793821434056986341257502224473056444
3	1	3	1.000000000000000000000000000000000000000000000000000000000000000	0
3	2	5	1.000000000000000000000000000000000000000000000000000000000000000	0
3	3	1	-0.2225209339563144042889025644967947594663555687645449553119870159	-0.9749279121818236070181316829939312172327858006199974376480795751
3	3	4	0.9009688679024191262361023195074450511659191621318571500535624232	-0.4338837391175581204757683328483587546099907277874598764445473035
3	4	3	-0.0549581320873711914221948710064104810672888624709100893760259682	0.2407873094037643221660811765284852876095394458761499677771026865
3	4	4	-0.1539892641849520651860925514989654299013697003390529393224635450	0.1930964297137937983096871563198734670004512819113099086674446170
3	5	2	-0.2225209339563144042889025644967947594663555687645449553119870159	-0.9749279121818236070181316829939312172327858006199974376480795751
3	5	6	0.9009688679024191262361023195074450511659191621318571500535624232	-0.4338837391175581204757683328483587546099907277874598764445473035
3	6	5	-0.0549581320873711914221948710064104810672888624709100893760259682	0.2407873094037643221660811765284852876095394458761499677771026865
3	6	6	-0.1539892641849520651860925514989654299013697003390529393224635450	0.1930964297137937983096871563198734670004512819113099086674446170
4	1	4	1.000000000000000000000000000000000000000000000000000000000000000	0
4	2	6	1.000000000000000000000000000000000000000000000000000000000000000	0
4	3	3	-0.9009688679024191262361023195074450511659191621318571500535624232	3.9474025284172649519289207521843366895402313664448298097019763698
4	3	4	-2.5244586697611526567611072035116848617981938930282592554191118623	3.1655710459492351432204762255102789393078968477361422807213414118
4	4	1	-0.9009688679024191262361023195074450511659191621318571500535624232	-0.4338837391175581204757683328483587546099907277874598764445473035
4	4	3	-0.2225209339563144042889025644967947594663555687645449553119870159	-0.9749279121818236070181316829939312172327858006199974376480795751
4	4	4	0.2225209339563144042889025644967947594663555687645449553119870159	-0.9749279121818236070181316829939312172327858006199974376480795751
4	5	5	-0.9009688679024191262361023195074450511659191621318571500535624232	3.9474025284172649519289207521843366895402313664448298097019763698
4	5	6	-2.5244586697611526567611072035116848617981938930282592554191118623	3.1655710459492351432204762255102789393078968477361422807213414118
4	6	2	-0.9009688679024191262361023195074450511659191621318571500535624232	-0.4338837391175581204757683328483587546099907277874598764445473035
4	6	5	-0.2225209339563144042889025644967947594663555687645449553119870159	-0.9749279121818236070181316829939312172327858006199974376480795751
4	6	6	0.2225209339563144042889025644967947594663555687645449553119870159	-0.9749279121818236070181316829939312172327858006199974376480795751
5	1	5	1.000000000000000000000000000000000000000000000000000000000000000	0
5	2	3	-0.8090169943749474241022934171828190588601545899028814310677243114	0.5877852522924731291687059546390727685976524376431459910722724808
5	2	5	-0.3090169943749474241022934171828190588601545899028814310677243114	-0.9510565162951535721164393333793821434056986341257502224473056444
5	3	2	-0.2225209339563144042889025644967947594663555687645449553119870159	-0.9749279121818236070181316829939312172327858006199974376480795751
5	3	6	0.9009688679024191262361023195074450511659191621318571500535624232	-0.4338837391175581204757683328483587546099907277874598764445473035
5	4	5	-0.0549581320873711914221948710064104810672888624709100893760259682	0.2407873094037643221660811765284852876095394458761499677771026865
5	4	6	-0.1539892641849520651860925514989654299013697003390529393224635450	0.1930964297137937983096871563198734670004512819113099086674446170
5	5	1	0.7530714660036109335328981126967543453010912629720769783754055993	0.6579387259397126123701191819931188157209035079832691378374948608
5	5	2	-0.8584487936018661185256909553391418597075906106444769791962452732	0.5128992774059061439084936529403118044651180119594820573115547983
5	5	4	-0.4738686624729986707083830096659750872704506698483288461472465277	0.8805955318567379951929100621071846598465984011624156760291312186
5	5	6	-0.6910626489868646759049354256591699817466594856391299474770261767	-0.7227948638273915285452633514998522610902180806798900243625877849
5	6	3	-0.0970691665689310029922154330660771118133078471451957478447036065	-0.2271046048719624642532094959138025405686658535745652481995568139
5	6	4	0.0110806980208215651113049676841037964252060325817634120799581046	-0.2467309116908710941667692281875524402259672195342427733482604580
5	6	5	0.2459853364437281690103207510584127003964744777639338610359547217	-0.0221390809904776226224768885286496354834354033244654341474158583
5	6	6	0.2312309173370763331192286480538434487902628231243819652066158804	0.0867824148079047233206224099288919229262491025537574624991842363
6	1	6	1.000000000000000000000000000000000000000000000000000000000000000	0
6	2	4	-0.8090169943749474241022934171828190588601545899028814310677243114	0.5877852522924731291687059546390727685976524376431459910722724808
6	2	6	-0.3090169943749474241022934171828190588601545899028814310677243114	-0.9510565162951535721164393333793821434056986341257502224473056444
6	3	5	-0.9009688679024191262361023195074450511659191621318571500535624232	3.9474025284172649519289207521843366895402313664448298097019763698
6	3	6	-2.5244586697611526567611072035116848617981938930282592554191118623	3.1655710459492351432204762255102789393078968477361422807213414118
6	4	2	-0.9009688679024191262361023195074450511659191621318571500535624232	-0.4338837391175581204757683328483587546099907277874598764445473035
6	4	5	-0.2225209339563144042889025644967947594663555687645449553119870159	-0.9749279121818236070181316829939312172327858006199974376480795751
6	4	6	0.2225209339563144042889025644967947594663555687645449553119870159	-0.9749279121818236070181316829939312172327858006199974376480795751
6	5	3	-1.5913258655298742474429582285967376939943307759762647761258059114	-3.7230919424558910006393377679242749283584102318928565929731112525
6	5	4	0.1816539895409264685479011411360671409564768110241577941928971907	-4.0448403491816890224257676979703726022458691450024280861876817908
6	5	5	4.0326175886758095562082054183080077669524111153273721992908240993	-0.3629421521219080611745881446492490399564734307218659259526777159
6	5	6	3.7907376015986544576233945163704162386273188883574572597989846656	1.4226876178945481618750618656038680080340044549334543235697684062
6	6	1	0.9839295885986296553956360939899698965200174286330743316674402392	-0.1785568947986366480137183675903137598662266739011723848971647168
6	6	2	-0.1342332658176554760370186415106700491221105492895839197159018331	0.9909497617679347552486867131683644064605990801536734390500069831
6	6	3	0.7530714660036109335328981126967543453010912629720769783754055993	0.6579387259397126123701191819931188157209035079832691378374948608
6	6	4	0.3930250316539236181879675098179335770068944801040165452590286565	0.9195277725514506383219765907863572139881260721214249256872763472
6	6	5	-0.8584487936018661185256909553391418597075906106444769791962452732	0.5128992774059061439084936529403118044651180119594820573115547983
6	6	6	-0.9959742939952390295817189937211678685354318247479924570006352001	0.0896393089034334997654704368452330080111257675252145685651368345