1	1	1	1.000000000000000000000000000000000000000000000000000000000000000	0
1	2	2	1.000000000000000000000000000000000000000000000000000000000000000	0
1	3	3	1.000000000000000000000000000000000000000000000000000000000000000	0
1	4	4	1.000000000000000000000000000000000000000000000000000000000000000	0
1	5	5	1.000000000000000000000000000000000000000000000000000000000000000	0
1	6	6	1.000000000000000000000000000000000000000000000000000000000000000	0
1	7	7	1.000000000000000000000000000000000000000000000000000000000000000	0
2	1	2	1.000000000000000000000000000000000000000000000000000000000000000	0
2	2	1	1.000000000000000000000000000000000000000000000000000000000000000	0
2	3	4	-1.000000000000000000000000000000000000000000000000000000000000000	0
2	4	3	-1.000000000000000000000000000000000000000000000000000000000000000	0
2	5	6	1.000000000000000000000000000000000000000000000000000000000000000	0
2	6	5	1.000000000000000000000000000000000000000000000000000000000000000	0
2	7	7	-1.000000000000000000000000000000000000000000000000000000000000000	0
3	1	3	1.000000000000000000000000000000000000000000000000000000000000000	0
3	2	4	-1.000000000000000000000000000000000000000000000000000000000000000	0
3	3	1	0.6234898018587335305250048840042398106322747308964021053655494391	0.7818314824680298087084445266740577502323345187086875289806349580
3	3	4	-0.9009688679024191262361023195074450511659191621318571500535624232	-0.4338837391175581204757683328483587546099907277874598764445473035
3	3	6	0.9009688679024191262361023195074450511659191621318571500535624232	-0.4338837391175581204757683328483587546099907277874598764445473035
3	4	2	-0.6234898018587335305250048840042398106322747308964021053655494391	-0.7818314824680298087084445266740577502323345187086875289806349580
3	4	3	0.9009688679024191262361023195074450511659191621318571500535624232	0.4338837391175581204757683328483587546099907277874598764445473035
3	4	5	-0.9009688679024191262361023195074450511659191621318571500535624232	0.4338837391175581204757683328483587546099907277874598764445473035
3	5	4	-0.2225209339563144042889025644967947594663555687645449553119870159	-0.9749279121818236070181316829939312172327858006199974376480795751
3	5	6	0.9009688679024191262361023195074450511659191621318571500535624232	0.4338837391175581204757683328483587546099907277874598764445473035
3	5	7	-0.6234898018587335305250048840042398106322747308964021053655494391	0.7818314824680298087084445266740577502323345187086875289806349580
3	6	3	0.2225209339563144042889025644967947594663555687645449553119870159	0.9749279121818236070181316829939312172327858006199974376480795751
3	6	5	-0.9009688679024191262361023195074450511659191621318571500535624232	-0.4338837391175581204757683328483587546099907277874598764445473035
3	6	7	-0.6234898018587335305250048840042398106322747308964021053655494391	0.7818314824680298087084445266740577502323345187086875289806349580
3	7	5	0.2225209339563144042889025644967947594663555687645449553119870159	-0.9749279121818236070181316829939312172327858006199974376480795751
3	7	6	0.2225209339563144042889025644967947594663555687645449553119870159	-0.9749279121818236070181316829939312172327858006199974376480795751
3	7	7	-0.9009688679024191262361023195074450511659191621318571500535624232	-0.4338837391175581204757683328483587546099907277874598764445473035
4	1	4	1.000000000000000000000000000000000000000000000000000000000000000	0
4	2	3	-1.000000000000000000000000000000000000000000000000000000000000000	0
4	3	2	-0.6234898018587335305250048840042398106322747308964021053655494391	-0.7818314824680298087084445266740577502323345187086875289806349580
4	3	3	0.9009688679024191262361023195074450511659191621318571500535624232	0.4338837391175581204757683328483587546099907277874598764445473035
4	3	5	-0.9009688679024191262361023195074450511659191621318571500535624232	0.4338837391175581204757683328483587546099907277874598764445473035
4	4	1	0.6234898018587335305250048840042398106322747308964021053655494391	0.7818314824680298087084445266740577502323345187086875289806349580
4	4	4	-0.9009688679024191262361023195074450511659191621318571500535624232	-0.4338837391175581204757683328483587546099907277874598764445473035
4	4	6	0.9009688679024191262361023195074450511659191621318571500535624232	-0.4338837391175581204757683328483587546099907277874598764445473035
4	5	3	-0.2225209339563144042889025644967947594663555687645449553119870159	-0.9749279121818236070181316829939312172327858006199974376480795751
4	5	5	0.9009688679024191262361023195074450511659191621318571500535624232	0.4338837391175581204757683328483587546099907277874598764445473035
4	5	7	0.6234898018587335305250048840042398106322747308964021053655494391	-0.7818314824680298087084445266740577502323345187086875289806349580
4	6	4	0.2225209339563144042889025644967947594663555687645449553119870159	0.9749279121818236070181316829939312172327858006199974376480795751
4	6	6	-0.9009688679024191262361023195074450511659191621318571500535624232	-0.4338837391175581204757683328483587546099907277874598764445473035
4	6	7	0.6234898018587335305250048840042398106322747308964021053655494391	-0.7818314824680298087084445266740577502323345187086875289806349580
4	7	5	-0.2225209339563144042889025644967947594663555687645449553119870159	0.9749279121818236070181316829939312172327858006199974376480795751
4	7	6	-0.2225209339563144042889025644967947594663555687645449553119870159	0.9749279121818236070181316829939312172327858006199974376480795751
4	7	7	-0.9009688679024191262361023195074450511659191621318571500535624232	-0.4338837391175581204757683328483587546099907277874598764445473035
5	1	5	1.000000000000000000000000000000000000000000000000000000000000000	0
5	2	6	1.000000000000000000000000000000000000000000000000000000000000000	0
5	3	4	-0.2225209339563144042889025644967947594663555687645449553119870159	-0.9749279121818236070181316829939312172327858006199974376480795751
5	3	6	0.9009688679024191262361023195074450511659191621318571500535624232	0.4338837391175581204757683328483587546099907277874598764445473035
5	3	7	-0.6234898018587335305250048840042398106322747308964021053655494391	0.7818314824680298087084445266740577502323345187086875289806349580
5	4	3	-0.2225209339563144042889025644967947594663555687645449553119870159	-0.9749279121818236070181316829939312172327858006199974376480795751
5	4	5	0.9009688679024191262361023195074450511659191621318571500535624232	0.4338837391175581204757683328483587546099907277874598764445473035
5	4	7	0.6234898018587335305250048840042398106322747308964021053655494391	-0.7818314824680298087084445266740577502323345187086875289806349580
5	5	1	-0.9009688679024191262361023195074450511659191621318571500535624232	0.4338837391175581204757683328483587546099907277874598764445473035
5	5	4	0.6234898018587335305250048840042398106322747308964021053655494391	-0.7818314824680298087084445266740577502323345187086875289806349580
5	5	5	-0.2225209339563144042889025644967947594663555687645449553119870159	-0.9749279121818236070181316829939312172327858006199974376480795751
5	5	6	0.2225209339563144042889025644967947594663555687645449553119870159	0.9749279121818236070181316829939312172327858006199974376480795751
5	5	7	-1.000000000000000000000000000000000000000000000000000000000000000	0
5	6	2	-0.9009688679024191262361023195074450511659191621318571500535624232	0.4338837391175581204757683328483587546099907277874598764445473035
5	6	3	0.6234898018587335305250048840042398106322747308964021053655494391	-0.7818314824680298087084445266740577502323345187086875289806349580
5	6	5	0.2225209339563144042889025644967947594663555687645449553119870159	0.9749279121818236070181316829939312172327858006199974376480795751
5	6	6	-0.2225209339563144042889025644967947594663555687645449553119870159	-0.9749279121818236070181316829939312172327858006199974376480795751
5	6	7	1.000000000000000000000000000000000000000000000000000000000000000	0
5	7	3	0.9009688679024191262361023195074450511659191621318571500535624232	0.4338837391175581204757683328483587546099907277874598764445473035
5	7	4	-0.9009688679024191262361023195074450511659191621318571500535624232	-0.4338837391175581204757683328483587546099907277874598764445473035
5	7	5	0.9009688679024191262361023195074450511659191621318571500535624232	-0.4338837391175581204757683328483587546099907277874598764445473035
5	7	6	-0.9009688679024191262361023195074450511659191621318571500535624232	0.4338837391175581204757683328483587546099907277874598764445473035
5	7	7	-0.2225209339563144042889025644967947594663555687645449553119870159	-0.9749279121818236070181316829939312172327858006199974376480795751
6	1	6	1.000000000000000000000000000000000000000000000000000000000000000	0
6	2	5	1.000000000000000000000000000000000000000000000000000000000000000	0
6	3	3	0.2225209339563144042889025644967947594663555687645449553119870159	0.9749279121818236070181316829939312172327858006199974376480795751
6	3	5	-0.9009688679024191262361023195074450511659191621318571500535624232	-0.4338837391175581204757683328483587546099907277874598764445473035
6	3	7	-0.6234898018587335305250048840042398106322747308964021053655494391	0.7818314824680298087084445266740577502323345187086875289806349580
6	4	4	0.2225209339563144042889025644967947594663555687645449553119870159	0.9749279121818236070181316829939312172327858006199974376480795751
6	4	6	-0.9009688679024191262361023195074450511659191621318571500535624232	-0.4338837391175581204757683328483587546099907277874598764445473035
6	4	7	0.6234898018587335305250048840042398106322747308964021053655494391	-0.7818314824680298087084445266740577502323345187086875289806349580
6	5	2	-0.9009688679024191262361023195074450511659191621318571500535624232	0.4338837391175581204757683328483587546099907277874598764445473035
6	5	3	0.6234898018587335305250048840042398106322747308964021053655494391	-0.7818314824680298087084445266740577502323345187086875289806349580
6	5	5	0.2225209339563144042889025644967947594663555687645449553119870159	0.9749279121818236070181316829939312172327858006199974376480795751
6	5	6	-0.2225209339563144042889025644967947594663555687645449553119870159	-0.9749279121818236070181316829939312172327858006199974376480795751
6	5	7	1.000000000000000000000000000000000000000000000000000000000000000	0
6	6	1	-0.9009688679024191262361023195074450511659191621318571500535624232	0.4338837391175581204757683328483587546099907277874598764445473035
6	6	4	0.6234898018587335305250048840042398106322747308964021053655494391	-0.7818314824680298087084445266740577502323345187086875289806349580
6	6	5	-0.2225209339563144042889025644967947594663555687645449553119870159	-0.9749279121818236070181316829939312172327858006199974376480795751
6	6	6	0.2225209339563144042889025644967947594663555687645449553119870159	0.9749279121818236070181316829939312172327858006199974376480795751
6	6	7	-1.000000000000000000000000000000000000000000000000000000000000000	0
6	7	3	0.9009688679024191262361023195074450511659191621318571500535624232	0.4338837391175581204757683328483587546099907277874598764445473035
6	7	4	-0.9009688679024191262361023195074450511659191621318571500535624232	-0.4338837391175581204757683328483587546099907277874598764445473035
6	7	5	0.9009688679024191262361023195074450511659191621318571500535624232	-0.4338837391175581204757683328483587546099907277874598764445473035
6	7	6	-0.9009688679024191262361023195074450511659191621318571500535624232	0.4338837391175581204757683328483587546099907277874598764445473035
6	7	7	0.2225209339563144042889025644967947594663555687645449553119870159	0.9749279121818236070181316829939312172327858006199974376480795751
7	1	7	1.000000000000000000000000000000000000000000000000000000000000000	0
7	2	7	-1.000000000000000000000000000000000000000000000000000000000000000	0
7	3	5	0.2225209339563144042889025644967947594663555687645449553119870159	-0.9749279121818236070181316829939312172327858006199974376480795751
7	3	6	0.2225209339563144042889025644967947594663555687645449553119870159	-0.9749279121818236070181316829939312172327858006199974376480795751
7	3	7	-0.9009688679024191262361023195074450511659191621318571500535624232	-0.4338837391175581204757683328483587546099907277874598764445473035
7	4	5	-0.2225209339563144042889025644967947594663555687645449553119870159	0.9749279121818236070181316829939312172327858006199974376480795751
7	4	6	-0.2225209339563144042889025644967947594663555687645449553119870159	0.9749279121818236070181316829939312172327858006199974376480795751
7	4	7	-0.9009688679024191262361023195074450511659191621318571500535624232	-0.4338837391175581204757683328483587546099907277874598764445473035
7	5	3	0.9009688679024191262361023195074450511659191621318571500535624232	0.4338837391175581204757683328483587546099907277874598764445473035
7	5	4	-0.9009688679024191262361023195074450511659191621318571500535624232	-0.4338837391175581204757683328483587546099907277874598764445473035
7	5	5	0.9009688679024191262361023195074450511659191621318571500535624232	-0.4338837391175581204757683328483587546099907277874598764445473035
7	5	6	-0.9009688679024191262361023195074450511659191621318571500535624232	0.4338837391175581204757683328483587546099907277874598764445473035
7	5	7	-0.2225209339563144042889025644967947594663555687645449553119870159	-0.9749279121818236070181316829939312172327858006199974376480795751
7	6	3	0.9009688679024191262361023195074450511659191621318571500535624232	0.4338837391175581204757683328483587546099907277874598764445473035
7	6	4	-0.9009688679024191262361023195074450511659191621318571500535624232	-0.4338837391175581204757683328483587546099907277874598764445473035
7	6	5	0.9009688679024191262361023195074450511659191621318571500535624232	-0.4338837391175581204757683328483587546099907277874598764445473035
7	6	6	-0.9009688679024191262361023195074450511659191621318571500535624232	0.4338837391175581204757683328483587546099907277874598764445473035
7	6	7	0.2225209339563144042889025644967947594663555687645449553119870159	0.9749279121818236070181316829939312172327858006199974376480795751
7	7	1	0.6234898018587335305250048840042398106322747308964021053655494391	-0.7818314824680298087084445266740577502323345187086875289806349580
7	7	2	-0.6234898018587335305250048840042398106322747308964021053655494391	0.7818314824680298087084445266740577502323345187086875289806349580
7	7	3	-0.2225209339563144042889025644967947594663555687645449553119870159	0.9749279121818236070181316829939312172327858006199974376480795751
7	7	4	-0.2225209339563144042889025644967947594663555687645449553119870159	0.9749279121818236070181316829939312172327858006199974376480795751
7	7	5	0.6234898018587335305250048840042398106322747308964021053655494391	0.7818314824680298087084445266740577502323345187086875289806349580
7	7	6	-0.6234898018587335305250048840042398106322747308964021053655494391	-0.7818314824680298087084445266740577502323345187086875289806349580
7	7	7	0.9009688679024191262361023195074450511659191621318571500535624232	-0.4338837391175581204757683328483587546099907277874598764445473035