1	1	1	1	1	1	1.000000000000000000000000000000000000000000000000000000000000000	0
1	1	2	2	1	2	1.000000000000000000000000000000000000000000000000000000000000000	0
1	1	3	3	1	3	1.000000000000000000000000000000000000000000000000000000000000000	0
1	1	4	4	1	4	1.000000000000000000000000000000000000000000000000000000000000000	0
1	2	1	2	2	2	1.000000000000000000000000000000000000000000000000000000000000000	0
1	2	2	1	2	1	1.000000000000000000000000000000000000000000000000000000000000000	0
1	2	3	4	2	4	1.000000000000000000000000000000000000000000000000000000000000000	0
1	2	4	3	2	3	1.000000000000000000000000000000000000000000000000000000000000000	0
1	3	1	3	3	3	1.000000000000000000000000000000000000000000000000000000000000000	0
1	3	2	4	3	4	1.000000000000000000000000000000000000000000000000000000000000000	0
1	3	3	1	3	1	1.000000000000000000000000000000000000000000000000000000000000000	0
1	3	3	4	3	4	1.000000000000000000000000000000000000000000000000000000000000000	0
1	3	4	2	3	2	1.000000000000000000000000000000000000000000000000000000000000000	0
1	3	4	3	3	3	1.000000000000000000000000000000000000000000000000000000000000000	0
1	4	1	4	4	4	1.000000000000000000000000000000000000000000000000000000000000000	0
1	4	2	3	4	3	1.000000000000000000000000000000000000000000000000000000000000000	0
1	4	3	2	4	2	1.000000000000000000000000000000000000000000000000000000000000000	0
1	4	3	3	4	3	1.000000000000000000000000000000000000000000000000000000000000000	0
1	4	4	1	4	1	1.000000000000000000000000000000000000000000000000000000000000000	0
1	4	4	4	4	4	1.000000000000000000000000000000000000000000000000000000000000000	0
2	1	1	2	2	1	1.000000000000000000000000000000000000000000000000000000000000000	0
2	1	2	1	2	2	1.000000000000000000000000000000000000000000000000000000000000000	0
2	1	3	4	2	3	1.000000000000000000000000000000000000000000000000000000000000000	0
2	1	4	3	2	4	1.000000000000000000000000000000000000000000000000000000000000000	0
2	2	1	1	1	2	1.000000000000000000000000000000000000000000000000000000000000000	0
2	2	2	2	1	1	1.000000000000000000000000000000000000000000000000000000000000000	0
2	2	3	3	1	4	1.000000000000000000000000000000000000000000000000000000000000000	0
2	2	4	4	1	3	1.000000000000000000000000000000000000000000000000000000000000000	0
2	3	1	4	4	3	1.000000000000000000000000000000000000000000000000000000000000000	0
2	3	2	3	4	4	1.000000000000000000000000000000000000000000000000000000000000000	0
2	3	3	2	4	1	1.000000000000000000000000000000000000000000000000000000000000000	0
2	3	3	3	4	4	1.000000000000000000000000000000000000000000000000000000000000000	0
2	3	4	1	4	2	1.000000000000000000000000000000000000000000000000000000000000000	0
2	3	4	4	4	3	1.000000000000000000000000000000000000000000000000000000000000000	0
2	4	1	3	3	4	1.000000000000000000000000000000000000000000000000000000000000000	0
2	4	2	4	3	3	1.000000000000000000000000000000000000000000000000000000000000000	0
2	4	3	1	3	2	1.000000000000000000000000000000000000000000000000000000000000000	0
2	4	3	4	3	3	1.000000000000000000000000000000000000000000000000000000000000000	0
2	4	4	2	3	1	1.000000000000000000000000000000000000000000000000000000000000000	0
2	4	4	3	3	4	1.000000000000000000000000000000000000000000000000000000000000000	0
3	1	1	3	3	1	1.000000000000000000000000000000000000000000000000000000000000000	0
3	1	2	4	3	2	1.000000000000000000000000000000000000000000000000000000000000000	0
3	1	3	1	3	3	1.000000000000000000000000000000000000000000000000000000000000000	0
3	1	3	4	3	3	1.000000000000000000000000000000000000000000000000000000000000000	0
3	1	4	2	3	4	1.000000000000000000000000000000000000000000000000000000000000000	0
3	1	4	3	3	4	1.000000000000000000000000000000000000000000000000000000000000000	0
3	2	1	4	4	2	1.000000000000000000000000000000000000000000000000000000000000000	0
3	2	2	3	4	1	1.000000000000000000000000000000000000000000000000000000000000000	0
3	2	3	2	4	4	1.000000000000000000000000000000000000000000000000000000000000000	0
3	2	3	3	4	4	1.000000000000000000000000000000000000000000000000000000000000000	0
3	2	4	1	4	3	1.000000000000000000000000000000000000000000000000000000000000000	0
3	2	4	4	4	3	1.000000000000000000000000000000000000000000000000000000000000000	0
3	3	1	1	1	3	1.000000000000000000000000000000000000000000000000000000000000000	0
3	3	1	4	4	3	1.000000000000000000000000000000000000000000000000000000000000000	0
3	3	2	2	1	4	1.000000000000000000000000000000000000000000000000000000000000000	0
3	3	2	3	4	4	1.000000000000000000000000000000000000000000000000000000000000000	0
3	3	3	2	4	4	1.000000000000000000000000000000000000000000000000000000000000000	0
3	3	3	3	1	1	0.618033988749894848204586834365638117720309179805762862135448623	0
3	3	3	3	1	4	0.786151377757423286069558585842958929523122057837723237664901970	0
3	3	3	3	4	1	0.786151377757423286069558585842958929523122057837723237664901970	0
3	3	3	3	4	4	-0.618033988749894848204586834365638117720309179805762862135448623	0
3	3	4	1	4	3	1.000000000000000000000000000000000000000000000000000000000000000	0
3	3	4	4	1	2	0.618033988749894848204586834365638117720309179805762862135448623	0
3	3	4	4	1	3	0.786151377757423286069558585842958929523122057837723237664901970	0
3	3	4	4	4	2	0.786151377757423286069558585842958929523122057837723237664901970	0
3	3	4	4	4	3	-0.618033988749894848204586834365638117720309179805762862135448623	0
3	4	1	2	2	4	1.000000000000000000000000000000000000000000000000000000000000000	0
3	4	1	3	3	4	1.000000000000000000000000000000000000000000000000000000000000000	0
3	4	2	1	2	3	1.000000000000000000000000000000000000000000000000000000000000000	0
3	4	2	4	3	3	1.000000000000000000000000000000000000000000000000000000000000000	0
3	4	3	1	3	3	1.000000000000000000000000000000000000000000000000000000000000000	0
3	4	3	4	2	2	0.618033988749894848204586834365638117720309179805762862135448623	0
3	4	3	4	2	3	0.786151377757423286069558585842958929523122057837723237664901970	0
3	4	3	4	3	2	0.786151377757423286069558585842958929523122057837723237664901970	0
3	4	3	4	3	3	-0.618033988749894848204586834365638117720309179805762862135448623	0
3	4	4	2	3	4	1.000000000000000000000000000000000000000000000000000000000000000	0
3	4	4	3	2	1	0.618033988749894848204586834365638117720309179805762862135448623	0
3	4	4	3	2	4	0.786151377757423286069558585842958929523122057837723237664901970	0
3	4	4	3	3	1	0.786151377757423286069558585842958929523122057837723237664901970	0
3	4	4	3	3	4	-0.618033988749894848204586834365638117720309179805762862135448623	0
4	1	1	4	4	1	1.000000000000000000000000000000000000000000000000000000000000000	0
4	1	2	3	4	2	1.000000000000000000000000000000000000000000000000000000000000000	0
4	1	3	2	4	3	1.000000000000000000000000000000000000000000000000000000000000000	0
4	1	3	3	4	3	1.000000000000000000000000000000000000000000000000000000000000000	0
4	1	4	1	4	4	1.000000000000000000000000000000000000000000000000000000000000000	0
4	1	4	4	4	4	1.000000000000000000000000000000000000000000000000000000000000000	0
4	2	1	3	3	2	1.000000000000000000000000000000000000000000000000000000000000000	0
4	2	2	4	3	1	1.000000000000000000000000000000000000000000000000000000000000000	0
4	2	3	1	3	4	1.000000000000000000000000000000000000000000000000000000000000000	0
4	2	3	4	3	4	1.000000000000000000000000000000000000000000000000000000000000000	0
4	2	4	2	3	3	1.000000000000000000000000000000000000000000000000000000000000000	0
4	2	4	3	3	3	1.000000000000000000000000000000000000000000000000000000000000000	0
4	3	1	2	2	3	1.000000000000000000000000000000000000000000000000000000000000000	0
4	3	1	3	3	3	1.000000000000000000000000000000000000000000000000000000000000000	0
4	3	2	1	2	4	1.000000000000000000000000000000000000000000000000000000000000000	0
4	3	2	4	3	4	1.000000000000000000000000000000000000000000000000000000000000000	0
4	3	3	1	3	4	1.000000000000000000000000000000000000000000000000000000000000000	0
4	3	3	4	2	1	0.618033988749894848204586834365638117720309179805762862135448623	0
4	3	3	4	2	4	0.786151377757423286069558585842958929523122057837723237664901970	0
4	3	3	4	3	1	0.786151377757423286069558585842958929523122057837723237664901970	0
4	3	3	4	3	4	-0.618033988749894848204586834365638117720309179805762862135448623	0
4	3	4	2	3	3	1.000000000000000000000000000000000000000000000000000000000000000	0
4	3	4	3	2	2	0.618033988749894848204586834365638117720309179805762862135448623	0
4	3	4	3	2	3	0.786151377757423286069558585842958929523122057837723237664901970	0
4	3	4	3	3	2	0.786151377757423286069558585842958929523122057837723237664901970	0
4	3	4	3	3	3	-0.618033988749894848204586834365638117720309179805762862135448623	0
4	4	1	1	1	4	1.000000000000000000000000000000000000000000000000000000000000000	0
4	4	1	4	4	4	1.000000000000000000000000000000000000000000000000000000000000000	0
4	4	2	2	1	3	1.000000000000000000000000000000000000000000000000000000000000000	0
4	4	2	3	4	3	1.000000000000000000000000000000000000000000000000000000000000000	0
4	4	3	2	4	3	1.000000000000000000000000000000000000000000000000000000000000000	0
4	4	3	3	1	2	0.618033988749894848204586834365638117720309179805762862135448623	0
4	4	3	3	1	3	0.786151377757423286069558585842958929523122057837723237664901970	0
4	4	3	3	4	2	0.786151377757423286069558585842958929523122057837723237664901970	0
4	4	3	3	4	3	-0.618033988749894848204586834365638117720309179805762862135448623	0
4	4	4	1	4	4	1.000000000000000000000000000000000000000000000000000000000000000	0
4	4	4	4	1	1	0.618033988749894848204586834365638117720309179805762862135448623	0
4	4	4	4	1	4	0.786151377757423286069558585842958929523122057837723237664901970	0
4	4	4	4	4	1	0.786151377757423286069558585842958929523122057837723237664901970	0
4	4	4	4	4	4	-0.618033988749894848204586834365638117720309179805762862135448623	0