1	1	1	1	1	1	1.000000000000000000000000000000000000000000000000000000000000000	0
1	1	2	2	1	2	1.000000000000000000000000000000000000000000000000000000000000000	0
1	1	3	3	1	3	1.000000000000000000000000000000000000000000000000000000000000000	0
1	1	4	4	1	4	1.000000000000000000000000000000000000000000000000000000000000000	0
1	1	5	5	1	5	1.000000000000000000000000000000000000000000000000000000000000000	0
1	2	1	2	2	2	1.000000000000000000000000000000000000000000000000000000000000000	0
1	2	2	1	2	1	1.000000000000000000000000000000000000000000000000000000000000000	0
1	2	3	3	2	3	1.000000000000000000000000000000000000000000000000000000000000000	0
1	2	4	5	2	5	1.000000000000000000000000000000000000000000000000000000000000000	0
1	2	5	4	2	4	1.000000000000000000000000000000000000000000000000000000000000000	0
1	3	1	3	3	3	1.000000000000000000000000000000000000000000000000000000000000000	0
1	3	2	3	3	3	1.000000000000000000000000000000000000000000000000000000000000000	0
1	3	3	1	3	1	1.000000000000000000000000000000000000000000000000000000000000000	0
1	3	3	2	3	2	1.000000000000000000000000000000000000000000000000000000000000000	0
1	3	3	3	3	3	1.000000000000000000000000000000000000000000000000000000000000000	0
1	3	4	4	3	4	1.000000000000000000000000000000000000000000000000000000000000000	0
1	3	4	5	3	5	1.000000000000000000000000000000000000000000000000000000000000000	0
1	3	5	4	3	4	1.000000000000000000000000000000000000000000000000000000000000000	0
1	3	5	5	3	5	1.000000000000000000000000000000000000000000000000000000000000000	0
1	4	1	4	4	4	1.000000000000000000000000000000000000000000000000000000000000000	0
1	4	2	5	4	5	1.000000000000000000000000000000000000000000000000000000000000000	0
1	4	3	4	4	4	1.000000000000000000000000000000000000000000000000000000000000000	0
1	4	3	5	4	5	1.000000000000000000000000000000000000000000000000000000000000000	0
1	4	4	2	4	2	1.000000000000000000000000000000000000000000000000000000000000000	0
1	4	4	3	4	3	1.000000000000000000000000000000000000000000000000000000000000000	0
1	4	4	4	4	4	1.000000000000000000000000000000000000000000000000000000000000000	0
1	4	4	5	4	5	1.000000000000000000000000000000000000000000000000000000000000000	0
1	4	5	1	4	1	1.000000000000000000000000000000000000000000000000000000000000000	0
1	4	5	3	4	3	1.000000000000000000000000000000000000000000000000000000000000000	0
1	4	5	4	4	4	1.000000000000000000000000000000000000000000000000000000000000000	0
1	4	5	5	4	5	1.000000000000000000000000000000000000000000000000000000000000000	0
1	5	1	5	5	5	1.000000000000000000000000000000000000000000000000000000000000000	0
1	5	2	4	5	4	1.000000000000000000000000000000000000000000000000000000000000000	0
1	5	3	4	5	4	1.000000000000000000000000000000000000000000000000000000000000000	0
1	5	3	5	5	5	1.000000000000000000000000000000000000000000000000000000000000000	0
1	5	4	1	5	1	1.000000000000000000000000000000000000000000000000000000000000000	0
1	5	4	3	5	3	1.000000000000000000000000000000000000000000000000000000000000000	0
1	5	4	4	5	4	1.000000000000000000000000000000000000000000000000000000000000000	0
1	5	4	5	5	5	1.000000000000000000000000000000000000000000000000000000000000000	0
1	5	5	2	5	2	1.000000000000000000000000000000000000000000000000000000000000000	0
1	5	5	3	5	3	1.000000000000000000000000000000000000000000000000000000000000000	0
1	5	5	4	5	4	1.000000000000000000000000000000000000000000000000000000000000000	0
1	5	5	5	5	5	1.000000000000000000000000000000000000000000000000000000000000000	0
2	1	1	2	2	1	1.000000000000000000000000000000000000000000000000000000000000000	0
2	1	2	1	2	2	1.000000000000000000000000000000000000000000000000000000000000000	0
2	1	3	3	2	3	1.000000000000000000000000000000000000000000000000000000000000000	0
2	1	4	5	2	4	1.000000000000000000000000000000000000000000000000000000000000000	0
2	1	5	4	2	5	1.000000000000000000000000000000000000000000000000000000000000000	0
2	2	1	1	1	2	1.000000000000000000000000000000000000000000000000000000000000000	0
2	2	2	2	1	1	1.000000000000000000000000000000000000000000000000000000000000000	0
2	2	3	3	1	3	1.000000000000000000000000000000000000000000000000000000000000000	0
2	2	4	4	1	5	1.000000000000000000000000000000000000000000000000000000000000000	0
2	2	5	5	1	4	1.000000000000000000000000000000000000000000000000000000000000000	0
2	3	1	3	3	3	1.000000000000000000000000000000000000000000000000000000000000000	0
2	3	2	3	3	3	1.000000000000000000000000000000000000000000000000000000000000000	0
2	3	3	1	3	2	1.000000000000000000000000000000000000000000000000000000000000000	0
2	3	3	2	3	1	1.000000000000000000000000000000000000000000000000000000000000000	0
2	3	3	3	3	3	-1.000000000000000000000000000000000000000000000000000000000000000	0
2	3	4	4	3	5	1.000000000000000000000000000000000000000000000000000000000000000	0
2	3	4	5	3	4	1.000000000000000000000000000000000000000000000000000000000000000	0
2	3	5	4	3	5	1.000000000000000000000000000000000000000000000000000000000000000	0
2	3	5	5	3	4	1.000000000000000000000000000000000000000000000000000000000000000	0
2	4	1	5	5	4	1.000000000000000000000000000000000000000000000000000000000000000	0
2	4	2	4	5	5	1.000000000000000000000000000000000000000000000000000000000000000	0
2	4	3	4	5	5	1.000000000000000000000000000000000000000000000000000000000000000	0
2	4	3	5	5	4	1.000000000000000000000000000000000000000000000000000000000000000	0
2	4	4	1	5	2	1.000000000000000000000000000000000000000000000000000000000000000	0
2	4	4	3	5	3	1.000000000000000000000000000000000000000000000000000000000000000	0
2	4	4	4	5	5	1.000000000000000000000000000000000000000000000000000000000000000	0
2	4	4	5	5	4	1.000000000000000000000000000000000000000000000000000000000000000	0
2	4	5	2	5	1	1.000000000000000000000000000000000000000000000000000000000000000	0
2	4	5	3	5	3	1.000000000000000000000000000000000000000000000000000000000000000	0
2	4	5	4	5	5	1.000000000000000000000000000000000000000000000000000000000000000	0
2	4	5	5	5	4	1.000000000000000000000000000000000000000000000000000000000000000	0
2	5	1	4	4	5	1.000000000000000000000000000000000000000000000000000000000000000	0
2	5	2	5	4	4	1.000000000000000000000000000000000000000000000000000000000000000	0
2	5	3	4	4	5	1.000000000000000000000000000000000000000000000000000000000000000	0
2	5	3	5	4	4	1.000000000000000000000000000000000000000000000000000000000000000	0
2	5	4	2	4	1	1.000000000000000000000000000000000000000000000000000000000000000	0
2	5	4	3	4	3	1.000000000000000000000000000000000000000000000000000000000000000	0
2	5	4	4	4	5	1.000000000000000000000000000000000000000000000000000000000000000	0
2	5	4	5	4	4	1.000000000000000000000000000000000000000000000000000000000000000	0
2	5	5	1	4	2	1.000000000000000000000000000000000000000000000000000000000000000	0
2	5	5	3	4	3	1.000000000000000000000000000000000000000000000000000000000000000	0
2	5	5	4	4	5	1.000000000000000000000000000000000000000000000000000000000000000	0
2	5	5	5	4	4	1.000000000000000000000000000000000000000000000000000000000000000	0
3	1	1	3	3	1	1.000000000000000000000000000000000000000000000000000000000000000	0
3	1	2	3	3	2	1.000000000000000000000000000000000000000000000000000000000000000	0
3	1	3	1	3	3	1.000000000000000000000000000000000000000000000000000000000000000	0
3	1	3	2	3	3	1.000000000000000000000000000000000000000000000000000000000000000	0
3	1	3	3	3	3	1.000000000000000000000000000000000000000000000000000000000000000	0
3	1	4	4	3	4	1.000000000000000000000000000000000000000000000000000000000000000	0
3	1	4	5	3	4	1.000000000000000000000000000000000000000000000000000000000000000	0
3	1	5	4	3	5	1.000000000000000000000000000000000000000000000000000000000000000	0
3	1	5	5	3	5	1.000000000000000000000000000000000000000000000000000000000000000	0
3	2	1	3	3	2	1.000000000000000000000000000000000000000000000000000000000000000	0
3	2	2	3	3	1	1.000000000000000000000000000000000000000000000000000000000000000	0
3	2	3	1	3	3	1.000000000000000000000000000000000000000000000000000000000000000	0
3	2	3	2	3	3	1.000000000000000000000000000000000000000000000000000000000000000	0
3	2	3	3	3	3	-1.000000000000000000000000000000000000000000000000000000000000000	0
3	2	4	4	3	5	1.000000000000000000000000000000000000000000000000000000000000000	0
3	2	4	5	3	5	1.000000000000000000000000000000000000000000000000000000000000000	0
3	2	5	4	3	4	1.000000000000000000000000000000000000000000000000000000000000000	0
3	2	5	5	3	4	1.000000000000000000000000000000000000000000000000000000000000000	0
3	3	1	1	1	3	1.000000000000000000000000000000000000000000000000000000000000000	0
3	3	1	2	2	3	1.000000000000000000000000000000000000000000000000000000000000000	0
3	3	1	3	3	3	1.000000000000000000000000000000000000000000000000000000000000000	0
3	3	2	1	2	3	1.000000000000000000000000000000000000000000000000000000000000000	0
3	3	2	2	1	3	1.000000000000000000000000000000000000000000000000000000000000000	0
3	3	2	3	3	3	-1.000000000000000000000000000000000000000000000000000000000000000	0
3	3	3	1	3	3	1.000000000000000000000000000000000000000000000000000000000000000	0
3	3	3	2	3	3	-1.000000000000000000000000000000000000000000000000000000000000000	0
3	3	3	3	1	1	0.500000000000000000000000000000000000000000000000000000000000000	0
3	3	3	3	1	2	0.500000000000000000000000000000000000000000000000000000000000000	0
3	3	3	3	1	3	0.707106781186547524400844362104849039284835937688474036588339869	0
3	3	3	3	2	1	0.500000000000000000000000000000000000000000000000000000000000000	0
3	3	3	3	2	2	0.500000000000000000000000000000000000000000000000000000000000000	0
3	3	3	3	2	3	-0.707106781186547524400844362104849039284835937688474036588339869	0
3	3	3	3	3	1	0.707106781186547524400844362104849039284835937688474036588339869	0
3	3	3	3	3	2	-0.707106781186547524400844362104849039284835937688474036588339869	0
3	3	3	3	3	3	0.	0
3	3	4	4	1	4	0.707106781186547524400844362104849039284835937688474036588339869	0
3	3	4	4	1	5	0.707106781186547524400844362104849039284835937688474036588339869	0
3	3	4	4	3	4	-0.707106781186547524400844362104849039284835937688474036588339869	0
3	3	4	4	3	5	0.707106781186547524400844362104849039284835937688474036588339869	0
3	3	4	5	2	4	0.707106781186547524400844362104849039284835937688474036588339869	0
3	3	4	5	2	5	0.707106781186547524400844362104849039284835937688474036588339869	0
3	3	4	5	3	4	0.707106781186547524400844362104849039284835937688474036588339869	0
3	3	4	5	3	5	-0.707106781186547524400844362104849039284835937688474036588339869	0
3	3	5	4	2	4	0.707106781186547524400844362104849039284835937688474036588339869	0
3	3	5	4	2	5	0.707106781186547524400844362104849039284835937688474036588339869	0
3	3	5	4	3	4	0.707106781186547524400844362104849039284835937688474036588339869	0
3	3	5	4	3	5	-0.707106781186547524400844362104849039284835937688474036588339869	0
3	3	5	5	1	4	0.707106781186547524400844362104849039284835937688474036588339869	0
3	3	5	5	1	5	0.707106781186547524400844362104849039284835937688474036588339869	0
3	3	5	5	3	4	-0.707106781186547524400844362104849039284835937688474036588339869	0
3	3	5	5	3	5	0.707106781186547524400844362104849039284835937688474036588339869	0
3	4	1	4	4	4	1.000000000000000000000000000000000000000000000000000000000000000	0
3	4	1	5	5	4	1.000000000000000000000000000000000000000000000000000000000000000	0
3	4	2	4	5	5	-1.000000000000000000000000000000000000000000000000000000000000000	0
3	4	2	5	4	5	-1.000000000000000000000000000000000000000000000000000000000000000	0
3	4	3	4	4	4	1.000000000000000000000000000000000000000000000000000000000000000	0
3	4	3	4	4	5	0.	0
3	4	3	4	5	4	0.	0
3	4	3	4	5	5	-1.000000000000000000000000000000000000000000000000000000000000000	0
3	4	3	5	4	4	0.	0
3	4	3	5	4	5	-1.000000000000000000000000000000000000000000000000000000000000000	0
3	4	3	5	5	4	1.000000000000000000000000000000000000000000000000000000000000000	0
3	4	3	5	5	5	0.	0
3	4	4	1	5	3	1.000000000000000000000000000000000000000000000000000000000000000	0
3	4	4	2	4	3	1.000000000000000000000000000000000000000000000000000000000000000	0
3	4	4	3	4	2	0.707106781186547524400844362104849039284835937688474036588339869	0
3	4	4	3	4	3	0.707106781186547524400844362104849039284835937688474036588339869	0
3	4	4	3	5	2	0.707106781186547524400844362104849039284835937688474036588339869	0
3	4	4	3	5	3	-0.707106781186547524400844362104849039284835937688474036588339869	0
3	4	4	4	4	4	-0.500000000000000000000000000000000000000000000000000000000000000	0
3	4	4	4	4	5	0.866025403784438646763723170752936183471402626905190314027903490	0
3	4	4	4	5	4	0.866025403784438646763723170752936183471402626905190314027903490	0
3	4	4	4	5	5	0.500000000000000000000000000000000000000000000000000000000000000	0
3	4	4	5	4	4	0.866025403784438646763723170752936183471402626905190314027903490	0
3	4	4	5	4	5	0.500000000000000000000000000000000000000000000000000000000000000	0
3	4	4	5	5	4	-0.500000000000000000000000000000000000000000000000000000000000000	0
3	4	4	5	5	5	0.866025403784438646763723170752936183471402626905190314027903490	0
3	4	5	1	4	3	1.000000000000000000000000000000000000000000000000000000000000000	0
3	4	5	2	5	3	1.000000000000000000000000000000000000000000000000000000000000000	0
3	4	5	3	4	1	0.707106781186547524400844362104849039284835937688474036588339869	0
3	4	5	3	4	3	-0.707106781186547524400844362104849039284835937688474036588339869	0
3	4	5	3	5	1	0.707106781186547524400844362104849039284835937688474036588339869	0
3	4	5	3	5	3	0.707106781186547524400844362104849039284835937688474036588339869	0
3	4	5	4	4	4	-0.500000000000000000000000000000000000000000000000000000000000000	0
3	4	5	4	4	5	0.866025403784438646763723170752936183471402626905190314027903490	0
3	4	5	4	5	4	0.866025403784438646763723170752936183471402626905190314027903490	0
3	4	5	4	5	5	0.500000000000000000000000000000000000000000000000000000000000000	0
3	4	5	5	4	4	0.866025403784438646763723170752936183471402626905190314027903490	0
3	4	5	5	4	5	0.500000000000000000000000000000000000000000000000000000000000000	0
3	4	5	5	5	4	-0.500000000000000000000000000000000000000000000000000000000000000	0
3	4	5	5	5	5	0.866025403784438646763723170752936183471402626905190314027903490	0
3	5	1	4	4	5	1.000000000000000000000000000000000000000000000000000000000000000	0
3	5	1	5	5	5	1.000000000000000000000000000000000000000000000000000000000000000	0
3	5	2	4	5	4	-1.000000000000000000000000000000000000000000000000000000000000000	0
3	5	2	5	4	4	-1.000000000000000000000000000000000000000000000000000000000000000	0
3	5	3	4	4	4	0.	0
3	5	3	4	4	5	1.000000000000000000000000000000000000000000000000000000000000000	0
3	5	3	4	5	4	-1.000000000000000000000000000000000000000000000000000000000000000	0
3	5	3	4	5	5	0.	0
3	5	3	5	4	4	-1.000000000000000000000000000000000000000000000000000000000000000	0
3	5	3	5	4	5	0.	0
3	5	3	5	5	4	0.	0
3	5	3	5	5	5	1.000000000000000000000000000000000000000000000000000000000000000	0
3	5	4	1	5	3	1.000000000000000000000000000000000000000000000000000000000000000	0
3	5	4	2	4	3	1.000000000000000000000000000000000000000000000000000000000000000	0
3	5	4	3	4	1	0.707106781186547524400844362104849039284835937688474036588339869	0
3	5	4	3	4	3	-0.707106781186547524400844362104849039284835937688474036588339869	0
3	5	4	3	5	1	0.707106781186547524400844362104849039284835937688474036588339869	0
3	5	4	3	5	3	0.707106781186547524400844362104849039284835937688474036588339869	0
3	5	4	4	4	4	0.866025403784438646763723170752936183471402626905190314027903490	0
3	5	4	4	4	5	-0.500000000000000000000000000000000000000000000000000000000000000	0
3	5	4	4	5	4	0.500000000000000000000000000000000000000000000000000000000000000	0
3	5	4	4	5	5	0.866025403784438646763723170752936183471402626905190314027903490	0
3	5	4	5	4	4	0.500000000000000000000000000000000000000000000000000000000000000	0
3	5	4	5	4	5	0.866025403784438646763723170752936183471402626905190314027903490	0
3	5	4	5	5	4	0.866025403784438646763723170752936183471402626905190314027903490	0
3	5	4	5	5	5	-0.500000000000000000000000000000000000000000000000000000000000000	0
3	5	5	1	4	3	1.000000000000000000000000000000000000000000000000000000000000000	0
3	5	5	2	5	3	1.000000000000000000000000000000000000000000000000000000000000000	0
3	5	5	3	4	2	0.707106781186547524400844362104849039284835937688474036588339869	0
3	5	5	3	4	3	0.707106781186547524400844362104849039284835937688474036588339869	0
3	5	5	3	5	2	0.707106781186547524400844362104849039284835937688474036588339869	0
3	5	5	3	5	3	-0.707106781186547524400844362104849039284835937688474036588339869	0
3	5	5	4	4	4	0.866025403784438646763723170752936183471402626905190314027903490	0
3	5	5	4	4	5	-0.500000000000000000000000000000000000000000000000000000000000000	0
3	5	5	4	5	4	0.500000000000000000000000000000000000000000000000000000000000000	0
3	5	5	4	5	5	0.866025403784438646763723170752936183471402626905190314027903490	0
3	5	5	5	4	4	0.500000000000000000000000000000000000000000000000000000000000000	0
3	5	5	5	4	5	0.866025403784438646763723170752936183471402626905190314027903490	0
3	5	5	5	5	4	0.866025403784438646763723170752936183471402626905190314027903490	0
3	5	5	5	5	5	-0.500000000000000000000000000000000000000000000000000000000000000	0
4	1	1	4	4	1	1.000000000000000000000000000000000000000000000000000000000000000	0
4	1	2	5	4	2	1.000000000000000000000000000000000000000000000000000000000000000	0
4	1	3	4	4	3	1.000000000000000000000000000000000000000000000000000000000000000	0
4	1	3	5	4	3	1.000000000000000000000000000000000000000000000000000000000000000	0
4	1	4	2	4	4	1.000000000000000000000000000000000000000000000000000000000000000	0
4	1	4	3	4	4	1.000000000000000000000000000000000000000000000000000000000000000	0
4	1	4	4	4	4	1.000000000000000000000000000000000000000000000000000000000000000	0
4	1	4	5	4	4	1.000000000000000000000000000000000000000000000000000000000000000	0
4	1	5	1	4	5	1.000000000000000000000000000000000000000000000000000000000000000	0
4	1	5	3	4	5	1.000000000000000000000000000000000000000000000000000000000000000	0
4	1	5	4	4	5	1.000000000000000000000000000000000000000000000000000000000000000	0
4	1	5	5	4	5	1.000000000000000000000000000000000000000000000000000000000000000	0
4	2	1	5	5	2	1.000000000000000000000000000000000000000000000000000000000000000	0
4	2	2	4	5	1	1.000000000000000000000000000000000000000000000000000000000000000	0
4	2	3	4	5	3	1.000000000000000000000000000000000000000000000000000000000000000	0
4	2	3	5	5	3	1.000000000000000000000000000000000000000000000000000000000000000	0
4	2	4	1	5	5	1.000000000000000000000000000000000000000000000000000000000000000	0
4	2	4	3	5	5	-1.000000000000000000000000000000000000000000000000000000000000000	0
4	2	4	4	5	5	1.000000000000000000000000000000000000000000000000000000000000000	0
4	2	4	5	5	5	-1.000000000000000000000000000000000000000000000000000000000000000	0
4	2	5	2	5	4	1.000000000000000000000000000000000000000000000000000000000000000	0
4	2	5	3	5	4	-1.000000000000000000000000000000000000000000000000000000000000000	0
4	2	5	4	5	4	-1.000000000000000000000000000000000000000000000000000000000000000	0
4	2	5	5	5	4	1.000000000000000000000000000000000000000000000000000000000000000	0
4	3	1	4	4	3	1.000000000000000000000000000000000000000000000000000000000000000	0
4	3	1	5	5	3	1.000000000000000000000000000000000000000000000000000000000000000	0
4	3	2	4	5	3	-1.000000000000000000000000000000000000000000000000000000000000000	0
4	3	2	5	4	3	-1.000000000000000000000000000000000000000000000000000000000000000	0
4	3	3	4	4	1	0.707106781186547524400844362104849039284835937688474036588339869	0
4	3	3	4	4	3	0.707106781186547524400844362104849039284835937688474036588339869	0
4	3	3	4	5	1	-0.707106781186547524400844362104849039284835937688474036588339869	0
4	3	3	4	5	3	0.707106781186547524400844362104849039284835937688474036588339869	0
4	3	3	5	4	2	-0.707106781186547524400844362104849039284835937688474036588339869	0
4	3	3	5	4	3	-0.707106781186547524400844362104849039284835937688474036588339869	0
4	3	3	5	5	2	0.707106781186547524400844362104849039284835937688474036588339869	0
4	3	3	5	5	3	-0.707106781186547524400844362104849039284835937688474036588339869	0
4	3	4	1	5	5	-1.000000000000000000000000000000000000000000000000000000000000000	0
4	3	4	2	4	4	-1.000000000000000000000000000000000000000000000000000000000000000	0
4	3	4	3	4	4	-1.000000000000000000000000000000000000000000000000000000000000000	0
4	3	4	3	4	5	0.	0
4	3	4	3	5	4	0.	0
4	3	4	3	5	5	1.000000000000000000000000000000000000000000000000000000000000000	0
4	3	4	4	4	4	0.500000000000000000000000000000000000000000000000000000000000000	0
4	3	4	4	4	5	0.866025403784438646763723170752936183471402626905190314027903490	0
4	3	4	4	5	4	-0.866025403784438646763723170752936183471402626905190314027903490	0
4	3	4	4	5	5	0.500000000000000000000000000000000000000000000000000000000000000	0
4	3	4	5	4	4	0.500000000000000000000000000000000000000000000000000000000000000	0
4	3	4	5	4	5	0.866025403784438646763723170752936183471402626905190314027903490	0
4	3	4	5	5	4	0.866025403784438646763723170752936183471402626905190314027903490	0
4	3	4	5	5	5	-0.500000000000000000000000000000000000000000000000000000000000000	0
4	3	5	1	4	5	1.000000000000000000000000000000000000000000000000000000000000000	0
4	3	5	2	5	4	1.000000000000000000000000000000000000000000000000000000000000000	0
4	3	5	3	4	4	0.	0
4	3	5	3	4	5	1.000000000000000000000000000000000000000000000000000000000000000	0
4	3	5	3	5	4	-1.000000000000000000000000000000000000000000000000000000000000000	0
4	3	5	3	5	5	0.	0
4	3	5	4	4	4	0.866025403784438646763723170752936183471402626905190314027903490	0
4	3	5	4	4	5	-0.500000000000000000000000000000000000000000000000000000000000000	0
4	3	5	4	5	4	0.500000000000000000000000000000000000000000000000000000000000000	0
4	3	5	4	5	5	0.866025403784438646763723170752936183471402626905190314027903490	0
4	3	5	5	4	4	0.866025403784438646763723170752936183471402626905190314027903490	0
4	3	5	5	4	5	-0.500000000000000000000000000000000000000000000000000000000000000	0
4	3	5	5	5	4	-0.500000000000000000000000000000000000000000000000000000000000000	0
4	3	5	5	5	5	-0.866025403784438646763723170752936183471402626905190314027903490	0
4	4	1	2	2	4	1.000000000000000000000000000000000000000000000000000000000000000	0
4	4	1	3	3	4	1.000000000000000000000000000000000000000000000000000000000000000	0
4	4	1	4	4	4	1.000000000000000000000000000000000000000000000000000000000000000	0
4	4	1	5	5	4	1.000000000000000000000000000000000000000000000000000000000000000	0
4	4	2	1	2	5	1.000000000000000000000000000000000000000000000000000000000000000	0
4	4	2	3	3	5	1.000000000000000000000000000000000000000000000000000000000000000	0
4	4	2	4	5	5	-1.000000000000000000000000000000000000000000000000000000000000000	0
4	4	2	5	4	5	1.000000000000000000000000000000000000000000000000000000000000000	0
4	4	3	1	3	5	-1.000000000000000000000000000000000000000000000000000000000000000	0
4	4	3	2	3	4	1.000000000000000000000000000000000000000000000000000000000000000	0
4	4	3	3	2	4	0.707106781186547524400844362104849039284835937688474036588339869	0
4	4	3	3	2	5	-0.707106781186547524400844362104849039284835937688474036588339869	0
4	4	3	3	3	4	-0.707106781186547524400844362104849039284835937688474036588339869	0
4	4	3	3	3	5	-0.707106781186547524400844362104849039284835937688474036588339869	0
4	4	3	4	4	4	-0.500000000000000000000000000000000000000000000000000000000000000	0
4	4	3	4	4	5	-0.866025403784438646763723170752936183471402626905190314027903490	0
4	4	3	4	5	4	-0.866025403784438646763723170752936183471402626905190314027903490	0
4	4	3	4	5	5	0.500000000000000000000000000000000000000000000000000000000000000	0
4	4	3	5	4	4	0.866025403784438646763723170752936183471402626905190314027903490	0
4	4	3	5	4	5	-0.500000000000000000000000000000000000000000000000000000000000000	0
4	4	3	5	5	4	-0.500000000000000000000000000000000000000000000000000000000000000	0
4	4	3	5	5	5	-0.866025403784438646763723170752936183471402626905190314027903490	0
4	4	4	1	5	5	1.000000000000000000000000000000000000000000000000000000000000000	0
4	4	4	2	4	4	-1.000000000000000000000000000000000000000000000000000000000000000	0
4	4	4	3	4	4	0.500000000000000000000000000000000000000000000000000000000000000	0
4	4	4	3	4	5	0.866025403784438646763723170752936183471402626905190314027903490	0
4	4	4	3	5	4	-0.866025403784438646763723170752936183471402626905190314027903490	0
4	4	4	3	5	5	0.500000000000000000000000000000000000000000000000000000000000000	0
4	4	4	4	3	3	0.	0
4	4	4	4	3	4	0.707106781186547524400844362104849039284835937688474036588339869	0
4	4	4	4	3	5	-0.707106781186547524400844362104849039284835937688474036588339869	0
4	4	4	4	4	3	-0.707106781186547524400844362104849039284835937688474036588339869	0
4	4	4	4	4	4	0.	0.5000000000000000000000000000000000000000000000000000000000000000
4	4	4	4	4	5	0.	0.5000000000000000000000000000000000000000000000000000000000000000
4	4	4	4	5	3	-0.707106781186547524400844362104849039284835937688474036588339869	0
4	4	4	4	5	4	0.	-0.5000000000000000000000000000000000000000000000000000000000000000
4	4	4	4	5	5	0.	-0.5000000000000000000000000000000000000000000000000000000000000000
4	4	4	5	2	2	0.333333333333333333333333333333333333333333333333333333333333333	0
4	4	4	5	2	3	0.471404520791031682933896241403232692856557291792316024392226579	0
4	4	4	5	2	4	0.577350269189625764509148780501957455647601751270126876018602326	0
4	4	4	5	2	5	-0.577350269189625764509148780501957455647601751270126876018602326	0
4	4	4	5	3	2	-0.471404520791031682933896241403232692856557291792316024392226579	0
4	4	4	5	3	3	-0.666666666666666666666666666666666666666666666666666666666666667	0
4	4	4	5	3	4	0.408248290463863016366214012450981898660991246776111688072115428	0
4	4	4	5	3	5	-0.408248290463863016366214012450981898660991246776111688072115428	0
4	4	4	5	4	2	0.577350269189625764509148780501957455647601751270126876018602326	0
4	4	4	5	4	3	-0.408248290463863016366214012450981898660991246776111688072115428	0
4	4	4	5	4	4	0.	-0.5000000000000000000000000000000000000000000000000000000000000000
4	4	4	5	4	5	0.	-0.5000000000000000000000000000000000000000000000000000000000000000
4	4	4	5	5	2	-0.577350269189625764509148780501957455647601751270126876018602326	0
4	4	4	5	5	3	0.408248290463863016366214012450981898660991246776111688072115428	0
4	4	4	5	5	4	0.	-0.5000000000000000000000000000000000000000000000000000000000000000
4	4	4	5	5	5	0.	-0.5000000000000000000000000000000000000000000000000000000000000000
4	4	5	1	4	5	-1.000000000000000000000000000000000000000000000000000000000000000	0
4	4	5	2	5	4	-1.000000000000000000000000000000000000000000000000000000000000000	0
4	4	5	3	4	4	-0.866025403784438646763723170752936183471402626905190314027903490	0
4	4	5	3	4	5	0.500000000000000000000000000000000000000000000000000000000000000	0
4	4	5	3	5	4	-0.500000000000000000000000000000000000000000000000000000000000000	0
4	4	5	3	5	5	-0.866025403784438646763723170752936183471402626905190314027903490	0
4	4	5	4	2	1	0.333333333333333333333333333333333333333333333333333333333333333	0
4	4	5	4	2	3	-0.471404520791031682933896241403232692856557291792316024392226579	0
4	4	5	4	2	4	0.577350269189625764509148780501957455647601751270126876018602326	0
4	4	5	4	2	5	-0.577350269189625764509148780501957455647601751270126876018602326	0
4	4	5	4	3	1	0.471404520791031682933896241403232692856557291792316024392226579	0
4	4	5	4	3	3	-0.666666666666666666666666666666666666666666666666666666666666667	0
4	4	5	4	3	4	-0.408248290463863016366214012450981898660991246776111688072115428	0
4	4	5	4	3	5	0.408248290463863016366214012450981898660991246776111688072115428	0
4	4	5	4	4	1	-0.577350269189625764509148780501957455647601751270126876018602326	0
4	4	5	4	4	3	-0.408248290463863016366214012450981898660991246776111688072115428	0
4	4	5	4	4	4	0.	-0.5000000000000000000000000000000000000000000000000000000000000000
4	4	5	4	4	5	0.	-0.5000000000000000000000000000000000000000000000000000000000000000
4	4	5	4	5	1	-0.577350269189625764509148780501957455647601751270126876018602326	0
4	4	5	4	5	3	-0.408248290463863016366214012450981898660991246776111688072115428	0
4	4	5	4	5	4	0.	0.5000000000000000000000000000000000000000000000000000000000000000
4	4	5	4	5	5	0.	0.5000000000000000000000000000000000000000000000000000000000000000
4	4	5	5	3	3	0.	0
4	4	5	5	3	4	0.707106781186547524400844362104849039284835937688474036588339869	0
4	4	5	5	3	5	-0.707106781186547524400844362104849039284835937688474036588339869	0
4	4	5	5	4	3	0.707106781186547524400844362104849039284835937688474036588339869	0
4	4	5	5	4	4	0.	0.5000000000000000000000000000000000000000000000000000000000000000
4	4	5	5	4	5	0.	0.5000000000000000000000000000000000000000000000000000000000000000
4	4	5	5	5	3	-0.707106781186547524400844362104849039284835937688474036588339869	0
4	4	5	5	5	4	0.	0.5000000000000000000000000000000000000000000000000000000000000000
4	4	5	5	5	5	0.	0.5000000000000000000000000000000000000000000000000000000000000000
4	5	1	1	1	5	1.000000000000000000000000000000000000000000000000000000000000000	0
4	5	1	3	3	5	1.000000000000000000000000000000000000000000000000000000000000000	0
4	5	1	4	4	5	1.000000000000000000000000000000000000000000000000000000000000000	0
4	5	1	5	5	5	1.000000000000000000000000000000000000000000000000000000000000000	0
4	5	2	2	1	4	1.000000000000000000000000000000000000000000000000000000000000000	0
4	5	2	3	3	4	1.000000000000000000000000000000000000000000000000000000000000000	0
4	5	2	4	5	4	1.000000000000000000000000000000000000000000000000000000000000000	0
4	5	2	5	4	4	-1.000000000000000000000000000000000000000000000000000000000000000	0
4	5	3	1	3	5	-1.000000000000000000000000000000000000000000000000000000000000000	0
4	5	3	2	3	4	1.000000000000000000000000000000000000000000000000000000000000000	0
4	5	3	3	1	4	0.707106781186547524400844362104849039284835937688474036588339869	0
4	5	3	3	1	5	-0.707106781186547524400844362104849039284835937688474036588339869	0
4	5	3	3	3	4	0.707106781186547524400844362104849039284835937688474036588339869	0
4	5	3	3	3	5	0.707106781186547524400844362104849039284835937688474036588339869	0
4	5	3	4	4	4	0.866025403784438646763723170752936183471402626905190314027903490	0
4	5	3	4	4	5	-0.500000000000000000000000000000000000000000000000000000000000000	0
4	5	3	4	5	4	-0.500000000000000000000000000000000000000000000000000000000000000	0
4	5	3	4	5	5	-0.866025403784438646763723170752936183471402626905190314027903490	0
4	5	3	5	4	4	0.500000000000000000000000000000000000000000000000000000000000000	0
4	5	3	5	4	5	0.866025403784438646763723170752936183471402626905190314027903490	0
4	5	3	5	5	4	0.866025403784438646763723170752936183471402626905190314027903490	0
4	5	3	5	5	5	-0.500000000000000000000000000000000000000000000000000000000000000	0
4	5	4	1	5	5	1.000000000000000000000000000000000000000000000000000000000000000	0
4	5	4	2	4	4	1.000000000000000000000000000000000000000000000000000000000000000	0
4	5	4	3	4	4	-0.500000000000000000000000000000000000000000000000000000000000000	0
4	5	4	3	4	5	0.866025403784438646763723170752936183471402626905190314027903490	0
4	5	4	3	5	4	0.866025403784438646763723170752936183471402626905190314027903490	0
4	5	4	3	5	5	0.500000000000000000000000000000000000000000000000000000000000000	0
4	5	4	4	1	1	0.333333333333333333333333333333333333333333333333333333333333333	0
4	5	4	4	1	3	0.471404520791031682933896241403232692856557291792316024392226579	0
4	5	4	4	1	4	0.577350269189625764509148780501957455647601751270126876018602326	0
4	5	4	4	1	5	0.577350269189625764509148780501957455647601751270126876018602326	0
4	5	4	4	3	1	0.471404520791031682933896241403232692856557291792316024392226579	0
4	5	4	4	3	3	0.666666666666666666666666666666666666666666666666666666666666667	0
4	5	4	4	3	4	-0.408248290463863016366214012450981898660991246776111688072115428	0
4	5	4	4	3	5	-0.408248290463863016366214012450981898660991246776111688072115428	0
4	5	4	4	4	1	-0.577350269189625764509148780501957455647601751270126876018602326	0
4	5	4	4	4	3	0.408248290463863016366214012450981898660991246776111688072115428	0
4	5	4	4	4	4	0.	0.5000000000000000000000000000000000000000000000000000000000000000
4	5	4	4	4	5	0.	-0.5000000000000000000000000000000000000000000000000000000000000000
4	5	4	4	5	1	-0.577350269189625764509148780501957455647601751270126876018602326	0
4	5	4	4	5	3	0.408248290463863016366214012450981898660991246776111688072115428	0
4	5	4	4	5	4	0.	-0.5000000000000000000000000000000000000000000000000000000000000000
4	5	4	4	5	5	0.	0.5000000000000000000000000000000000000000000000000000000000000000
4	5	4	5	3	3	0.	0
4	5	4	5	3	4	0.707106781186547524400844362104849039284835937688474036588339869	0
4	5	4	5	3	5	0.707106781186547524400844362104849039284835937688474036588339869	0
4	5	4	5	4	3	-0.707106781186547524400844362104849039284835937688474036588339869	0
4	5	4	5	4	4	0.	-0.5000000000000000000000000000000000000000000000000000000000000000
4	5	4	5	4	5	0.	0.5000000000000000000000000000000000000000000000000000000000000000
4	5	4	5	5	3	0.707106781186547524400844362104849039284835937688474036588339869	0
4	5	4	5	5	4	0.	-0.5000000000000000000000000000000000000000000000000000000000000000
4	5	4	5	5	5	0.	0.5000000000000000000000000000000000000000000000000000000000000000
4	5	5	1	4	5	-1.000000000000000000000000000000000000000000000000000000000000000	0
4	5	5	2	5	4	1.000000000000000000000000000000000000000000000000000000000000000	0
4	5	5	3	4	4	0.866025403784438646763723170752936183471402626905190314027903490	0
4	5	5	3	4	5	0.500000000000000000000000000000000000000000000000000000000000000	0
4	5	5	3	5	4	0.500000000000000000000000000000000000000000000000000000000000000	0
4	5	5	3	5	5	-0.866025403784438646763723170752936183471402626905190314027903490	0
4	5	5	4	3	3	0.	0
4	5	5	4	3	4	-0.707106781186547524400844362104849039284835937688474036588339869	0
4	5	5	4	3	5	-0.707106781186547524400844362104849039284835937688474036588339869	0
4	5	5	4	4	3	-0.707106781186547524400844362104849039284835937688474036588339869	0
4	5	5	4	4	4	0.	-0.5000000000000000000000000000000000000000000000000000000000000000
4	5	5	4	4	5	0.	0.5000000000000000000000000000000000000000000000000000000000000000
4	5	5	4	5	3	-0.707106781186547524400844362104849039284835937688474036588339869	0
4	5	5	4	5	4	0.	0.5000000000000000000000000000000000000000000000000000000000000000
4	5	5	4	5	5	0.	-0.5000000000000000000000000000000000000000000000000000000000000000
4	5	5	5	1	2	0.333333333333333333333333333333333333333333333333333333333333333	0
4	5	5	5	1	3	-0.471404520791031682933896241403232692856557291792316024392226579	0
4	5	5	5	1	4	-0.577350269189625764509148780501957455647601751270126876018602326	0
4	5	5	5	1	5	-0.577350269189625764509148780501957455647601751270126876018602326	0
4	5	5	5	3	2	-0.471404520791031682933896241403232692856557291792316024392226579	0
4	5	5	5	3	3	0.666666666666666666666666666666666666666666666666666666666666667	0
4	5	5	5	3	4	-0.408248290463863016366214012450981898660991246776111688072115428	0
4	5	5	5	3	5	-0.408248290463863016366214012450981898660991246776111688072115428	0
4	5	5	5	4	2	-0.577350269189625764509148780501957455647601751270126876018602326	0
4	5	5	5	4	3	-0.408248290463863016366214012450981898660991246776111688072115428	0
4	5	5	5	4	4	0.	0.5000000000000000000000000000000000000000000000000000000000000000
4	5	5	5	4	5	0.	-0.5000000000000000000000000000000000000000000000000000000000000000
4	5	5	5	5	2	0.577350269189625764509148780501957455647601751270126876018602326	0
4	5	5	5	5	3	0.408248290463863016366214012450981898660991246776111688072115428	0
4	5	5	5	5	4	0.	0.5000000000000000000000000000000000000000000000000000000000000000
4	5	5	5	5	5	0.	-0.5000000000000000000000000000000000000000000000000000000000000000
5	1	1	5	5	1	1.000000000000000000000000000000000000000000000000000000000000000	0
5	1	2	4	5	2	1.000000000000000000000000000000000000000000000000000000000000000	0
5	1	3	4	5	3	1.000000000000000000000000000000000000000000000000000000000000000	0
5	1	3	5	5	3	1.000000000000000000000000000000000000000000000000000000000000000	0
5	1	4	1	5	4	1.000000000000000000000000000000000000000000000000000000000000000	0
5	1	4	3	5	4	1.000000000000000000000000000000000000000000000000000000000000000	0
5	1	4	4	5	4	1.000000000000000000000000000000000000000000000000000000000000000	0
5	1	4	5	5	4	1.000000000000000000000000000000000000000000000000000000000000000	0
5	1	5	2	5	5	1.000000000000000000000000000000000000000000000000000000000000000	0
5	1	5	3	5	5	1.000000000000000000000000000000000000000000000000000000000000000	0
5	1	5	4	5	5	1.000000000000000000000000000000000000000000000000000000000000000	0
5	1	5	5	5	5	1.000000000000000000000000000000000000000000000000000000000000000	0
5	2	1	4	4	2	1.000000000000000000000000000000000000000000000000000000000000000	0
5	2	2	5	4	1	1.000000000000000000000000000000000000000000000000000000000000000	0
5	2	3	4	4	3	1.000000000000000000000000000000000000000000000000000000000000000	0
5	2	3	5	4	3	1.000000000000000000000000000000000000000000000000000000000000000	0
5	2	4	2	4	5	1.000000000000000000000000000000000000000000000000000000000000000	0
5	2	4	3	4	5	-1.000000000000000000000000000000000000000000000000000000000000000	0
5	2	4	4	4	5	-1.000000000000000000000000000000000000000000000000000000000000000	0
5	2	4	5	4	5	1.000000000000000000000000000000000000000000000000000000000000000	0
5	2	5	1	4	4	1.000000000000000000000000000000000000000000000000000000000000000	0
5	2	5	3	4	4	-1.000000000000000000000000000000000000000000000000000000000000000	0
5	2	5	4	4	4	1.000000000000000000000000000000000000000000000000000000000000000	0
5	2	5	5	4	4	-1.000000000000000000000000000000000000000000000000000000000000000	0
5	3	1	4	4	3	1.000000000000000000000000000000000000000000000000000000000000000	0
5	3	1	5	5	3	1.000000000000000000000000000000000000000000000000000000000000000	0
5	3	2	4	5	3	-1.000000000000000000000000000000000000000000000000000000000000000	0
5	3	2	5	4	3	-1.000000000000000000000000000000000000000000000000000000000000000	0
5	3	3	4	4	2	0.707106781186547524400844362104849039284835937688474036588339869	0
5	3	3	4	4	3	-0.707106781186547524400844362104849039284835937688474036588339869	0
5	3	3	4	5	2	-0.707106781186547524400844362104849039284835937688474036588339869	0
5	3	3	4	5	3	-0.707106781186547524400844362104849039284835937688474036588339869	0
5	3	3	5	4	1	-0.707106781186547524400844362104849039284835937688474036588339869	0
5	3	3	5	4	3	0.707106781186547524400844362104849039284835937688474036588339869	0
5	3	3	5	5	1	0.707106781186547524400844362104849039284835937688474036588339869	0
5	3	3	5	5	3	0.707106781186547524400844362104849039284835937688474036588339869	0
5	3	4	1	5	4	-1.000000000000000000000000000000000000000000000000000000000000000	0
5	3	4	2	4	5	-1.000000000000000000000000000000000000000000000000000000000000000	0
5	3	4	3	4	4	0.	0
5	3	4	3	4	5	1.000000000000000000000000000000000000000000000000000000000000000	0
5	3	4	3	5	4	-1.000000000000000000000000000000000000000000000000000000000000000	0
5	3	4	3	5	5	0.	0
5	3	4	4	4	4	0.866025403784438646763723170752936183471402626905190314027903490	0
5	3	4	4	4	5	-0.500000000000000000000000000000000000000000000000000000000000000	0
5	3	4	4	5	4	0.500000000000000000000000000000000000000000000000000000000000000	0
5	3	4	4	5	5	0.866025403784438646763723170752936183471402626905190314027903490	0
5	3	4	5	4	4	-0.866025403784438646763723170752936183471402626905190314027903490	0
5	3	4	5	4	5	0.500000000000000000000000000000000000000000000000000000000000000	0
5	3	4	5	5	4	0.500000000000000000000000000000000000000000000000000000000000000	0
5	3	4	5	5	5	0.866025403784438646763723170752936183471402626905190314027903490	0
5	3	5	1	4	4	1.000000000000000000000000000000000000000000000000000000000000000	0
5	3	5	2	5	5	1.000000000000000000000000000000000000000000000000000000000000000	0
5	3	5	3	4	4	-1.000000000000000000000000000000000000000000000000000000000000000	0
5	3	5	3	4	5	0.	0
5	3	5	3	5	4	0.	0
5	3	5	3	5	5	1.000000000000000000000000000000000000000000000000000000000000000	0
5	3	5	4	4	4	-0.500000000000000000000000000000000000000000000000000000000000000	0
5	3	5	4	4	5	-0.866025403784438646763723170752936183471402626905190314027903490	0
5	3	5	4	5	4	0.866025403784438646763723170752936183471402626905190314027903490	0
5	3	5	4	5	5	-0.500000000000000000000000000000000000000000000000000000000000000	0
5	3	5	5	4	4	0.500000000000000000000000000000000000000000000000000000000000000	0
5	3	5	5	4	5	0.866025403784438646763723170752936183471402626905190314027903490	0
5	3	5	5	5	4	0.866025403784438646763723170752936183471402626905190314027903490	0
5	3	5	5	5	5	-0.500000000000000000000000000000000000000000000000000000000000000	0
5	4	1	1	1	4	1.000000000000000000000000000000000000000000000000000000000000000	0
5	4	1	3	3	4	1.000000000000000000000000000000000000000000000000000000000000000	0
5	4	1	4	4	4	1.000000000000000000000000000000000000000000000000000000000000000	0
5	4	1	5	5	4	1.000000000000000000000000000000000000000000000000000000000000000	0
5	4	2	2	1	5	1.000000000000000000000000000000000000000000000000000000000000000	0
5	4	2	3	3	5	1.000000000000000000000000000000000000000000000000000000000000000	0
5	4	2	4	5	5	1.000000000000000000000000000000000000000000000000000000000000000	0
5	4	2	5	4	5	-1.000000000000000000000000000000000000000000000000000000000000000	0
5	4	3	1	3	4	1.000000000000000000000000000000000000000000000000000000000000000	0
5	4	3	2	3	5	-1.000000000000000000000000000000000000000000000000000000000000000	0
5	4	3	3	1	4	0.707106781186547524400844362104849039284835937688474036588339869	0
5	4	3	3	1	5	-0.707106781186547524400844362104849039284835937688474036588339869	0
5	4	3	3	3	4	0.707106781186547524400844362104849039284835937688474036588339869	0
5	4	3	3	3	5	0.707106781186547524400844362104849039284835937688474036588339869	0
5	4	3	4	4	4	-0.500000000000000000000000000000000000000000000000000000000000000	0
5	4	3	4	4	5	-0.866025403784438646763723170752936183471402626905190314027903490	0
5	4	3	4	5	4	0.866025403784438646763723170752936183471402626905190314027903490	0
5	4	3	4	5	5	-0.500000000000000000000000000000000000000000000000000000000000000	0
5	4	3	5	4	4	-0.866025403784438646763723170752936183471402626905190314027903490	0
5	4	3	5	4	5	0.500000000000000000000000000000000000000000000000000000000000000	0
5	4	3	5	5	4	-0.500000000000000000000000000000000000000000000000000000000000000	0
5	4	3	5	5	5	-0.866025403784438646763723170752936183471402626905190314027903490	0
5	4	4	1	5	4	-1.000000000000000000000000000000000000000000000000000000000000000	0
5	4	4	2	4	5	1.000000000000000000000000000000000000000000000000000000000000000	0
5	4	4	3	4	4	-0.866025403784438646763723170752936183471402626905190314027903490	0
5	4	4	3	4	5	0.500000000000000000000000000000000000000000000000000000000000000	0
5	4	4	3	5	4	0.500000000000000000000000000000000000000000000000000000000000000	0
5	4	4	3	5	5	0.866025403784438646763723170752936183471402626905190314027903490	0
5	4	4	4	1	2	0.333333333333333333333333333333333333333333333333333333333333333	0
5	4	4	4	1	3	0.471404520791031682933896241403232692856557291792316024392226579	0
5	4	4	4	1	4	0.577350269189625764509148780501957455647601751270126876018602326	0
5	4	4	4	1	5	-0.577350269189625764509148780501957455647601751270126876018602326	0
5	4	4	4	3	2	-0.471404520791031682933896241403232692856557291792316024392226579	0
5	4	4	4	3	3	-0.666666666666666666666666666666666666666666666666666666666666667	0
5	4	4	4	3	4	0.408248290463863016366214012450981898660991246776111688072115428	0
5	4	4	4	3	5	-0.408248290463863016366214012450981898660991246776111688072115428	0
5	4	4	4	4	2	-0.577350269189625764509148780501957455647601751270126876018602326	0
5	4	4	4	4	3	0.408248290463863016366214012450981898660991246776111688072115428	0
5	4	4	4	4	4	0.	-0.5000000000000000000000000000000000000000000000000000000000000000
5	4	4	4	4	5	0.	-0.5000000000000000000000000000000000000000000000000000000000000000
5	4	4	4	5	2	0.577350269189625764509148780501957455647601751270126876018602326	0
5	4	4	4	5	3	-0.408248290463863016366214012450981898660991246776111688072115428	0
5	4	4	4	5	4	0.	-0.5000000000000000000000000000000000000000000000000000000000000000
5	4	4	4	5	5	0.	-0.5000000000000000000000000000000000000000000000000000000000000000
5	4	4	5	3	3	0.	0
5	4	4	5	3	4	0.707106781186547524400844362104849039284835937688474036588339869	0
5	4	4	5	3	5	-0.707106781186547524400844362104849039284835937688474036588339869	0
5	4	4	5	4	3	-0.707106781186547524400844362104849039284835937688474036588339869	0
5	4	4	5	4	4	0.	-0.5000000000000000000000000000000000000000000000000000000000000000
5	4	4	5	4	5	0.	-0.5000000000000000000000000000000000000000000000000000000000000000
5	4	4	5	5	3	-0.707106781186547524400844362104849039284835937688474036588339869	0
5	4	4	5	5	4	0.	0.5000000000000000000000000000000000000000000000000000000000000000
5	4	4	5	5	5	0.	0.5000000000000000000000000000000000000000000000000000000000000000
5	4	5	1	4	4	-1.000000000000000000000000000000000000000000000000000000000000000	0
5	4	5	2	5	5	-1.000000000000000000000000000000000000000000000000000000000000000	0
5	4	5	3	4	4	-0.500000000000000000000000000000000000000000000000000000000000000	0
5	4	5	3	4	5	-0.866025403784438646763723170752936183471402626905190314027903490	0
5	4	5	3	5	4	-0.866025403784438646763723170752936183471402626905190314027903490	0
5	4	5	3	5	5	0.500000000000000000000000000000000000000000000000000000000000000	0
5	4	5	4	3	3	0.	0
5	4	5	4	3	4	0.707106781186547524400844362104849039284835937688474036588339869	0
5	4	5	4	3	5	-0.707106781186547524400844362104849039284835937688474036588339869	0
5	4	5	4	4	3	-0.707106781186547524400844362104849039284835937688474036588339869	0
5	4	5	4	4	4	0.	0.5000000000000000000000000000000000000000000000000000000000000000
5	4	5	4	4	5	0.	0.5000000000000000000000000000000000000000000000000000000000000000
5	4	5	4	5	3	0.707106781186547524400844362104849039284835937688474036588339869	0
5	4	5	4	5	4	0.	0.5000000000000000000000000000000000000000000000000000000000000000
5	4	5	4	5	5	0.	0.5000000000000000000000000000000000000000000000000000000000000000
5	4	5	5	1	1	0.333333333333333333333333333333333333333333333333333333333333333	0
5	4	5	5	1	3	-0.471404520791031682933896241403232692856557291792316024392226579	0
5	4	5	5	1	4	0.577350269189625764509148780501957455647601751270126876018602326	0
5	4	5	5	1	5	-0.577350269189625764509148780501957455647601751270126876018602326	0
5	4	5	5	3	1	0.471404520791031682933896241403232692856557291792316024392226579	0
5	4	5	5	3	3	-0.666666666666666666666666666666666666666666666666666666666666667	0
5	4	5	5	3	4	-0.408248290463863016366214012450981898660991246776111688072115428	0
5	4	5	5	3	5	0.408248290463863016366214012450981898660991246776111688072115428	0
5	4	5	5	4	1	-0.577350269189625764509148780501957455647601751270126876018602326	0
5	4	5	5	4	3	-0.408248290463863016366214012450981898660991246776111688072115428	0
5	4	5	5	4	4	0.	0.5000000000000000000000000000000000000000000000000000000000000000
5	4	5	5	4	5	0.	0.5000000000000000000000000000000000000000000000000000000000000000
5	4	5	5	5	1	-0.577350269189625764509148780501957455647601751270126876018602326	0
5	4	5	5	5	3	-0.408248290463863016366214012450981898660991246776111688072115428	0
5	4	5	5	5	4	0.	-0.5000000000000000000000000000000000000000000000000000000000000000
5	4	5	5	5	5	0.	-0.5000000000000000000000000000000000000000000000000000000000000000
5	5	1	2	2	5	1.000000000000000000000000000000000000000000000000000000000000000	0
5	5	1	3	3	5	1.000000000000000000000000000000000000000000000000000000000000000	0
5	5	1	4	4	5	1.000000000000000000000000000000000000000000000000000000000000000	0
5	5	1	5	5	5	1.000000000000000000000000000000000000000000000000000000000000000	0
5	5	2	1	2	4	1.000000000000000000000000000000000000000000000000000000000000000	0
5	5	2	3	3	4	1.000000000000000000000000000000000000000000000000000000000000000	0
5	5	2	4	5	4	-1.000000000000000000000000000000000000000000000000000000000000000	0
5	5	2	5	4	4	1.000000000000000000000000000000000000000000000000000000000000000	0
5	5	3	1	3	4	1.000000000000000000000000000000000000000000000000000000000000000	0
5	5	3	2	3	5	-1.000000000000000000000000000000000000000000000000000000000000000	0
5	5	3	3	2	4	0.707106781186547524400844362104849039284835937688474036588339869	0
5	5	3	3	2	5	-0.707106781186547524400844362104849039284835937688474036588339869	0
5	5	3	3	3	4	-0.707106781186547524400844362104849039284835937688474036588339869	0
5	5	3	3	3	5	-0.707106781186547524400844362104849039284835937688474036588339869	0
5	5	3	4	4	4	0.866025403784438646763723170752936183471402626905190314027903490	0
5	5	3	4	4	5	-0.500000000000000000000000000000000000000000000000000000000000000	0
5	5	3	4	5	4	0.500000000000000000000000000000000000000000000000000000000000000	0
5	5	3	4	5	5	0.866025403784438646763723170752936183471402626905190314027903490	0
5	5	3	5	4	4	-0.500000000000000000000000000000000000000000000000000000000000000	0
5	5	3	5	4	5	-0.866025403784438646763723170752936183471402626905190314027903490	0
5	5	3	5	5	4	0.866025403784438646763723170752936183471402626905190314027903490	0
5	5	3	5	5	5	-0.500000000000000000000000000000000000000000000000000000000000000	0
5	5	4	1	5	4	1.000000000000000000000000000000000000000000000000000000000000000	0
5	5	4	2	4	5	1.000000000000000000000000000000000000000000000000000000000000000	0
5	5	4	3	4	4	0.866025403784438646763723170752936183471402626905190314027903490	0
5	5	4	3	4	5	0.500000000000000000000000000000000000000000000000000000000000000	0
5	5	4	3	5	4	-0.500000000000000000000000000000000000000000000000000000000000000	0
5	5	4	3	5	5	0.866025403784438646763723170752936183471402626905190314027903490	0
5	5	4	4	3	3	0.	0
5	5	4	4	3	4	0.707106781186547524400844362104849039284835937688474036588339869	0
5	5	4	4	3	5	0.707106781186547524400844362104849039284835937688474036588339869	0
5	5	4	4	4	3	0.707106781186547524400844362104849039284835937688474036588339869	0
5	5	4	4	4	4	0.	-0.5000000000000000000000000000000000000000000000000000000000000000
5	5	4	4	4	5	0.	0.5000000000000000000000000000000000000000000000000000000000000000
5	5	4	4	5	3	-0.707106781186547524400844362104849039284835937688474036588339869	0
5	5	4	4	5	4	0.	-0.5000000000000000000000000000000000000000000000000000000000000000
5	5	4	4	5	5	0.	0.5000000000000000000000000000000000000000000000000000000000000000
5	5	4	5	2	1	0.333333333333333333333333333333333333333333333333333333333333333	0
5	5	4	5	2	3	0.471404520791031682933896241403232692856557291792316024392226579	0
5	5	4	5	2	4	0.577350269189625764509148780501957455647601751270126876018602326	0
5	5	4	5	2	5	0.577350269189625764509148780501957455647601751270126876018602326	0
5	5	4	5	3	1	0.471404520791031682933896241403232692856557291792316024392226579	0
5	5	4	5	3	3	0.666666666666666666666666666666666666666666666666666666666666667	0
5	5	4	5	3	4	-0.408248290463863016366214012450981898660991246776111688072115428	0
5	5	4	5	3	5	-0.408248290463863016366214012450981898660991246776111688072115428	0
5	5	4	5	4	1	-0.577350269189625764509148780501957455647601751270126876018602326	0
5	5	4	5	4	3	0.408248290463863016366214012450981898660991246776111688072115428	0
5	5	4	5	4	4	0.	-0.5000000000000000000000000000000000000000000000000000000000000000
5	5	4	5	4	5	0.	0.5000000000000000000000000000000000000000000000000000000000000000
5	5	4	5	5	1	-0.577350269189625764509148780501957455647601751270126876018602326	0
5	5	4	5	5	3	0.408248290463863016366214012450981898660991246776111688072115428	0
5	5	4	5	5	4	0.	0.5000000000000000000000000000000000000000000000000000000000000000
5	5	4	5	5	5	0.	-0.5000000000000000000000000000000000000000000000000000000000000000
5	5	5	1	4	4	1.000000000000000000000000000000000000000000000000000000000000000	0
5	5	5	2	5	5	-1.000000000000000000000000000000000000000000000000000000000000000	0
5	5	5	3	4	4	0.500000000000000000000000000000000000000000000000000000000000000	0
5	5	5	3	4	5	-0.866025403784438646763723170752936183471402626905190314027903490	0
5	5	5	3	5	4	0.866025403784438646763723170752936183471402626905190314027903490	0
5	5	5	3	5	5	0.500000000000000000000000000000000000000000000000000000000000000	0
5	5	5	4	2	2	0.333333333333333333333333333333333333333333333333333333333333333	0
5	5	5	4	2	3	-0.471404520791031682933896241403232692856557291792316024392226579	0
5	5	5	4	2	4	-0.577350269189625764509148780501957455647601751270126876018602326	0
5	5	5	4	2	5	-0.577350269189625764509148780501957455647601751270126876018602326	0
5	5	5	4	3	2	-0.471404520791031682933896241403232692856557291792316024392226579	0
5	5	5	4	3	3	0.666666666666666666666666666666666666666666666666666666666666667	0
5	5	5	4	3	4	-0.408248290463863016366214012450981898660991246776111688072115428	0
5	5	5	4	3	5	-0.408248290463863016366214012450981898660991246776111688072115428	0
5	5	5	4	4	2	0.577350269189625764509148780501957455647601751270126876018602326	0
5	5	5	4	4	3	0.408248290463863016366214012450981898660991246776111688072115428	0
5	5	5	4	4	4	0.	0.5000000000000000000000000000000000000000000000000000000000000000
5	5	5	4	4	5	0.	-0.5000000000000000000000000000000000000000000000000000000000000000
5	5	5	4	5	2	-0.577350269189625764509148780501957455647601751270126876018602326	0
5	5	5	4	5	3	-0.408248290463863016366214012450981898660991246776111688072115428	0
5	5	5	4	5	4	0.	0.5000000000000000000000000000000000000000000000000000000000000000
5	5	5	4	5	5	0.	-0.5000000000000000000000000000000000000000000000000000000000000000
5	5	5	5	3	3	0.	0
5	5	5	5	3	4	-0.707106781186547524400844362104849039284835937688474036588339869	0
5	5	5	5	3	5	-0.707106781186547524400844362104849039284835937688474036588339869	0
5	5	5	5	4	3	-0.707106781186547524400844362104849039284835937688474036588339869	0
5	5	5	5	4	4	0.	0.5000000000000000000000000000000000000000000000000000000000000000
5	5	5	5	4	5	0.	-0.5000000000000000000000000000000000000000000000000000000000000000
5	5	5	5	5	3	-0.707106781186547524400844362104849039284835937688474036588339869	0
5	5	5	5	5	4	0.	-0.5000000000000000000000000000000000000000000000000000000000000000
5	5	5	5	5	5	0.	0.5000000000000000000000000000000000000000000000000000000000000000