1	1	1	1	1	1	1.000000000000000000000000000000000000000000000000000000000000000	0
1	1	2	2	1	2	1.000000000000000000000000000000000000000000000000000000000000000	0
1	1	3	3	1	3	1.000000000000000000000000000000000000000000000000000000000000000	0
1	2	1	2	2	2	1.000000000000000000000000000000000000000000000000000000000000000	0
1	2	2	1	2	1	1.000000000000000000000000000000000000000000000000000000000000000	0
1	2	2	3	2	3	1.000000000000000000000000000000000000000000000000000000000000000	0
1	2	3	2	2	2	1.000000000000000000000000000000000000000000000000000000000000000	0
1	2	3	3	2	3	1.000000000000000000000000000000000000000000000000000000000000000	0
1	3	1	3	3	3	1.000000000000000000000000000000000000000000000000000000000000000	0
1	3	2	2	3	2	1.000000000000000000000000000000000000000000000000000000000000000	0
1	3	2	3	3	3	1.000000000000000000000000000000000000000000000000000000000000000	0
1	3	3	1	3	1	1.000000000000000000000000000000000000000000000000000000000000000	0
1	3	3	2	3	2	1.000000000000000000000000000000000000000000000000000000000000000	0
1	3	3	3	3	3	1.000000000000000000000000000000000000000000000000000000000000000	0
2	1	1	2	2	1	1.000000000000000000000000000000000000000000000000000000000000000	0
2	1	2	1	2	2	1.000000000000000000000000000000000000000000000000000000000000000	0
2	1	2	3	2	2	1.000000000000000000000000000000000000000000000000000000000000000	0
2	1	3	2	2	3	1.000000000000000000000000000000000000000000000000000000000000000	0
2	1	3	3	2	3	1.000000000000000000000000000000000000000000000000000000000000000	0
2	2	1	1	1	2	1.000000000000000000000000000000000000000000000000000000000000000	0
2	2	1	3	3	2	1.000000000000000000000000000000000000000000000000000000000000000	0
2	2	2	2	1	1	-0.801937735804838252472204639014890102331838324263714300107124846	0
2	2	2	2	1	3	1.801937735804838252472204639014890102331838324263714300107124846	0
2	2	2	2	3	1	-0.801937735804838252472204639014890102331838324263714300107124846	0
2	2	2	2	3	3	-3.246979603717467061050009768008479621264549461792804210731098878	0
2	2	2	3	3	3	-4.048917339522305313522214407023369723596387786056518510838223725	0
2	2	3	1	3	2	1.000000000000000000000000000000000000000000000000000000000000000	0
2	2	3	2	3	3	-4.048917339522305313522214407023369723596387786056518510838223725	0
2	2	3	3	1	2	-4.048917339522305313522214407023369723596387786056518510838223725	0
2	2	3	3	1	3	-7.295896943239772374572224175031849344860937247849322721569322603	0
2	2	3	3	3	2	-1.801937735804838252472204639014890102331838324263714300107124846	0
2	2	3	3	3	3	-7.295896943239772374572224175031849344860937247849322721569322603	0
2	3	1	2	2	3	1.000000000000000000000000000000000000000000000000000000000000000	0
2	3	1	3	3	3	1.000000000000000000000000000000000000000000000000000000000000000	0
2	3	2	1	2	2	-0.246979603717467061050009768008479621264549461792804210731098878	0
2	3	2	2	3	3	1.000000000000000000000000000000000000000000000000000000000000000	0
2	3	2	3	2	2	0.445041867912628808577805128993589518932711137529089910623974032	0
2	3	2	3	2	3	1.000000000000000000000000000000000000000000000000000000000000000	0
2	3	2	3	3	2	0.554958132087371191422194871006410481067288862470910089376025968	0
2	3	2	3	3	3	1.801937735804838252472204639014890102331838324263714300107124846	0
2	3	3	1	3	2	-0.246979603717467061050009768008479621264549461792804210731098878	0
2	3	3	2	2	1	-0.445041867912628808577805128993589518932711137529089910623974032	0
2	3	3	2	2	3	0.445041867912628808577805128993589518932711137529089910623974032	0
2	3	3	2	3	1	-0.445041867912628808577805128993589518932711137529089910623974032	0
2	3	3	2	3	3	1.000000000000000000000000000000000000000000000000000000000000000	0
2	3	3	3	2	2	0.554958132087371191422194871006410481067288862470910089376025968	0
2	3	3	3	2	3	1.000000000000000000000000000000000000000000000000000000000000000	0
2	3	3	3	3	2	1.000000000000000000000000000000000000000000000000000000000000000	0
2	3	3	3	3	3	2.246979603717467061050009768008479621264549461792804210731098878	0
3	1	1	3	3	1	1.000000000000000000000000000000000000000000000000000000000000000	0
3	1	2	2	3	2	1.000000000000000000000000000000000000000000000000000000000000000	0
3	1	2	3	3	2	1.000000000000000000000000000000000000000000000000000000000000000	0
3	1	3	1	3	3	1.000000000000000000000000000000000000000000000000000000000000000	0
3	1	3	2	3	3	1.000000000000000000000000000000000000000000000000000000000000000	0
3	1	3	3	3	3	1.000000000000000000000000000000000000000000000000000000000000000	0
3	2	1	2	2	2	1.000000000000000000000000000000000000000000000000000000000000000	0
3	2	1	3	3	2	1.000000000000000000000000000000000000000000000000000000000000000	0
3	2	2	1	2	3	-4.048917339522305313522214407023369723596387786056518510838223725	0
3	2	2	2	3	3	-4.048917339522305313522214407023369723596387786056518510838223725	0
3	2	2	3	2	1	1.801937735804838252472204639014890102331838324263714300107124846	0
3	2	2	3	2	3	-1.801937735804838252472204639014890102331838324263714300107124846	0
3	2	2	3	3	1	1.801937735804838252472204639014890102331838324263714300107124846	0
3	2	2	3	3	3	-4.048917339522305313522214407023369723596387786056518510838223725	0
3	2	3	1	3	3	-4.048917339522305313522214407023369723596387786056518510838223725	0
3	2	3	2	2	2	-1.801937735804838252472204639014890102331838324263714300107124846	0
3	2	3	2	2	3	-4.048917339522305313522214407023369723596387786056518510838223725	0
3	2	3	2	3	2	-2.246979603717467061050009768008479621264549461792804210731098878	0
3	2	3	2	3	3	-7.295896943239772374572224175031849344860937247849322721569322603	0
3	2	3	3	2	2	-2.246979603717467061050009768008479621264549461792804210731098878	0
3	2	3	3	2	3	-4.048917339522305313522214407023369723596387786056518510838223725	0
3	2	3	3	3	2	-4.048917339522305313522214407023369723596387786056518510838223725	0
3	2	3	3	3	3	-9.097834679044610627044428814046739447192775572113037021676447449	0
3	3	1	1	1	3	1.000000000000000000000000000000000000000000000000000000000000000	0
3	3	1	2	2	3	1.000000000000000000000000000000000000000000000000000000000000000	0
3	3	1	3	3	3	1.000000000000000000000000000000000000000000000000000000000000000	0
3	3	2	1	2	3	1.000000000000000000000000000000000000000000000000000000000000000	0
3	3	2	2	1	2	-0.246979603717467061050009768008479621264549461792804210731098878	0
3	3	2	2	1	3	-0.445041867912628808577805128993589518932711137529089910623974032	0
3	3	2	2	3	2	0.445041867912628808577805128993589518932711137529089910623974032	0
3	3	2	2	3	3	1.801937735804838252472204639014890102331838324263714300107124846	0
3	3	2	3	2	2	0.554958132087371191422194871006410481067288862470910089376025968	0
3	3	2	3	2	3	1.000000000000000000000000000000000000000000000000000000000000000	0
3	3	2	3	3	2	1.000000000000000000000000000000000000000000000000000000000000000	0
3	3	2	3	3	3	2.246979603717467061050009768008479621264549461792804210731098878	0
3	3	3	1	3	3	1.000000000000000000000000000000000000000000000000000000000000000	0
3	3	3	2	2	2	0.554958132087371191422194871006410481067288862470910089376025968	0
3	3	3	2	2	3	1.000000000000000000000000000000000000000000000000000000000000000	0
3	3	3	2	3	2	1.000000000000000000000000000000000000000000000000000000000000000	0
3	3	3	2	3	3	2.246979603717467061050009768008479621264549461792804210731098878	0
3	3	3	3	1	1	1.801937735804838252472204639014890102331838324263714300107124846	0
3	3	3	3	1	2	1.000000000000000000000000000000000000000000000000000000000000000	0
3	3	3	3	1	3	1.000000000000000000000000000000000000000000000000000000000000000	0
3	3	3	3	2	1	1.000000000000000000000000000000000000000000000000000000000000000	0
3	3	3	3	2	2	1.000000000000000000000000000000000000000000000000000000000000000	0
3	3	3	3	2	3	1.246979603717467061050009768008479621264549461792804210731098878	0
3	3	3	3	3	1	1.801937735804838252472204639014890102331838324263714300107124846	0
3	3	3	3	3	2	2.246979603717467061050009768008479621264549461792804210731098878	0
3	3	3	3	3	3	3.246979603717467061050009768008479621264549461792804210731098878	0