1	1	1	1.000000000000000000000000000000000000000000000000000000000000000	0
1	2	2	1.000000000000000000000000000000000000000000000000000000000000000	0
1	3	3	1.000000000000000000000000000000000000000000000000000000000000000	0
2	1	2	1.000000000000000000000000000000000000000000000000000000000000000	0
2	2	1	-0.2225209339563144042889025644967947594663555687645449553119870159	0.9749279121818236070181316829939312172327858006199974376480795751
2	2	3	0.9009688679024191262361023195074450511659191621318571500535624232	0.4338837391175581204757683328483587546099907277874598764445473035
2	3	2	-0.0549581320873711914221948710064104810672888624709100893760259682	-0.2407873094037643221660811765284852876095394458761499677771026865
2	3	3	-0.1539892641849520651860925514989654299013697003390529393224635450	-0.1930964297137937983096871563198734670004512819113099086674446170
3	1	3	1.000000000000000000000000000000000000000000000000000000000000000	0
3	2	2	-0.9009688679024191262361023195074450511659191621318571500535624232	-3.9474025284172649519289207521843366895402313664448298097019763698
3	2	3	-2.5244586697611526567611072035116848617981938930282592554191118623	-3.1655710459492351432204762255102789393078968477361422807213414118
3	3	1	-0.9009688679024191262361023195074450511659191621318571500535624232	0.4338837391175581204757683328483587546099907277874598764445473035
3	3	2	-0.2225209339563144042889025644967947594663555687645449553119870159	0.9749279121818236070181316829939312172327858006199974376480795751
3	3	3	0.2225209339563144042889025644967947594663555687645449553119870159	0.9749279121818236070181316829939312172327858006199974376480795751