1	1	1	1.000000000000000000000000000000000000000000000000000000000000000	0
1	2	2	1.000000000000000000000000000000000000000000000000000000000000000	0
1	3	3	1.000000000000000000000000000000000000000000000000000000000000000	0
2	1	2	1.000000000000000000000000000000000000000000000000000000000000000	0
2	2	1	-0.9009688679024191262361023195074450511659191621318571500535624232	-0.4338837391175581204757683328483587546099907277874598764445473035
2	2	3	-0.6234898018587335305250048840042398106322747308964021053655494391	-0.7818314824680298087084445266740577502323345187086875289806349580
2	3	2	1.3019377358048382524722046390148901023318383242637143001071248464	-0.6269801688313519187854554891682322216104420096987697851119919206
2	3	3	-0.3215520660538952780528002449893497083004364066326878052584245927	1.4088116512993817274939000158422899718427765284074573140926268786
3	1	3	1.000000000000000000000000000000000000000000000000000000000000000	0
3	2	2	0.6234898018587335305250048840042398106322747308964021053655494391	-0.3002568636605011643762821736170871750132556269563875934264295851
3	2	3	-0.1539892641849520651860925514989654299013697003390529393224635450	0.6746710485213224426418495093768440422195301736636098442216499900
3	3	1	0.6234898018587335305250048840042398106322747308964021053655494391	-0.7818314824680298087084445266740577502323345187086875289806349580
3	3	2	-0.9009688679024191262361023195074450511659191621318571500535624232	-0.4338837391175581204757683328483587546099907277874598764445473035
3	3	3	0.9009688679024191262361023195074450511659191621318571500535624232	-0.4338837391175581204757683328483587546099907277874598764445473035