1	1	1	1	1	1	1.000000000000000000000000000000000000000000000000000000000000000	0
1	1	2	2	1	2	1.000000000000000000000000000000000000000000000000000000000000000	0
1	1	3	3	1	3	1.000000000000000000000000000000000000000000000000000000000000000	0
1	2	1	2	2	2	1.000000000000000000000000000000000000000000000000000000000000000	0
1	2	2	1	2	1	1.000000000000000000000000000000000000000000000000000000000000000	0
1	2	2	3	2	3	1.000000000000000000000000000000000000000000000000000000000000000	0
1	2	3	2	2	2	1.000000000000000000000000000000000000000000000000000000000000000	0
1	2	3	3	2	3	1.000000000000000000000000000000000000000000000000000000000000000	0
1	3	1	3	3	3	1.000000000000000000000000000000000000000000000000000000000000000	0
1	3	2	2	3	2	1.000000000000000000000000000000000000000000000000000000000000000	0
1	3	2	3	3	3	1.000000000000000000000000000000000000000000000000000000000000000	0
1	3	3	1	3	1	1.000000000000000000000000000000000000000000000000000000000000000	0
1	3	3	2	3	2	1.000000000000000000000000000000000000000000000000000000000000000	0
1	3	3	3	3	3	1.000000000000000000000000000000000000000000000000000000000000000	0
2	1	1	2	2	1	1.000000000000000000000000000000000000000000000000000000000000000	0
2	1	2	1	2	2	1.000000000000000000000000000000000000000000000000000000000000000	0
2	1	2	3	2	2	1.000000000000000000000000000000000000000000000000000000000000000	0
2	1	3	2	2	3	1.000000000000000000000000000000000000000000000000000000000000000	0
2	1	3	3	2	3	1.000000000000000000000000000000000000000000000000000000000000000	0
2	2	1	1	1	2	1.000000000000000000000000000000000000000000000000000000000000000	0
2	2	1	3	3	2	1.000000000000000000000000000000000000000000000000000000000000000	0
2	2	2	2	1	1	0.554958132087371191422194871006410481067288862470910089376025968	0
2	2	2	2	1	3	0.831878279335442120923134164747591983231936792580329630814927838	0
2	2	2	2	3	1	0.831878279335442120923134164747591983231936792580329630814927838	0
2	2	2	2	3	3	-0.554958132087371191422194871006410481067288862470910089376025968	0
2	2	2	3	3	3	1.000000000000000000000000000000000000000000000000000000000000000	0
2	2	3	1	3	2	1.000000000000000000000000000000000000000000000000000000000000000	0
2	2	3	2	3	3	1.000000000000000000000000000000000000000000000000000000000000000	0
2	2	3	3	1	2	0.667114583795489220286616062027669048576950558713539814253459311	0
2	2	3	3	1	3	0.744955120854519122368064226817934855627058777742586587766147447	0
2	2	3	3	3	2	-0.744955120854519122368064226817934855627058777742586587766147447	0
2	2	3	3	3	3	0.667114583795489220286616062027669048576950558713539814253459311	0
2	3	1	2	2	3	1.000000000000000000000000000000000000000000000000000000000000000	0
2	3	1	3	3	3	1.000000000000000000000000000000000000000000000000000000000000000	0
2	3	2	1	2	2	1.000000000000000000000000000000000000000000000000000000000000000	0
2	3	2	2	3	3	1.000000000000000000000000000000000000000000000000000000000000000	0
2	3	2	3	2	2	-0.445041867912628808577805128993589518932711137529089910623974032	0
2	3	2	3	2	3	0.895509763098559552757489397452350146205352421990692323982826604	0
2	3	2	3	3	2	0.895509763098559552757489397452350146205352421990692323982826604	0
2	3	2	3	3	3	0.445041867912628808577805128993589518932711137529089910623974032	0
2	3	3	1	3	2	1.000000000000000000000000000000000000000000000000000000000000000	0
2	3	3	2	2	1	0.667114583795489220286616062027669048576950558713539814253459311	0
2	3	3	2	2	3	-0.744955120854519122368064226817934855627058777742586587766147447	0
2	3	3	2	3	1	0.744955120854519122368064226817934855627058777742586587766147447	0
2	3	3	2	3	3	0.667114583795489220286616062027669048576950558713539814253459311	0
2	3	3	3	2	2	0.801937735804838252472204639014890102331838324263714300107124846	0
2	3	3	3	2	3	0.597407622894292707144804443061589880113553101589937048620862942	0
2	3	3	3	3	2	0.597407622894292707144804443061589880113553101589937048620862942	0
2	3	3	3	3	3	-0.801937735804838252472204639014890102331838324263714300107124846	0
3	1	1	3	3	1	1.000000000000000000000000000000000000000000000000000000000000000	0
3	1	2	2	3	2	1.000000000000000000000000000000000000000000000000000000000000000	0
3	1	2	3	3	2	1.000000000000000000000000000000000000000000000000000000000000000	0
3	1	3	1	3	3	1.000000000000000000000000000000000000000000000000000000000000000	0
3	1	3	2	3	3	1.000000000000000000000000000000000000000000000000000000000000000	0
3	1	3	3	3	3	1.000000000000000000000000000000000000000000000000000000000000000	0
3	2	1	2	2	2	1.000000000000000000000000000000000000000000000000000000000000000	0
3	2	1	3	3	2	1.000000000000000000000000000000000000000000000000000000000000000	0
3	2	2	1	2	3	1.000000000000000000000000000000000000000000000000000000000000000	0
3	2	2	2	3	3	1.000000000000000000000000000000000000000000000000000000000000000	0
3	2	2	3	2	1	0.667114583795489220286616062027669048576950558713539814253459311	0
3	2	2	3	2	3	-0.744955120854519122368064226817934855627058777742586587766147447	0
3	2	2	3	3	1	0.744955120854519122368064226817934855627058777742586587766147447	0
3	2	2	3	3	3	0.667114583795489220286616062027669048576950558713539814253459311	0
3	2	3	1	3	3	1.000000000000000000000000000000000000000000000000000000000000000	0
3	2	3	2	2	2	-0.445041867912628808577805128993589518932711137529089910623974032	0
3	2	3	2	2	3	0.895509763098559552757489397452350146205352421990692323982826604	0
3	2	3	2	3	2	0.895509763098559552757489397452350146205352421990692323982826604	0
3	2	3	2	3	3	0.445041867912628808577805128993589518932711137529089910623974032	0
3	2	3	3	2	2	0.801937735804838252472204639014890102331838324263714300107124846	0
3	2	3	3	2	3	0.597407622894292707144804443061589880113553101589937048620862942	0
3	2	3	3	3	2	0.597407622894292707144804443061589880113553101589937048620862942	0
3	2	3	3	3	3	-0.801937735804838252472204639014890102331838324263714300107124846	0
3	3	1	1	1	3	1.000000000000000000000000000000000000000000000000000000000000000	0
3	3	1	2	2	3	1.000000000000000000000000000000000000000000000000000000000000000	0
3	3	1	3	3	3	1.000000000000000000000000000000000000000000000000000000000000000	0
3	3	2	1	2	3	1.000000000000000000000000000000000000000000000000000000000000000	0
3	3	2	2	1	2	0.667114583795489220286616062027669048576950558713539814253459311	0
3	3	2	2	1	3	0.744955120854519122368064226817934855627058777742586587766147447	0
3	3	2	2	3	2	-0.744955120854519122368064226817934855627058777742586587766147447	0
3	3	2	2	3	3	0.667114583795489220286616062027669048576950558713539814253459311	0
3	3	2	3	2	2	0.801937735804838252472204639014890102331838324263714300107124846	0
3	3	2	3	2	3	0.597407622894292707144804443061589880113553101589937048620862942	0
3	3	2	3	3	2	0.597407622894292707144804443061589880113553101589937048620862942	0
3	3	2	3	3	3	-0.801937735804838252472204639014890102331838324263714300107124846	0
3	3	3	1	3	3	1.000000000000000000000000000000000000000000000000000000000000000	0
3	3	3	2	2	2	0.801937735804838252472204639014890102331838324263714300107124846	0
3	3	3	2	2	3	0.597407622894292707144804443061589880113553101589937048620862942	0
3	3	3	2	3	2	0.597407622894292707144804443061589880113553101589937048620862942	0
3	3	3	2	3	3	-0.801937735804838252472204639014890102331838324263714300107124846	0
3	3	3	3	1	1	0.445041867912628808577805128993589518932711137529089910623974032	0
3	3	3	3	1	2	0.597407622894292707144804443061589880113553101589937048620862942	0
3	3	3	3	1	3	0.667114583795489220286616062027669048576950558713539814253459311	0
3	3	3	3	2	1	0.597407622894292707144804443061589880113553101589937048620862942	0
3	3	3	3	2	2	0.356895867892209443894399510021300583399127186734624389483150815	0
3	3	3	3	2	3	-0.718143071810385942304996690256957060270471493544209967833977679	0
3	3	3	3	3	1	0.667114583795489220286616062027669048576950558713539814253459311	0
3	3	3	3	3	2	-0.718143071810385942304996690256957060270471493544209967833977679	0
3	3	3	3	3	3	0.198062264195161747527795360985109897668161675736285699892875154	0