1	1	1	1.000000000000000000000000000000000000000000000000000000000000000	0
1	2	2	1.000000000000000000000000000000000000000000000000000000000000000	0
1	3	3	1.000000000000000000000000000000000000000000000000000000000000000	0
1	4	4	1.000000000000000000000000000000000000000000000000000000000000000	0
1	5	5	1.000000000000000000000000000000000000000000000000000000000000000	0
2	1	2	1.000000000000000000000000000000000000000000000000000000000000000	0
2	2	1	1.000000000000000000000000000000000000000000000000000000000000000	0
2	3	4	0.	1.0000000000000000000000000000000000000000000000000000000000000000
2	4	3	0.	-1.0000000000000000000000000000000000000000000000000000000000000000
2	5	5	-1.000000000000000000000000000000000000000000000000000000000000000	0
3	1	3	1.000000000000000000000000000000000000000000000000000000000000000	0
3	2	4	0.	1.0000000000000000000000000000000000000000000000000000000000000000
3	3	1	-0.7071067811865475244008443621048490392848359376884740365883398690	-0.7071067811865475244008443621048490392848359376884740365883398690
3	3	5	-0.2588190451025207623488988376240483283490689013199305138140032073	0.9659258262890682867497431997288973676339048390084045504023430763
3	4	2	-0.7071067811865475244008443621048490392848359376884740365883398690	0.7071067811865475244008443621048490392848359376884740365883398690
3	4	5	-0.9659258262890682867497431997288973676339048390084045504023430763	-0.2588190451025207623488988376240483283490689013199305138140032073
3	5	3	-0.5000000000000000000000000000000000000000000000000000000000000000	0.8660254037844386467637231707529361834714026269051903140279034897
3	5	4	-0.8660254037844386467637231707529361834714026269051903140279034897	-0.5000000000000000000000000000000000000000000000000000000000000000
4	1	4	1.000000000000000000000000000000000000000000000000000000000000000	0
4	2	3	0.	-1.0000000000000000000000000000000000000000000000000000000000000000
4	3	2	-0.7071067811865475244008443621048490392848359376884740365883398690	0.7071067811865475244008443621048490392848359376884740365883398690
4	3	5	-0.9659258262890682867497431997288973676339048390084045504023430763	-0.2588190451025207623488988376240483283490689013199305138140032073
4	4	1	0.7071067811865475244008443621048490392848359376884740365883398690	0.7071067811865475244008443621048490392848359376884740365883398690
4	4	5	0.2588190451025207623488988376240483283490689013199305138140032073	-0.9659258262890682867497431997288973676339048390084045504023430763
4	5	3	0.8660254037844386467637231707529361834714026269051903140279034897	0.5000000000000000000000000000000000000000000000000000000000000000
4	5	4	-0.5000000000000000000000000000000000000000000000000000000000000000	0.8660254037844386467637231707529361834714026269051903140279034897
5	1	5	1.000000000000000000000000000000000000000000000000000000000000000	0
5	2	5	-1.000000000000000000000000000000000000000000000000000000000000000	0
5	3	3	-0.5000000000000000000000000000000000000000000000000000000000000000	0.8660254037844386467637231707529361834714026269051903140279034897
5	3	4	-0.8660254037844386467637231707529361834714026269051903140279034897	-0.5000000000000000000000000000000000000000000000000000000000000000
5	4	3	0.8660254037844386467637231707529361834714026269051903140279034897	0.5000000000000000000000000000000000000000000000000000000000000000
5	4	4	-0.5000000000000000000000000000000000000000000000000000000000000000	0.8660254037844386467637231707529361834714026269051903140279034897
5	5	1	-0.5000000000000000000000000000000000000000000000000000000000000000	-0.8660254037844386467637231707529361834714026269051903140279034897
5	5	2	0.5000000000000000000000000000000000000000000000000000000000000000	0.8660254037844386467637231707529361834714026269051903140279034897
5	5	5	-0.5000000000000000000000000000000000000000000000000000000000000000	0.8660254037844386467637231707529361834714026269051903140279034897