1	1	1	1.000000000000000000000000000000000000000000000000000000000000000	0
1	2	2	1.000000000000000000000000000000000000000000000000000000000000000	0
1	3	3	1.000000000000000000000000000000000000000000000000000000000000000	0
1	4	4	1.000000000000000000000000000000000000000000000000000000000000000	0
1	5	5	1.000000000000000000000000000000000000000000000000000000000000000	0
1	6	6	1.000000000000000000000000000000000000000000000000000000000000000	0
2	1	2	1.000000000000000000000000000000000000000000000000000000000000000	0
2	2	1	-0.8090169943749474241022934171828190588601545899028814310677243114	0.5877852522924731291687059546390727685976524376431459910722724808
2	2	2	-0.3090169943749474241022934171828190588601545899028814310677243114	-0.9510565162951535721164393333793821434056986341257502224473056444
2	3	5	1.000000000000000000000000000000000000000000000000000000000000000	0
2	4	6	1.000000000000000000000000000000000000000000000000000000000000000	0
2	5	3	-0.8090169943749474241022934171828190588601545899028814310677243114	0.5877852522924731291687059546390727685976524376431459910722724808
2	5	5	-0.3090169943749474241022934171828190588601545899028814310677243114	-0.9510565162951535721164393333793821434056986341257502224473056444
2	6	4	-0.8090169943749474241022934171828190588601545899028814310677243114	0.5877852522924731291687059546390727685976524376431459910722724808
2	6	6	-0.3090169943749474241022934171828190588601545899028814310677243114	-0.9510565162951535721164393333793821434056986341257502224473056444
3	1	3	1.000000000000000000000000000000000000000000000000000000000000000	0
3	2	5	1.000000000000000000000000000000000000000000000000000000000000000	0
3	3	1	-0.2225209339563144042889025644967947594663555687645449553119870159	0.9749279121818236070181316829939312172327858006199974376480795751
3	3	4	0.9009688679024191262361023195074450511659191621318571500535624232	0.4338837391175581204757683328483587546099907277874598764445473035
3	4	3	-0.0549581320873711914221948710064104810672888624709100893760259682	-0.2407873094037643221660811765284852876095394458761499677771026865
3	4	4	-0.1539892641849520651860925514989654299013697003390529393224635450	-0.1930964297137937983096871563198734670004512819113099086674446170
3	5	2	-0.2225209339563144042889025644967947594663555687645449553119870159	0.9749279121818236070181316829939312172327858006199974376480795751
3	5	6	0.9009688679024191262361023195074450511659191621318571500535624232	0.4338837391175581204757683328483587546099907277874598764445473035
3	6	5	-0.0549581320873711914221948710064104810672888624709100893760259682	-0.2407873094037643221660811765284852876095394458761499677771026865
3	6	6	-0.1539892641849520651860925514989654299013697003390529393224635450	-0.1930964297137937983096871563198734670004512819113099086674446170
4	1	4	1.000000000000000000000000000000000000000000000000000000000000000	0
4	2	6	1.000000000000000000000000000000000000000000000000000000000000000	0
4	3	3	-0.9009688679024191262361023195074450511659191621318571500535624232	-3.9474025284172649519289207521843366895402313664448298097019763698
4	3	4	-2.5244586697611526567611072035116848617981938930282592554191118623	-3.1655710459492351432204762255102789393078968477361422807213414118
4	4	1	-0.9009688679024191262361023195074450511659191621318571500535624232	0.4338837391175581204757683328483587546099907277874598764445473035
4	4	3	-0.2225209339563144042889025644967947594663555687645449553119870159	0.9749279121818236070181316829939312172327858006199974376480795751
4	4	4	0.2225209339563144042889025644967947594663555687645449553119870159	0.9749279121818236070181316829939312172327858006199974376480795751
4	5	5	-0.9009688679024191262361023195074450511659191621318571500535624232	-3.9474025284172649519289207521843366895402313664448298097019763698
4	5	6	-2.5244586697611526567611072035116848617981938930282592554191118623	-3.1655710459492351432204762255102789393078968477361422807213414118
4	6	2	-0.9009688679024191262361023195074450511659191621318571500535624232	0.4338837391175581204757683328483587546099907277874598764445473035
4	6	5	-0.2225209339563144042889025644967947594663555687645449553119870159	0.9749279121818236070181316829939312172327858006199974376480795751
4	6	6	0.2225209339563144042889025644967947594663555687645449553119870159	0.9749279121818236070181316829939312172327858006199974376480795751
5	1	5	1.000000000000000000000000000000000000000000000000000000000000000	0
5	2	3	-0.8090169943749474241022934171828190588601545899028814310677243114	0.5877852522924731291687059546390727685976524376431459910722724808
5	2	5	-0.3090169943749474241022934171828190588601545899028814310677243114	-0.9510565162951535721164393333793821434056986341257502224473056444
5	3	2	-0.2225209339563144042889025644967947594663555687645449553119870159	0.9749279121818236070181316829939312172327858006199974376480795751
5	3	6	0.9009688679024191262361023195074450511659191621318571500535624232	0.4338837391175581204757683328483587546099907277874598764445473035
5	4	5	-0.0549581320873711914221948710064104810672888624709100893760259682	-0.2407873094037643221660811765284852876095394458761499677771026865
5	4	6	-0.1539892641849520651860925514989654299013697003390529393224635450	-0.1930964297137937983096871563198734670004512819113099086674446170
5	5	1	-0.3930250316539236181879675098179335770068944801040165452590286565	-0.9195277725514506383219765907863572139881260721214249256872763472
5	5	2	0.9959742939952390295817189937211678685354318247479924570006352001	-0.0896393089034334997654704368452330080111257675252145685651368345
5	5	4	-0.9839295885986296553956360939899698965200174286330743316674402392	0.1785568947986366480137183675903137598662266739011723848971647168
5	5	6	0.1342332658176554760370186415106700491221105492895839197159018331	-0.9909497617679347552486867131683644064605990801536734390500069831
5	6	3	0.1859932922445037964046476444912546340850688713119563126796740324	0.1624974458029653869882183588612065685054585442077308328268473059
5	6	4	0.2380791653330177504016949744507668597763960729093568370757741771	0.0657056746923024017709946115543093506802801099447044367573019240
5	6	5	-0.2120193428555265670200834106396456591920023160680833855770102640	0.1266756602806859064528697897178741859811495485816806791018855750
5	6	6	-0.1360603181681890827923212574179382224900304179723146553733471437	0.2061225714772844209486990933508802468320451501213947639373020013
6	1	6	1.000000000000000000000000000000000000000000000000000000000000000	0
6	2	4	-0.8090169943749474241022934171828190588601545899028814310677243114	0.5877852522924731291687059546390727685976524376431459910722724808
6	2	6	-0.3090169943749474241022934171828190588601545899028814310677243114	-0.9510565162951535721164393333793821434056986341257502224473056444
6	3	5	-0.9009688679024191262361023195074450511659191621318571500535624232	-3.9474025284172649519289207521843366895402313664448298097019763698
6	3	6	-2.5244586697611526567611072035116848617981938930282592554191118623	-3.1655710459492351432204762255102789393078968477361422807213414118
6	4	2	-0.9009688679024191262361023195074450511659191621318571500535624232	0.4338837391175581204757683328483587546099907277874598764445473035
6	4	5	-0.2225209339563144042889025644967947594663555687645449553119870159	0.9749279121818236070181316829939312172327858006199974376480795751
6	4	6	0.2225209339563144042889025644967947594663555687645449553119870159	0.9749279121818236070181316829939312172327858006199974376480795751
6	5	3	3.0491241166015025735469773322526826777847988744576679539404926783	2.6639395158005163574327093382267765086455851568292685320468153171
6	5	4	3.9030059413269649231073610862374626537788107587095904256205775971	1.0771611969667285808919474751430645959553439930939501854130359528
6	5	5	-3.4757882055066003563402886341595078343278621789778261715296997557	2.0766867777172343449685382093174657075072905915554293893652724839
6	5	6	-2.2305363404919157227292394925085713056902252116519682954046217401	3.3791181180937306219723008132070262669273207452936903144491447381
6	6	1	0.4738686624729986707083830096659750872704506698483288461472465277	-0.8805955318567379951929100621071846598465984011624156760291312186
6	6	2	0.6910626489868646759049354256591699817466594856391299474770261767	0.7227948638273915285452633514998522610902180806798900243625877849
6	6	3	-0.3930250316539236181879675098179335770068944801040165452590286565	-0.9195277725514506383219765907863572139881260721214249256872763472
6	6	4	-0.7530714660036109335328981126967543453010912629720769783754055993	-0.6579387259397126123701191819931188157209035079832691378374948608
6	6	5	0.9959742939952390295817189937211678685354318247479924570006352001	-0.0896393089034334997654704368452330080111257675252145685651368345
6	6	6	0.8584487936018661185256909553391418597075906106444769791962452732	-0.5128992774059061439084936529403118044651180119594820573115547983