1	1	1	1	1	1	1.000000000000000000000000000000000000000000000000000000000000000	0
1	1	2	2	1	2	1.000000000000000000000000000000000000000000000000000000000000000	0
1	1	3	3	1	3	1.000000000000000000000000000000000000000000000000000000000000000	0
1	2	1	2	2	2	1.000000000000000000000000000000000000000000000000000000000000000	0
1	2	2	1	2	1	1.000000000000000000000000000000000000000000000000000000000000000	0
1	2	2	3	2	3	1.000000000000000000000000000000000000000000000000000000000000000	0
1	2	3	2	2	2	1.000000000000000000000000000000000000000000000000000000000000000	0
1	2	3	3	2	3	1.000000000000000000000000000000000000000000000000000000000000000	0
1	3	1	3	3	3	1.000000000000000000000000000000000000000000000000000000000000000	0
1	3	2	2	3	2	1.000000000000000000000000000000000000000000000000000000000000000	0
1	3	2	3	3	3	1.000000000000000000000000000000000000000000000000000000000000000	0
1	3	3	1	3	1	1.000000000000000000000000000000000000000000000000000000000000000	0
1	3	3	2	3	2	1.000000000000000000000000000000000000000000000000000000000000000	0
1	3	3	3	3	3	1.000000000000000000000000000000000000000000000000000000000000000	0
2	1	1	2	2	1	1.000000000000000000000000000000000000000000000000000000000000000	0
2	1	2	1	2	2	1.000000000000000000000000000000000000000000000000000000000000000	0
2	1	2	3	2	2	1.000000000000000000000000000000000000000000000000000000000000000	0
2	1	3	2	2	3	1.000000000000000000000000000000000000000000000000000000000000000	0
2	1	3	3	2	3	1.000000000000000000000000000000000000000000000000000000000000000	0
2	2	1	1	1	2	1.000000000000000000000000000000000000000000000000000000000000000	0
2	2	1	3	3	2	1.000000000000000000000000000000000000000000000000000000000000000	0
2	2	2	2	1	1	2.246979603717467061050009768008479621264549461792804210731098878	0
2	2	2	2	1	3	-1.246979603717467061050009768008479621264549461792804210731098878	0
2	2	2	2	3	1	2.246979603717467061050009768008479621264549461792804210731098878	0
2	2	2	2	3	3	-1.554958132087371191422194871006410481067288862470910089376025968	0
2	2	2	3	3	3	0.692021471630095869627814897002069140197260599321894121355072910	0
2	2	3	1	3	2	1.000000000000000000000000000000000000000000000000000000000000000	0
2	2	3	2	3	3	0.692021471630095869627814897002069140197260599321894121355072910	0
2	2	3	3	1	2	0.692021471630095869627814897002069140197260599321894121355072910	0
2	2	3	3	1	3	-0.862936660457275321794379974004341340870028263149015968020953058	0
2	2	3	3	3	2	1.246979603717467061050009768008479621264549461792804210731098878	0
2	2	3	3	3	3	-0.862936660457275321794379974004341340870028263149015968020953058	0
2	3	1	2	2	3	1.000000000000000000000000000000000000000000000000000000000000000	0
2	3	1	3	3	3	1.000000000000000000000000000000000000000000000000000000000000000	0
2	3	2	1	2	2	1.445041867912628808577805128993589518932711137529089910623974032	0
2	3	2	2	3	3	1.000000000000000000000000000000000000000000000000000000000000000	0
2	3	2	3	2	2	1.801937735804838252472204639014890102331838324263714300107124846	0
2	3	2	3	2	3	1.000000000000000000000000000000000000000000000000000000000000000	0
2	3	2	3	3	2	-0.801937735804838252472204639014890102331838324263714300107124846	0
2	3	2	3	3	3	-1.246979603717467061050009768008479621264549461792804210731098878	0
2	3	3	1	3	2	1.445041867912628808577805128993589518932711137529089910623974032	0
2	3	3	2	2	1	-1.801937735804838252472204639014890102331838324263714300107124846	0
2	3	3	2	2	3	1.801937735804838252472204639014890102331838324263714300107124846	0
2	3	3	2	3	1	-1.801937735804838252472204639014890102331838324263714300107124846	0
2	3	3	2	3	3	1.000000000000000000000000000000000000000000000000000000000000000	0
2	3	3	3	2	2	-0.801937735804838252472204639014890102331838324263714300107124846	0
2	3	3	3	2	3	1.000000000000000000000000000000000000000000000000000000000000000	0
2	3	3	3	3	2	1.000000000000000000000000000000000000000000000000000000000000000	0
2	3	3	3	3	3	0.554958132087371191422194871006410481067288862470910089376025968	0
3	1	1	3	3	1	1.000000000000000000000000000000000000000000000000000000000000000	0
3	1	2	2	3	2	1.000000000000000000000000000000000000000000000000000000000000000	0
3	1	2	3	3	2	1.000000000000000000000000000000000000000000000000000000000000000	0
3	1	3	1	3	3	1.000000000000000000000000000000000000000000000000000000000000000	0
3	1	3	2	3	3	1.000000000000000000000000000000000000000000000000000000000000000	0
3	1	3	3	3	3	1.000000000000000000000000000000000000000000000000000000000000000	0
3	2	1	2	2	2	1.000000000000000000000000000000000000000000000000000000000000000	0
3	2	1	3	3	2	1.000000000000000000000000000000000000000000000000000000000000000	0
3	2	2	1	2	3	0.692021471630095869627814897002069140197260599321894121355072910	0
3	2	2	2	3	3	0.692021471630095869627814897002069140197260599321894121355072910	0
3	2	2	3	2	1	-1.246979603717467061050009768008479621264549461792804210731098878	0
3	2	2	3	2	3	1.246979603717467061050009768008479621264549461792804210731098878	0
3	2	2	3	3	1	-1.246979603717467061050009768008479621264549461792804210731098878	0
3	2	2	3	3	3	0.692021471630095869627814897002069140197260599321894121355072910	0
3	2	3	1	3	3	0.692021471630095869627814897002069140197260599321894121355072910	0
3	2	3	2	2	2	1.246979603717467061050009768008479621264549461792804210731098878	0
3	2	3	2	2	3	0.692021471630095869627814897002069140197260599321894121355072910	0
3	2	3	2	3	2	-0.554958132087371191422194871006410481067288862470910089376025968	0
3	2	3	2	3	3	-0.862936660457275321794379974004341340870028263149015968020953058	0
3	2	3	3	2	2	-0.554958132087371191422194871006410481067288862470910089376025968	0
3	2	3	3	2	3	0.692021471630095869627814897002069140197260599321894121355072910	0
3	2	3	3	3	2	0.692021471630095869627814897002069140197260599321894121355072910	0
3	2	3	3	3	3	0.384042943260191739255629794004138280394521198643788242710145820	0
3	3	1	1	1	3	1.000000000000000000000000000000000000000000000000000000000000000	0
3	3	1	2	2	3	1.000000000000000000000000000000000000000000000000000000000000000	0
3	3	1	3	3	3	1.000000000000000000000000000000000000000000000000000000000000000	0
3	3	2	1	2	3	1.000000000000000000000000000000000000000000000000000000000000000	0
3	3	2	2	1	2	1.445041867912628808577805128993589518932711137529089910623974032	0
3	3	2	2	1	3	-1.801937735804838252472204639014890102331838324263714300107124846	0
3	3	2	2	3	2	1.801937735804838252472204639014890102331838324263714300107124846	0
3	3	2	2	3	3	-1.246979603717467061050009768008479621264549461792804210731098878	0
3	3	2	3	2	2	-0.801937735804838252472204639014890102331838324263714300107124846	0
3	3	2	3	2	3	1.000000000000000000000000000000000000000000000000000000000000000	0
3	3	2	3	3	2	1.000000000000000000000000000000000000000000000000000000000000000	0
3	3	2	3	3	3	0.554958132087371191422194871006410481067288862470910089376025968	0
3	3	3	1	3	3	1.000000000000000000000000000000000000000000000000000000000000000	0
3	3	3	2	2	2	-0.801937735804838252472204639014890102331838324263714300107124846	0
3	3	3	2	2	3	1.000000000000000000000000000000000000000000000000000000000000000	0
3	3	3	2	3	2	1.000000000000000000000000000000000000000000000000000000000000000	0
3	3	3	2	3	3	0.554958132087371191422194871006410481067288862470910089376025968	0
3	3	3	3	1	1	-1.246979603717467061050009768008479621264549461792804210731098878	0
3	3	3	3	1	2	1.000000000000000000000000000000000000000000000000000000000000000	0
3	3	3	3	1	3	1.000000000000000000000000000000000000000000000000000000000000000	0
3	3	3	3	2	1	1.000000000000000000000000000000000000000000000000000000000000000	0
3	3	3	3	2	2	1.000000000000000000000000000000000000000000000000000000000000000	0
3	3	3	3	2	3	-0.445041867912628808577805128993589518932711137529089910623974032	0
3	3	3	3	3	1	-1.246979603717467061050009768008479621264549461792804210731098878	0
3	3	3	3	3	2	0.554958132087371191422194871006410481067288862470910089376025968	0
3	3	3	3	3	3	1.554958132087371191422194871006410481067288862470910089376025968	0