1	1	1	1.000000000000000000000000000000000000000000000000000000000000000	0
1	2	2	1.000000000000000000000000000000000000000000000000000000000000000	0
1	3	3	1.000000000000000000000000000000000000000000000000000000000000000	0
1	4	4	1.000000000000000000000000000000000000000000000000000000000000000	0
2	1	2	1.000000000000000000000000000000000000000000000000000000000000000	0
2	2	1	-0.5000000000000000000000000000000000000000000000000000000000000000	0.8660254037844386467637231707529361834714026269051903140279034897
2	2	3	-0.7660444431189780352023926505554166739358324570803952458540452846	0.6427876096865393263226434099072634329075598842056817903249772547
2	3	2	-6.8511667485956812225671131330850277576802893169541843909789505576	2.4936207664831860324531096052497226300496057628307145231429064968
2	3	4	0.1736481776669303488517166267693147960003756771840693872362413781	-0.9848077530122080593667430245895230136706432517198424187900257524
2	4	3	6.8511667485956812225671131330850277576802893169541843909789505576	2.4936207664831860324531096052497226300496057628307145231429064968
2	4	4	-3.6454296846907948033106112052048796138082487256093245120346186102	-6.3140694293042488573170618497712278545329381448954320935408872435
3	1	3	1.000000000000000000000000000000000000000000000000000000000000000	0
3	2	2	-0.1288864005157204223647246986353179113544720628504886598911573197	0.0469108133894343469699893739770537644422096803514098634975622512
3	2	4	0.1736481776669303488517166267693147960003756771840693872362413781	-0.9848077530122080593667430245895230136706432517198424187900257524
3	3	1	0.7660444431189780352023926505554166739358324570803952458540452846	-0.6427876096865393263226434099072634329075598842056817903249772547
3	3	3	0.9396926207859083840541092773247314699362081342644646330902866628	-0.3420201433256687330440996146822595807630833675141606284650484977
3	3	4	-0.9396926207859083840541092773247314699362081342644646330902866628	-0.3420201433256687330440996146822595807630833675141606284650484977
3	4	2	0.7660444431189780352023926505554166739358324570803952458540452846	0.6427876096865393263226434099072634329075598842056817903249772547
3	4	3	-0.5000000000000000000000000000000000000000000000000000000000000000	0.8660254037844386467637231707529361834714026269051903140279034897
3	4	4	-0.3711135994842795776352753013646820886455279371495113401088426803	0.1350743037436668337055345674113632575030262115254591936002442431
4	1	4	1.000000000000000000000000000000000000000000000000000000000000000	0
4	2	3	0.1288864005157204223647246986353179113544720628504886598911573197	0.0469108133894343469699893739770537644422096803514098634975622512
4	2	4	-0.0685790213016288064188339759600493812906801971149532929814439825	-0.1187823492277694126030198538365868301992406248146521047621222626
4	3	2	0.7660444431189780352023926505554166739358324570803952458540452846	0.6427876096865393263226434099072634329075598842056817903249772547
4	3	3	-0.5000000000000000000000000000000000000000000000000000000000000000	0.8660254037844386467637231707529361834714026269051903140279034897
4	3	4	-2.3793852415718167681082185546494629398724162685289292661805733255	0.8660254037844386467637231707529361834714026269051903140279034897
4	4	1	-0.5000000000000000000000000000000000000000000000000000000000000000	-0.8660254037844386467637231707529361834714026269051903140279034897
4	4	2	-1.000000000000000000000000000000000000000000000000000000000000000	0
4	4	3	-0.1736481776669303488517166267693147960003756771840693872362413781	-0.9848077530122080593667430245895230136706432517198424187900257524
4	4	4	-0.5000000000000000000000000000000000000000000000000000000000000000	0.8660254037844386467637231707529361834714026269051903140279034897