1	1	1	1	1	1	1.000000000000000000000000000000000000000000000000000000000000000	0
1	1	2	2	1	2	1.000000000000000000000000000000000000000000000000000000000000000	0
1	1	3	3	1	3	1.000000000000000000000000000000000000000000000000000000000000000	0
1	1	4	4	1	4	1.000000000000000000000000000000000000000000000000000000000000000	0
1	2	1	2	2	2	1.000000000000000000000000000000000000000000000000000000000000000	0
1	2	2	3	2	3	1.000000000000000000000000000000000000000000000000000000000000000	0
1	2	3	1	2	1	1.000000000000000000000000000000000000000000000000000000000000000	0
1	2	4	4	2	4	1.000000000000000000000000000000000000000000000000000000000000000	0
1	3	1	3	3	3	1.000000000000000000000000000000000000000000000000000000000000000	0
1	3	2	1	3	1	1.000000000000000000000000000000000000000000000000000000000000000	0
1	3	3	2	3	2	1.000000000000000000000000000000000000000000000000000000000000000	0
1	3	4	4	3	4	1.000000000000000000000000000000000000000000000000000000000000000	0
1	4	1	4	4	4	1.000000000000000000000000000000000000000000000000000000000000000	0
1	4	2	4	4	4	1.000000000000000000000000000000000000000000000000000000000000000	0
1	4	3	4	4	4	1.000000000000000000000000000000000000000000000000000000000000000	0
1	4	4	1	4	1	1.000000000000000000000000000000000000000000000000000000000000000	0
1	4	4	2	4	2	1.000000000000000000000000000000000000000000000000000000000000000	0
1	4	4	3	4	3	1.000000000000000000000000000000000000000000000000000000000000000	0
2	1	1	2	2	1	1.000000000000000000000000000000000000000000000000000000000000000	0
2	1	2	3	2	2	1.000000000000000000000000000000000000000000000000000000000000000	0
2	1	3	1	2	3	1.000000000000000000000000000000000000000000000000000000000000000	0
2	1	4	4	2	4	1.000000000000000000000000000000000000000000000000000000000000000	0
2	2	1	3	3	2	1.000000000000000000000000000000000000000000000000000000000000000	0
2	2	2	1	3	3	1.000000000000000000000000000000000000000000000000000000000000000	0
2	2	3	2	3	1	-1.000000000000000000000000000000000000000000000000000000000000000	0
2	2	4	4	3	4	1.000000000000000000000000000000000000000000000000000000000000000	0
2	3	1	1	1	3	1.000000000000000000000000000000000000000000000000000000000000000	0
2	3	2	2	1	1	1.000000000000000000000000000000000000000000000000000000000000000	0
2	3	3	3	1	2	-1.000000000000000000000000000000000000000000000000000000000000000	0
2	3	4	4	1	4	-1.000000000000000000000000000000000000000000000000000000000000000	0
2	4	1	4	4	4	1.000000000000000000000000000000000000000000000000000000000000000	0
2	4	2	4	4	4	-0.5000000000000000000000000000000000000000000000000000000000000000	-0.8660254037844386467637231707529361834714026269051903140279034897
2	4	3	4	4	4	-0.5000000000000000000000000000000000000000000000000000000000000000	0.8660254037844386467637231707529361834714026269051903140279034897
2	4	4	1	4	3	1.000000000000000000000000000000000000000000000000000000000000000	0
2	4	4	2	4	1	-1.000000000000000000000000000000000000000000000000000000000000000	0
2	4	4	3	4	2	1.000000000000000000000000000000000000000000000000000000000000000	0
3	1	1	3	3	1	1.000000000000000000000000000000000000000000000000000000000000000	0
3	1	2	1	3	2	1.000000000000000000000000000000000000000000000000000000000000000	0
3	1	3	2	3	3	1.000000000000000000000000000000000000000000000000000000000000000	0
3	1	4	4	3	4	1.000000000000000000000000000000000000000000000000000000000000000	0
3	2	1	1	1	2	1.000000000000000000000000000000000000000000000000000000000000000	0
3	2	2	2	1	3	-1.000000000000000000000000000000000000000000000000000000000000000	0
3	2	3	3	1	1	1.000000000000000000000000000000000000000000000000000000000000000	0
3	2	4	4	1	4	-1.000000000000000000000000000000000000000000000000000000000000000	0
3	3	1	2	2	3	1.000000000000000000000000000000000000000000000000000000000000000	0
3	3	2	3	2	1	-1.000000000000000000000000000000000000000000000000000000000000000	0
3	3	3	1	2	2	1.000000000000000000000000000000000000000000000000000000000000000	0
3	3	4	4	2	4	1.000000000000000000000000000000000000000000000000000000000000000	0
3	4	1	4	4	4	1.000000000000000000000000000000000000000000000000000000000000000	0
3	4	2	4	4	4	-0.5000000000000000000000000000000000000000000000000000000000000000	0.8660254037844386467637231707529361834714026269051903140279034897
3	4	3	4	4	4	-0.5000000000000000000000000000000000000000000000000000000000000000	-0.8660254037844386467637231707529361834714026269051903140279034897
3	4	4	1	4	2	1.000000000000000000000000000000000000000000000000000000000000000	0
3	4	4	2	4	3	1.000000000000000000000000000000000000000000000000000000000000000	0
3	4	4	3	4	1	-1.000000000000000000000000000000000000000000000000000000000000000	0
4	1	1	4	4	1	1.000000000000000000000000000000000000000000000000000000000000000	0
4	1	2	4	4	2	1.000000000000000000000000000000000000000000000000000000000000000	0
4	1	3	4	4	3	1.000000000000000000000000000000000000000000000000000000000000000	0
4	1	4	1	4	4	1.000000000000000000000000000000000000000000000000000000000000000	0
4	1	4	2	4	4	1.000000000000000000000000000000000000000000000000000000000000000	0
4	1	4	3	4	4	1.000000000000000000000000000000000000000000000000000000000000000	0
4	2	1	4	4	2	1.000000000000000000000000000000000000000000000000000000000000000	0
4	2	2	4	4	3	1.000000000000000000000000000000000000000000000000000000000000000	0
4	2	3	4	4	1	-1.000000000000000000000000000000000000000000000000000000000000000	0
4	2	4	1	4	4	1.000000000000000000000000000000000000000000000000000000000000000	0
4	2	4	2	4	4	-0.5000000000000000000000000000000000000000000000000000000000000000	-0.8660254037844386467637231707529361834714026269051903140279034897
4	2	4	3	4	4	-0.5000000000000000000000000000000000000000000000000000000000000000	0.8660254037844386467637231707529361834714026269051903140279034897
4	3	1	4	4	3	1.000000000000000000000000000000000000000000000000000000000000000	0
4	3	2	4	4	1	-1.000000000000000000000000000000000000000000000000000000000000000	0
4	3	3	4	4	2	1.000000000000000000000000000000000000000000000000000000000000000	0
4	3	4	1	4	4	1.000000000000000000000000000000000000000000000000000000000000000	0
4	3	4	2	4	4	-0.5000000000000000000000000000000000000000000000000000000000000000	0.8660254037844386467637231707529361834714026269051903140279034897
4	3	4	3	4	4	-0.5000000000000000000000000000000000000000000000000000000000000000	-0.8660254037844386467637231707529361834714026269051903140279034897
4	4	1	1	1	4	1.000000000000000000000000000000000000000000000000000000000000000	0
4	4	1	2	2	4	1.000000000000000000000000000000000000000000000000000000000000000	0
4	4	1	3	3	4	1.000000000000000000000000000000000000000000000000000000000000000	0
4	4	2	1	3	4	1.000000000000000000000000000000000000000000000000000000000000000	0
4	4	2	2	1	4	-1.000000000000000000000000000000000000000000000000000000000000000	0
4	4	2	3	2	4	1.000000000000000000000000000000000000000000000000000000000000000	0
4	4	3	1	2	4	1.000000000000000000000000000000000000000000000000000000000000000	0
4	4	3	2	3	4	1.000000000000000000000000000000000000000000000000000000000000000	0
4	4	3	3	1	4	-1.000000000000000000000000000000000000000000000000000000000000000	0
4	4	4	4	1	1	-0.577350269189625764509148780501957455647601751270126876018602326	0
4	4	4	4	1	2	0.577350269189625764509148780501957455647601751270126876018602326	0
4	4	4	4	1	3	0.577350269189625764509148780501957455647601751270126876018602326	0
4	4	4	4	2	1	0.577350269189625764509148780501957455647601751270126876018602326	0
4	4	4	4	2	2	0.2886751345948128822545743902509787278238008756350634380093011632	-0.5000000000000000000000000000000000000000000000000000000000000000
4	4	4	4	2	3	0.2886751345948128822545743902509787278238008756350634380093011632	0.5000000000000000000000000000000000000000000000000000000000000000
4	4	4	4	3	1	0.577350269189625764509148780501957455647601751270126876018602326	0
4	4	4	4	3	2	0.2886751345948128822545743902509787278238008756350634380093011632	0.5000000000000000000000000000000000000000000000000000000000000000
4	4	4	4	3	3	0.2886751345948128822545743902509787278238008756350634380093011632	-0.5000000000000000000000000000000000000000000000000000000000000000