1	1	1	1.000000000000000000000000000000000000000000000000000000000000000	0
1	2	2	1.000000000000000000000000000000000000000000000000000000000000000	0
1	3	3	1.000000000000000000000000000000000000000000000000000000000000000	0
1	4	4	1.000000000000000000000000000000000000000000000000000000000000000	0
1	5	5	1.000000000000000000000000000000000000000000000000000000000000000	0
1	6	6	1.000000000000000000000000000000000000000000000000000000000000000	0
2	1	2	1.000000000000000000000000000000000000000000000000000000000000000	0
2	2	1	1.000000000000000000000000000000000000000000000000000000000000000	0
2	3	4	1.000000000000000000000000000000000000000000000000000000000000000	0
2	4	3	1.000000000000000000000000000000000000000000000000000000000000000	0
2	5	5	-1.000000000000000000000000000000000000000000000000000000000000000	0
2	6	6	-1.000000000000000000000000000000000000000000000000000000000000000	0
3	1	3	1.000000000000000000000000000000000000000000000000000000000000000	0
3	2	4	1.000000000000000000000000000000000000000000000000000000000000000	0
3	3	1	-0.8090169943749474241022934171828190588601545899028814310677243114	0.5877852522924731291687059546390727685976524376431459910722724808
3	3	4	-0.3090169943749474241022934171828190588601545899028814310677243114	-0.9510565162951535721164393333793821434056986341257502224473056444
3	4	2	-0.8090169943749474241022934171828190588601545899028814310677243114	0.5877852522924731291687059546390727685976524376431459910722724808
3	4	3	-0.3090169943749474241022934171828190588601545899028814310677243114	-0.9510565162951535721164393333793821434056986341257502224473056444
3	5	6	-1.000000000000000000000000000000000000000000000000000000000000000	0
3	6	5	0.8090169943749474241022934171828190588601545899028814310677243114	-0.5877852522924731291687059546390727685976524376431459910722724808
3	6	6	0.3090169943749474241022934171828190588601545899028814310677243114	0.9510565162951535721164393333793821434056986341257502224473056444
4	1	4	1.000000000000000000000000000000000000000000000000000000000000000	0
4	2	3	1.000000000000000000000000000000000000000000000000000000000000000	0
4	3	2	-0.8090169943749474241022934171828190588601545899028814310677243114	0.5877852522924731291687059546390727685976524376431459910722724808
4	3	3	-0.3090169943749474241022934171828190588601545899028814310677243114	-0.9510565162951535721164393333793821434056986341257502224473056444
4	4	1	-0.8090169943749474241022934171828190588601545899028814310677243114	0.5877852522924731291687059546390727685976524376431459910722724808
4	4	4	-0.3090169943749474241022934171828190588601545899028814310677243114	-0.9510565162951535721164393333793821434056986341257502224473056444
4	5	6	1.000000000000000000000000000000000000000000000000000000000000000	0
4	6	5	-0.8090169943749474241022934171828190588601545899028814310677243114	0.5877852522924731291687059546390727685976524376431459910722724808
4	6	6	-0.3090169943749474241022934171828190588601545899028814310677243114	-0.9510565162951535721164393333793821434056986341257502224473056444
5	1	5	1.000000000000000000000000000000000000000000000000000000000000000	0
5	2	5	-1.000000000000000000000000000000000000000000000000000000000000000	0
5	3	6	-1.000000000000000000000000000000000000000000000000000000000000000	0
5	4	6	1.000000000000000000000000000000000000000000000000000000000000000	0
5	5	1	-0.5000000000000000000000000000000000000000000000000000000000000000	-0.8660254037844386467637231707529361834714026269051903140279034897
5	5	2	0.5000000000000000000000000000000000000000000000000000000000000000	0.8660254037844386467637231707529361834714026269051903140279034897
5	5	5	-0.5000000000000000000000000000000000000000000000000000000000000000	0.8660254037844386467637231707529361834714026269051903140279034897
5	6	3	0.5000000000000000000000000000000000000000000000000000000000000000	0.8660254037844386467637231707529361834714026269051903140279034897
5	6	4	-0.5000000000000000000000000000000000000000000000000000000000000000	-0.8660254037844386467637231707529361834714026269051903140279034897
5	6	6	-0.5000000000000000000000000000000000000000000000000000000000000000	0.8660254037844386467637231707529361834714026269051903140279034897
6	1	6	1.000000000000000000000000000000000000000000000000000000000000000	0
6	2	6	-1.000000000000000000000000000000000000000000000000000000000000000	0
6	3	5	0.8090169943749474241022934171828190588601545899028814310677243114	-0.5877852522924731291687059546390727685976524376431459910722724808
6	3	6	0.3090169943749474241022934171828190588601545899028814310677243114	0.9510565162951535721164393333793821434056986341257502224473056444
6	4	5	-0.8090169943749474241022934171828190588601545899028814310677243114	0.5877852522924731291687059546390727685976524376431459910722724808
6	4	6	-0.3090169943749474241022934171828190588601545899028814310677243114	-0.9510565162951535721164393333793821434056986341257502224473056444
6	5	3	0.5000000000000000000000000000000000000000000000000000000000000000	0.8660254037844386467637231707529361834714026269051903140279034897
6	5	4	-0.5000000000000000000000000000000000000000000000000000000000000000	-0.8660254037844386467637231707529361834714026269051903140279034897
6	5	6	-0.5000000000000000000000000000000000000000000000000000000000000000	0.8660254037844386467637231707529361834714026269051903140279034897
6	6	1	0.9135454576426008955021275719853171779408104593774745450609997881	0.4067366430758002077539859903414976129231396510661734362942863528
6	6	2	-0.9135454576426008955021275719853171779408104593774745450609997881	-0.4067366430758002077539859903414976129231396510661734362942863528
6	6	3	0.6691306063588582138262733306867804735995832189597956768174533523	-0.7431448254773942350146970489742569771891138734980263860401236705
6	6	4	-0.6691306063588582138262733306867804735995832189597956768174533523	0.7431448254773942350146970489742569771891138734980263860401236705
6	6	5	-0.1045284632676534713998341548024981190806558694745931139932754767	-0.9945218953682733369226919449805703815207920887093194273665588336
6	6	6	0.9781476007338056379285667478695995324597378088626771078851776636	0.2079116908177593371017422844051251662165847606277238364071819739