1	1	1	1	1	1	1.000000000000000000000000000000000000000000000000000000000000000	0
1	1	2	2	1	2	1.000000000000000000000000000000000000000000000000000000000000000	0
1	2	1	2	2	2	1.000000000000000000000000000000000000000000000000000000000000000	0
1	2	2	1	2	1	1.000000000000000000000000000000000000000000000000000000000000000	0
1	2	2	2	2	2	1.000000000000000000000000000000000000000000000000000000000000000	0
2	1	1	2	2	1	1.000000000000000000000000000000000000000000000000000000000000000	0
2	1	2	1	2	2	1.000000000000000000000000000000000000000000000000000000000000000	0
2	1	2	2	2	2	1.000000000000000000000000000000000000000000000000000000000000000	0
2	2	1	1	1	2	1.000000000000000000000000000000000000000000000000000000000000000	0
2	2	1	2	2	2	1.000000000000000000000000000000000000000000000000000000000000000	0
2	2	2	1	2	2	1.000000000000000000000000000000000000000000000000000000000000000	0
2	2	2	2	1	1	-1.618033988749894848204586834365638117720309179805762862135448623	0
2	2	2	2	1	2	1.272019649514068964252422461737491491715608041840096248616640383	0
2	2	2	2	2	1	-1.272019649514068964252422461737491491715608041840096248616640383	0
2	2	2	2	2	2	1.618033988749894848204586834365638117720309179805762862135448623	0