1	1	1	1.000000000000000000000000000000000000000000000000000000000000000	0
1	2	2	1.000000000000000000000000000000000000000000000000000000000000000	0
1	3	3	1.000000000000000000000000000000000000000000000000000000000000000	0
2	1	2	1.000000000000000000000000000000000000000000000000000000000000000	0
2	2	1	0.6234898018587335305250048840042398106322747308964021053655494391	-0.7818314824680298087084445266740577502323345187086875289806349580
2	2	3	0.2225209339563144042889025644967947594663555687645449553119870159	0.9749279121818236070181316829939312172327858006199974376480795751
2	3	2	-0.6234898018587335305250048840042398106322747308964021053655494391	-0.7818314824680298087084445266740577502323345187086875289806349580
2	3	3	-0.9009688679024191262361023195074450511659191621318571500535624232	0.4338837391175581204757683328483587546099907277874598764445473035
3	1	3	1.000000000000000000000000000000000000000000000000000000000000000	0
3	2	2	-0.6234898018587335305250048840042398106322747308964021053655494391	-0.7818314824680298087084445266740577502323345187086875289806349580
3	2	3	-0.9009688679024191262361023195074450511659191621318571500535624232	0.4338837391175581204757683328483587546099907277874598764445473035
3	3	1	-0.2225209339563144042889025644967947594663555687645449553119870159	0.9749279121818236070181316829939312172327858006199974376480795751
3	3	2	0.6234898018587335305250048840042398106322747308964021053655494391	-0.7818314824680298087084445266740577502323345187086875289806349580
3	3	3	-0.6234898018587335305250048840042398106322747308964021053655494391	-0.7818314824680298087084445266740577502323345187086875289806349580