1	1	1	1.000000000000000000000000000000000000000000000000000000000000000	0
1	2	2	1.000000000000000000000000000000000000000000000000000000000000000	0
1	3	3	1.000000000000000000000000000000000000000000000000000000000000000	0
1	4	4	1.000000000000000000000000000000000000000000000000000000000000000	0
1	5	5	1.000000000000000000000000000000000000000000000000000000000000000	0
1	6	6	1.000000000000000000000000000000000000000000000000000000000000000	0
1	7	7	1.000000000000000000000000000000000000000000000000000000000000000	0
2	1	2	1.000000000000000000000000000000000000000000000000000000000000000	0
2	2	1	1.000000000000000000000000000000000000000000000000000000000000000	0
2	3	3	-1.000000000000000000000000000000000000000000000000000000000000000	0
2	4	4	1.000000000000000000000000000000000000000000000000000000000000000	0
2	5	5	-1.000000000000000000000000000000000000000000000000000000000000000	0
2	6	7	0.	1.0000000000000000000000000000000000000000000000000000000000000000
2	7	6	0.	1.0000000000000000000000000000000000000000000000000000000000000000
3	1	3	1.000000000000000000000000000000000000000000000000000000000000000	0
3	2	3	-1.000000000000000000000000000000000000000000000000000000000000000	0
3	3	1	-0.9009688679024191262361023195074450511659191621318571500535624232	0.4338837391175581204757683328483587546099907277874598764445473035
3	3	2	0.9009688679024191262361023195074450511659191621318571500535624232	-0.4338837391175581204757683328483587546099907277874598764445473035
3	3	5	-0.9009688679024191262361023195074450511659191621318571500535624232	-0.4338837391175581204757683328483587546099907277874598764445473035
3	4	4	-0.2225209339563144042889025644967947594663555687645449553119870159	-0.9749279121818236070181316829939312172327858006199974376480795751
3	4	5	-0.2225209339563144042889025644967947594663555687645449553119870159	0.9749279121818236070181316829939312172327858006199974376480795751
3	5	3	0.6234898018587335305250048840042398106322747308964021053655494391	-0.7818314824680298087084445266740577502323345187086875289806349580
3	5	4	0.6234898018587335305250048840042398106322747308964021053655494391	0.7818314824680298087084445266740577502323345187086875289806349580
3	6	6	-0.2225209339563144042889025644967947594663555687645449553119870159	-0.9749279121818236070181316829939312172327858006199974376480795751
3	6	7	-0.9749279121818236070181316829939312172327858006199974376480795751	0.2225209339563144042889025644967947594663555687645449553119870159
3	7	6	0.9749279121818236070181316829939312172327858006199974376480795751	-0.2225209339563144042889025644967947594663555687645449553119870159
3	7	7	0.2225209339563144042889025644967947594663555687645449553119870159	0.9749279121818236070181316829939312172327858006199974376480795751
4	1	4	1.000000000000000000000000000000000000000000000000000000000000000	0
4	2	4	1.000000000000000000000000000000000000000000000000000000000000000	0
4	3	4	-0.2225209339563144042889025644967947594663555687645449553119870159	-0.9749279121818236070181316829939312172327858006199974376480795751
4	3	5	-0.2225209339563144042889025644967947594663555687645449553119870159	0.9749279121818236070181316829939312172327858006199974376480795751
4	4	1	0.6234898018587335305250048840042398106322747308964021053655494391	-0.7818314824680298087084445266740577502323345187086875289806349580
4	4	2	-0.6234898018587335305250048840042398106322747308964021053655494391	0.7818314824680298087084445266740577502323345187086875289806349580
4	4	3	0.6234898018587335305250048840042398106322747308964021053655494391	0.7818314824680298087084445266740577502323345187086875289806349580
4	5	3	-0.9009688679024191262361023195074450511659191621318571500535624232	-0.4338837391175581204757683328483587546099907277874598764445473035
4	5	5	-0.9009688679024191262361023195074450511659191621318571500535624232	0.4338837391175581204757683328483587546099907277874598764445473035
4	6	6	-0.9009688679024191262361023195074450511659191621318571500535624232	0.4338837391175581204757683328483587546099907277874598764445473035
4	6	7	-0.4338837391175581204757683328483587546099907277874598764445473035	-0.9009688679024191262361023195074450511659191621318571500535624232
4	7	6	-0.4338837391175581204757683328483587546099907277874598764445473035	-0.9009688679024191262361023195074450511659191621318571500535624232
4	7	7	-0.9009688679024191262361023195074450511659191621318571500535624232	0.4338837391175581204757683328483587546099907277874598764445473035
5	1	5	1.000000000000000000000000000000000000000000000000000000000000000	0
5	2	5	-1.000000000000000000000000000000000000000000000000000000000000000	0
5	3	3	0.6234898018587335305250048840042398106322747308964021053655494391	-0.7818314824680298087084445266740577502323345187086875289806349580
5	3	4	0.6234898018587335305250048840042398106322747308964021053655494391	0.7818314824680298087084445266740577502323345187086875289806349580
5	4	3	-0.9009688679024191262361023195074450511659191621318571500535624232	-0.4338837391175581204757683328483587546099907277874598764445473035
5	4	5	-0.9009688679024191262361023195074450511659191621318571500535624232	0.4338837391175581204757683328483587546099907277874598764445473035
5	5	1	-0.2225209339563144042889025644967947594663555687645449553119870159	-0.9749279121818236070181316829939312172327858006199974376480795751
5	5	2	0.2225209339563144042889025644967947594663555687645449553119870159	0.9749279121818236070181316829939312172327858006199974376480795751
5	5	4	-0.2225209339563144042889025644967947594663555687645449553119870159	0.9749279121818236070181316829939312172327858006199974376480795751
5	6	6	0.6234898018587335305250048840042398106322747308964021053655494391	-0.7818314824680298087084445266740577502323345187086875289806349580
5	6	7	0.7818314824680298087084445266740577502323345187086875289806349580	0.6234898018587335305250048840042398106322747308964021053655494391
5	7	6	-0.7818314824680298087084445266740577502323345187086875289806349580	-0.6234898018587335305250048840042398106322747308964021053655494391
5	7	7	-0.6234898018587335305250048840042398106322747308964021053655494391	0.7818314824680298087084445266740577502323345187086875289806349580
6	1	6	1.000000000000000000000000000000000000000000000000000000000000000	0
6	2	7	0.	1.0000000000000000000000000000000000000000000000000000000000000000
6	3	6	-0.2225209339563144042889025644967947594663555687645449553119870159	-0.9749279121818236070181316829939312172327858006199974376480795751
6	3	7	-0.9749279121818236070181316829939312172327858006199974376480795751	0.2225209339563144042889025644967947594663555687645449553119870159
6	4	6	-0.9009688679024191262361023195074450511659191621318571500535624232	0.4338837391175581204757683328483587546099907277874598764445473035
6	4	7	-0.4338837391175581204757683328483587546099907277874598764445473035	-0.9009688679024191262361023195074450511659191621318571500535624232
6	5	6	0.6234898018587335305250048840042398106322747308964021053655494391	-0.7818314824680298087084445266740577502323345187086875289806349580
6	5	7	0.7818314824680298087084445266740577502323345187086875289806349580	0.6234898018587335305250048840042398106322747308964021053655494391
6	6	1	0.7071067811865475244008443621048490392848359376884740365883398690	-0.7071067811865475244008443621048490392848359376884740365883398690
6	6	3	0.5320320765153365635576303672303707301645839555086878851977353045	0.8467241992282841683527758162629652715100450287913638804596999862
6	6	4	-0.9438833303083675628952636071510366215206324681903163818437253743	0.3302790619551670817748776125965723703131814690300747593765437222
6	6	5	0.9937122098932425835331482419473786971526354957820732149277565022	0.1119644761033078584687059352720242032581964229674801150338625929
6	7	2	0.7071067811865475244008443621048490392848359376884740365883398690	0.7071067811865475244008443621048490392848359376884740365883398690
6	7	3	0.8467241992282841683527758162629652715100450287913638804596999862	-0.5320320765153365635576303672303707301645839555086878851977353045
6	7	4	-0.3302790619551670817748776125965723703131814690300747593765437222	-0.9438833303083675628952636071510366215206324681903163818437253743
6	7	5	0.1119644761033078584687059352720242032581964229674801150338625929	-0.9937122098932425835331482419473786971526354957820732149277565022
7	1	7	1.000000000000000000000000000000000000000000000000000000000000000	0
7	2	6	0.	1.0000000000000000000000000000000000000000000000000000000000000000
7	3	6	0.9749279121818236070181316829939312172327858006199974376480795751	-0.2225209339563144042889025644967947594663555687645449553119870159
7	3	7	0.2225209339563144042889025644967947594663555687645449553119870159	0.9749279121818236070181316829939312172327858006199974376480795751
7	4	6	-0.4338837391175581204757683328483587546099907277874598764445473035	-0.9009688679024191262361023195074450511659191621318571500535624232
7	4	7	-0.9009688679024191262361023195074450511659191621318571500535624232	0.4338837391175581204757683328483587546099907277874598764445473035
7	5	6	-0.7818314824680298087084445266740577502323345187086875289806349580	-0.6234898018587335305250048840042398106322747308964021053655494391
7	5	7	-0.6234898018587335305250048840042398106322747308964021053655494391	0.7818314824680298087084445266740577502323345187086875289806349580
7	6	2	0.7071067811865475244008443621048490392848359376884740365883398690	0.7071067811865475244008443621048490392848359376884740365883398690
7	6	3	0.8467241992282841683527758162629652715100450287913638804596999862	-0.5320320765153365635576303672303707301645839555086878851977353045
7	6	4	-0.3302790619551670817748776125965723703131814690300747593765437222	-0.9438833303083675628952636071510366215206324681903163818437253743
7	6	5	0.1119644761033078584687059352720242032581964229674801150338625929	-0.9937122098932425835331482419473786971526354957820732149277565022
7	7	1	-0.7071067811865475244008443621048490392848359376884740365883398690	0.7071067811865475244008443621048490392848359376884740365883398690
7	7	3	-0.5320320765153365635576303672303707301645839555086878851977353045	-0.8467241992282841683527758162629652715100450287913638804596999862
7	7	4	0.9438833303083675628952636071510366215206324681903163818437253743	-0.3302790619551670817748776125965723703131814690300747593765437222
7	7	5	-0.9937122098932425835331482419473786971526354957820732149277565022	-0.1119644761033078584687059352720242032581964229674801150338625929