1	1	1	1.000000000000000000000000000000000000000000000000000000000000000	0
1	2	2	1.000000000000000000000000000000000000000000000000000000000000000	0
1	3	3	1.000000000000000000000000000000000000000000000000000000000000000	0
1	4	4	1.000000000000000000000000000000000000000000000000000000000000000	0
2	1	2	1.000000000000000000000000000000000000000000000000000000000000000	0
2	2	1	-0.5000000000000000000000000000000000000000000000000000000000000000	0.8660254037844386467637231707529361834714026269051903140279034897
2	2	3	-0.1736481776669303488517166267693147960003756771840693872362413781	-0.9848077530122080593667430245895230136706432517198424187900257524
2	3	2	-0.7660444431189780352023926505554166739358324570803952458540452846	-0.6427876096865393263226434099072634329075598842056817903249772547
2	3	4	-0.9396926207859083840541092773247314699362081342644646330902866628	0.3420201433256687330440996146822595807630833675141606284650484977
2	4	3	0.7660444431189780352023926505554166739358324570803952458540452846	-0.6427876096865393263226434099072634329075598842056817903249772547
2	4	4	0.5000000000000000000000000000000000000000000000000000000000000000	0.8660254037844386467637231707529361834714026269051903140279034897
3	1	3	1.000000000000000000000000000000000000000000000000000000000000000	0
3	2	2	-0.7660444431189780352023926505554166739358324570803952458540452846	-0.6427876096865393263226434099072634329075598842056817903249772547
3	2	4	-0.9396926207859083840541092773247314699362081342644646330902866628	0.3420201433256687330440996146822595807630833675141606284650484977
3	3	1	0.1736481776669303488517166267693147960003756771840693872362413781	0.9848077530122080593667430245895230136706432517198424187900257524
3	3	3	-0.7660444431189780352023926505554166739358324570803952458540452846	-0.6427876096865393263226434099072634329075598842056817903249772547
3	3	4	0.7660444431189780352023926505554166739358324570803952458540452846	-0.6427876096865393263226434099072634329075598842056817903249772547
3	4	2	0.1736481776669303488517166267693147960003756771840693872362413781	-0.9848077530122080593667430245895230136706432517198424187900257524
3	4	3	-0.5000000000000000000000000000000000000000000000000000000000000000	0.8660254037844386467637231707529361834714026269051903140279034897
3	4	4	0.7660444431189780352023926505554166739358324570803952458540452846	0.6427876096865393263226434099072634329075598842056817903249772547
4	1	4	1.000000000000000000000000000000000000000000000000000000000000000	0
4	2	3	0.7660444431189780352023926505554166739358324570803952458540452846	-0.6427876096865393263226434099072634329075598842056817903249772547
4	2	4	0.5000000000000000000000000000000000000000000000000000000000000000	0.8660254037844386467637231707529361834714026269051903140279034897
4	3	2	0.1736481776669303488517166267693147960003756771840693872362413781	-0.9848077530122080593667430245895230136706432517198424187900257524
4	3	3	-0.5000000000000000000000000000000000000000000000000000000000000000	0.8660254037844386467637231707529361834714026269051903140279034897
4	3	4	0.7660444431189780352023926505554166739358324570803952458540452846	0.6427876096865393263226434099072634329075598842056817903249772547
4	4	1	-0.5000000000000000000000000000000000000000000000000000000000000000	-0.8660254037844386467637231707529361834714026269051903140279034897
4	4	2	-1.000000000000000000000000000000000000000000000000000000000000000	0
4	4	3	0.9396926207859083840541092773247314699362081342644646330902866628	0.3420201433256687330440996146822595807630833675141606284650484977
4	4	4	-0.5000000000000000000000000000000000000000000000000000000000000000	0.8660254037844386467637231707529361834714026269051903140279034897