1	1	1	1.000000000000000000000000000000000000000000000000000000000000000	0
1	2	2	1.000000000000000000000000000000000000000000000000000000000000000	0
1	3	3	1.000000000000000000000000000000000000000000000000000000000000000	0
1	4	4	1.000000000000000000000000000000000000000000000000000000000000000	0
1	5	5	1.000000000000000000000000000000000000000000000000000000000000000	0
1	6	6	1.000000000000000000000000000000000000000000000000000000000000000	0
2	1	2	1.000000000000000000000000000000000000000000000000000000000000000	0
2	2	1	-1.000000000000000000000000000000000000000000000000000000000000000	0
2	3	3	0.	-1.0000000000000000000000000000000000000000000000000000000000000000
2	4	5	-1.000000000000000000000000000000000000000000000000000000000000000	0
2	5	4	1.000000000000000000000000000000000000000000000000000000000000000	0
2	6	6	0.	-1.0000000000000000000000000000000000000000000000000000000000000000
3	1	3	1.000000000000000000000000000000000000000000000000000000000000000	0
3	2	3	0.	-1.0000000000000000000000000000000000000000000000000000000000000000
3	3	1	0.3826834323650897717284599840303988667613445624856270414338006356	0.9238795325112867561281831893967882868224166258636424861150977313
3	3	2	-0.9238795325112867561281831893967882868224166258636424861150977313	0.3826834323650897717284599840303988667613445624856270414338006356
3	4	6	-1.000000000000000000000000000000000000000000000000000000000000000	0
3	5	6	0.	-1.0000000000000000000000000000000000000000000000000000000000000000
3	6	4	-0.3826834323650897717284599840303988667613445624856270414338006356	-0.9238795325112867561281831893967882868224166258636424861150977313
3	6	5	-0.9238795325112867561281831893967882868224166258636424861150977313	0.3826834323650897717284599840303988667613445624856270414338006356
4	1	4	1.000000000000000000000000000000000000000000000000000000000000000	0
4	2	5	-1.000000000000000000000000000000000000000000000000000000000000000	0
4	3	6	1.000000000000000000000000000000000000000000000000000000000000000	0
4	4	1	0.8090169943749474241022934171828190588601545899028814310677243114	-0.5877852522924731291687059546390727685976524376431459910722724808
4	4	5	0.3090169943749474241022934171828190588601545899028814310677243114	0.9510565162951535721164393333793821434056986341257502224473056444
4	5	2	-0.8090169943749474241022934171828190588601545899028814310677243114	0.5877852522924731291687059546390727685976524376431459910722724808
4	5	4	-0.3090169943749474241022934171828190588601545899028814310677243114	-0.9510565162951535721164393333793821434056986341257502224473056444
4	6	3	0.8090169943749474241022934171828190588601545899028814310677243114	-0.5877852522924731291687059546390727685976524376431459910722724808
4	6	6	-0.9510565162951535721164393333793821434056986341257502224473056444	0.3090169943749474241022934171828190588601545899028814310677243114
5	1	5	1.000000000000000000000000000000000000000000000000000000000000000	0
5	2	4	1.000000000000000000000000000000000000000000000000000000000000000	0
5	3	6	0.	1.0000000000000000000000000000000000000000000000000000000000000000
5	4	2	-0.8090169943749474241022934171828190588601545899028814310677243114	0.5877852522924731291687059546390727685976524376431459910722724808
5	4	4	-0.3090169943749474241022934171828190588601545899028814310677243114	-0.9510565162951535721164393333793821434056986341257502224473056444
5	5	1	-0.8090169943749474241022934171828190588601545899028814310677243114	0.5877852522924731291687059546390727685976524376431459910722724808
5	5	5	-0.3090169943749474241022934171828190588601545899028814310677243114	-0.9510565162951535721164393333793821434056986341257502224473056444
5	6	3	0.5877852522924731291687059546390727685976524376431459910722724808	0.8090169943749474241022934171828190588601545899028814310677243114
5	6	6	-0.3090169943749474241022934171828190588601545899028814310677243114	-0.9510565162951535721164393333793821434056986341257502224473056444
6	1	6	1.000000000000000000000000000000000000000000000000000000000000000	0
6	2	6	0.	-1.0000000000000000000000000000000000000000000000000000000000000000
6	3	4	0.3826834323650897717284599840303988667613445624856270414338006356	0.9238795325112867561281831893967882868224166258636424861150977313
6	3	5	0.9238795325112867561281831893967882868224166258636424861150977313	-0.3826834323650897717284599840303988667613445624856270414338006356
6	4	3	-0.8090169943749474241022934171828190588601545899028814310677243114	0.5877852522924731291687059546390727685976524376431459910722724808
6	4	6	-0.9510565162951535721164393333793821434056986341257502224473056444	0.3090169943749474241022934171828190588601545899028814310677243114
6	5	3	-0.5877852522924731291687059546390727685976524376431459910722724808	-0.8090169943749474241022934171828190588601545899028814310677243114
6	5	6	-0.3090169943749474241022934171828190588601545899028814310677243114	-0.9510565162951535721164393333793821434056986341257502224473056444
6	6	1	-0.8526401643540922215193834581304121358172662819290003951247551212	-0.5224985647159488649878978801782938234153871915232637092518214207
6	6	2	0.5224985647159488649878978801782938234153871915232637092518214207	-0.8526401643540922215193834581304121358172662819290003951247551212
6	6	4	0.6494480483301836557263207708937628792775028121719139751875575587	0.7604059656000309381745943648449019998887470660389901388677343943
6	6	5	0.7604059656000309381745943648449019998887470660389901388677343943	-0.6494480483301836557263207708937628792775028121719139751875575587